unitTesting/processed_seabird_noalign/ORCA1_CAST0044.cnv
* Sea-Bird SBE 19 Data File:
* FileName =
* Software Version 4.234
* Temperature SN = 2835
* Conductivity SN = 2835
* System UpLoad Time = Sun Jan 30 00:10:12 2005

** Ship: ORCA
** Cruise: Mooring
** Station: Twanoh
** Latitude: 47 22.5
** Longitude: 123 0.5
# nquan = 22
# nvalues = 914                                   
# units = specified
# name 0 = scan: Scan Count
# name 1 = prSM: Pressure, Strain Gauge [db]
# name 2 = prSE: Pressure, Strain Gauge [psi]
# name 3 = f0: Frequency 0
# name 4 = f1: Frequency 1
# name 5 = t090C: Temperature [ITS-90, deg C]
# name 6 = c0S/m: Conductivity [S/m]
# name 7 = v0: Voltage 0
# name 8 = v1: Voltage 1
# name 9 = v2: Voltage 2
# name 10 = v3: Voltage 3
# name 11 = sbeox0V: Oxygen raw, SBE 43 [V]
# name 12 = wetStar: Fluorescence, WET Labs WETstar [mg/m^3]
# name 13 = depSM: Depth [salt water, m], lat = 47.28
# name 14 = sal00: Salinity, Practical [PSU]
# name 15 = sigma-t00: Density [sigma-t, Kg/m^3 ]
# name 16 = sbeox0ML/L: Oxygen, SBE 43 [ml/l]
# name 17 = sbeox0Mg/L: Oxygen, SBE 43 [mg/l]
# name 18 = sbeox0Mm/Kg: Oxygen, SBE 43 [umol/Kg]
# name 19 = oxsatML/L: Oxygen Saturation, Weiss [ml/l]
# name 20 = oxsatMg/L: Oxygen Saturation, Weiss [mg/l]
# name 21 = flag:  0.000e+00
# span 0 =          1,        914                 
# span 1 =      0.951,     29.627                 
# span 2 =      1.380,     42.970                 
# span 3 =   3092.624,   3232.726                 
# span 4 =   7477.241,   8894.858                 
# span 5 =     9.0079,    11.0716                 
# span 6 =   2.312750,   3.446934                 
# span 7 =     0.0000,     2.8303                 
# span 8 =     0.0000,     0.0073                 
# span 9 =     0.0000,     0.3126                 
# span 10 =     0.0000,     0.0098                
# span 11 =     0.0000,     2.8303                
# span 12 =    -1.1506,     4.1382                
# span 13 =      0.943,     29.378                
# span 14 =    20.7425,    30.4241                
# span 15 =    15.9783,    23.2072                
# span 16 =   -1.39861,    5.45852                
# span 17 =   -1.99875,    7.80077                
# span 18 =    -61.058,    239.916                
# span 19 =    6.35630,    7.07506                
# span 20 =    9.08378,   10.11097                
# span 21 = 0.0000e+00, 0.0000e+00                
# interval = seconds: 0.5
# start_time = Jan 31 2016 20:27:36 [DatCnv date, localtime]
# bad_flag = -9.990e-29
*END*
[from data line 527]
        528      3.500      5.076   3137.511   8353.028     9.6762   2.989947     2.7350     0.0061     0.2662     0.0085     2.7350     3.3532      3.471    26.9996    20.7626    4.97440    7.10892    217.638    6.69594    9.56916  0.000e+00
        529      3.634      5.271   3138.712   8373.253     9.6940   3.006483     2.7021     0.0073     0.2515     0.0085     2.7021     3.1053      3.604    27.1510    20.8779    4.89035    6.98880    213.936    6.68681    9.55613  0.000e+00
        530      3.723      5.400   3142.063   8386.115     9.7436   3.017019     2.6728     0.0073     0.2674     0.0085     2.6728     3.3738      3.692    27.2185    20.9230    4.81443    6.88030    210.606    6.67650    9.54139  0.000e+00
        531      3.813      5.530   3145.034   8399.747     9.7875   3.028205     2.6349     0.0073     0.2650     0.0085     2.6349     3.3325      3.781    27.2966    20.9772    4.71893    6.74383    206.418    6.66661    9.52725  0.000e+00
        532      3.992      5.789   3146.235   8425.374     9.8053   3.049282     2.6056     0.0073     0.2454     0.0085     2.6056     3.0020      3.958    27.4929    21.1274    4.64283    6.63507    203.059    6.65564    9.51158  0.000e+00
        533      4.036      5.854   3147.184   8450.530     9.8193   3.070036     2.5763     0.0073     0.2479     0.0085     2.5763     3.0433      4.003    27.6888    21.2779    4.56725    6.52705    199.724    6.64527    9.49675  0.000e+00
        534      4.171      6.049   3149.712   8464.646     9.8567   3.081709     2.5531     0.0073     0.2601     0.0085     2.5531     3.2499      4.136    27.7763    21.3404    4.50708    6.44107    197.080    6.63602    9.48354  0.000e+00
        535      4.260      6.179   3151.735   8472.281     9.8865   3.088031     2.5324     0.0073     0.2527     0.0085     2.5324     3.1259      4.224    27.8162    21.3668    4.45478    6.36633    194.788    6.62991    9.47480  0.000e+00
        536      4.349      6.308   3152.683   8477.954     9.9005   3.092732     2.5153     0.0073     0.2466     0.0085     2.5153     3.0226      4.313    27.8522    21.3927    4.41268    6.30616    192.943    6.62632    9.46967  0.000e+00
        537      4.484      6.503   3153.315   8481.863     9.9099   3.095973     2.4982     0.0073     0.2540     0.0085     2.4982     3.1466      4.446    27.8772    21.4107    4.37138    6.24714    191.133    6.62388    9.46619  0.000e+00
        538      4.618      6.697   3153.884   8482.838     9.9183   3.096781     2.4835     0.0073     0.2662     0.0085     2.4835     3.3532      4.579    27.8787    21.4106    4.33652    6.19733    189.610    6.62258    9.46433  0.000e+00
        539      4.707      6.827   3152.809   8478.533     9.9024   3.093212     2.4701     0.0061     0.2698     0.0085     2.4701     3.4152      4.668    27.8554    21.3949    4.30737    6.15566    188.337    6.62591    9.46909  0.000e+00
        540      4.797      6.957   3150.216   8475.791     9.8641   3.090940     2.4567     0.0073     0.2686     0.0085     2.4567     3.3945      4.757    27.8623    21.4062    4.27937    6.11564    187.111    6.63129    9.47678  0.000e+00
        541      4.975      7.216   3148.382   8475.593     9.8370   3.090776     2.4408     0.0073     0.2808     0.0085     2.4408     3.6011      4.934    27.8815    21.4253    4.24435    6.06560    185.576    6.63450    9.48137  0.000e+00
        542      5.065      7.346   3147.750   8476.373     9.8277   3.091422     2.4249     0.0073     0.2662     0.0085     2.4249     3.3532      5.023    27.8951    21.4374    4.20783    6.01340    183.978    6.63531    9.48253  0.000e+00
        543      5.154      7.476   3147.496   8477.153     9.8239   3.092069     2.4054     0.0073     0.2882     0.0085     2.4054     3.7250      5.111    27.9044    21.4452    4.16237    5.94845    181.989    6.63548    9.48276  0.000e+00
        544      5.289      7.670   3147.243   8478.715     9.8202   3.093364     2.3895     0.0073     0.2882     0.0098     2.3895     3.7250      5.244    27.9202    21.4581    4.12532    5.89550    180.367    6.63537    9.48260  0.000e+00
        545      5.423      7.865   3147.432   8483.797     9.8230   3.097578     2.3724     0.0073     0.2796     0.0085     2.3724     3.5804      5.377    27.9600    21.4887    4.08424    5.83678    178.565    6.63327    9.47961  0.000e+00
        546      5.557      8.060   3150.214   8495.710     9.8641   3.107468     2.3529     0.0073     0.2808     0.0085     2.3529     3.6011      5.510    28.0267    21.5343    4.03355    5.76435    176.341    6.62437    9.46689  0.000e+00
        547      5.736      8.319   3153.502   8500.782     9.9126   3.111681     2.3297     0.0061     0.2735     0.0085     2.3297     3.4771      5.688    28.0309    21.5301    3.97545    5.68131    173.802    6.61701    9.45637  0.000e+00
        548      5.825      8.449   3154.386   8506.435     9.9257   3.116382     2.3126     0.0073     0.2869     0.0098     2.3126     3.7044      5.777    28.0675    21.5566    3.93372    5.62168    171.973    6.61354    9.45141  0.000e+00
        549      5.959      8.643   3154.386   8508.772     9.9257   3.118326     2.2955     0.0073     0.2747     0.0085     2.2955     3.4978      5.910    28.0868    21.5716    3.89355    5.56428    170.214    6.61273    9.45025  0.000e+00
        550      6.093      8.838   3154.196   8518.898     9.9229   3.126757     2.2808     0.0073     0.2686     0.0098     2.2808     3.3945      6.043    28.1729    21.6391    3.85766    5.51298    168.634    6.60953    9.44568  0.000e+00
        551      6.317      9.162   3154.702   8535.816     9.9303   3.140864     2.2686     0.0073     0.2637     0.0085     2.2686     3.3119      6.264    28.3075    21.7428    3.82552    5.46705    167.212    6.60278    9.43603  0.000e+00
        552      6.451      9.357   3156.408   8544.553     9.9555   3.148160     2.2589     0.0073     0.2711     0.0085     2.2589     3.4358      6.397    28.3604    21.7801    3.79962    5.43004    166.074    6.59685    9.42756  0.000e+00
        553      6.541      9.486   3157.483   8555.606     9.9713   3.157402     2.2503     0.0073     0.2625     0.0085     2.2503     3.2912      6.486    28.4400    21.8396    3.77667    5.39724    165.061    6.59119    9.41947  0.000e+00
        554      6.675      9.681   3158.873   8571.484     9.9918   3.170698     2.2418     0.0073     0.2845     0.0085     2.2418     3.6631      6.619    28.5562    21.9269    3.75254    5.36276    163.993    6.58332    9.40822  0.000e+00
        555      6.809      9.876   3160.580   8573.416    10.0170   3.172318     2.2357     0.0073     0.2759     0.0085     2.2357     3.5185      6.752    28.5524    21.9200    3.73660    5.33997    163.297    6.57979    9.40318  0.000e+00
        556      6.943     10.070   3161.275   8574.574    10.0272   3.173289     2.2283     0.0073     0.2759     0.0098     2.2283     3.5185      6.885    28.5539    21.9196    3.71888    5.31464    162.523    6.57822    9.40094  0.000e+00
        557      7.033     10.200   3161.465   8574.765    10.0300   3.173448     2.2186     0.0073     0.2759     0.0085     2.2186     3.5185      6.974    28.5533    21.9187    3.69611    5.28211    161.528    6.57784    9.40039  0.000e+00
        558      7.212     10.459   3161.148   8577.470    10.0254   3.175717     2.2100     0.0073     0.2759     0.0085     2.2100     3.5185      7.151    28.5795    21.9398    3.67617    5.25361    160.653    6.57743    9.39981  0.000e+00
        559      7.301     10.589   3161.654   8578.434    10.0328   3.176526     2.2015     0.0073     0.2772     0.0098     2.2015     3.5391      7.240    28.5816    21.9403    3.65581    5.22452    159.763    6.57625    9.39812  0.000e+00
        560      7.390     10.719   3161.843   8579.591    10.0356   3.177496     2.1905     0.0073     0.2698     0.0085     2.1905     3.4152      7.329    28.5890    21.9456    3.63005    5.18770    158.637    6.57553    9.39710  0.000e+00
        561      7.525     10.913   3161.463   8580.554    10.0300   3.178305     2.1807     0.0073     0.2759     0.0085     2.1807     3.5185      7.462    28.6014    21.9562    3.60765    5.15569    157.656    6.57583    9.39752  0.000e+00
        562      7.703     11.173   3161.084   8593.878    10.0244   3.189494     2.1685     0.0073     0.2637     0.0085     2.1685     3.3119      7.639    28.7172    22.0472    3.57727    5.11228    156.315    6.57182    9.39179  0.000e+00
        563      7.793     11.303   3164.055   8601.977    10.0682   3.196304     2.1575     0.0073     0.2625     0.0098     2.1575     3.2912      7.728    28.7502    22.0660    3.54792    5.07034    155.029    6.56405    9.38068  0.000e+00
        564      7.927     11.497   3166.331   8604.480    10.1017   3.198410     2.1441     0.0073     0.2613     0.0085     2.1441     3.2705      7.861    28.7445    22.0563    3.51464    5.02277    153.576    6.55940    9.37404  0.000e+00
        565      8.061     11.692   3166.457   8615.842    10.1035   3.207977     2.1319     0.0073     0.2613     0.0085     2.1319     3.2705      7.994    28.8381    22.1289    3.48431    4.97943    152.240    6.55523    9.36808  0.000e+00
        566      8.151     11.822   3167.721   8621.996    10.1221   3.213165     2.1160     0.0073     0.2527     0.0085     2.1160     3.1259      8.083    28.8749    22.1546    3.44559    4.92410    150.545    6.55100    9.36203  0.000e+00
        567      8.285     12.016   3169.617   8631.030    10.1500   3.220785     2.0977     0.0073     0.2527     0.0085     2.0977     3.1259      8.216    28.9283    22.1918    3.40030    4.85937    148.561    6.54472    9.35306  0.000e+00
        568      8.419     12.211   3172.272   8644.083    10.1891   3.231812     2.0818     0.0073     0.2540     0.0085     2.0818     3.1466      8.349    29.0067    22.2465    3.35940    4.80092    146.766    6.53581    9.34032  0.000e+00
        569      8.508     12.341   3177.266   8654.626    10.2624   3.240731     2.0684     0.0073     0.2503     0.0085     2.0684     3.0846      8.437    29.0365    22.2580    3.32285    4.74869    145.167    6.52395    9.32338  0.000e+00
        570      8.643     12.535   3179.858   8655.965    10.3005   3.241863     2.0549     0.0073     0.2552     0.0085     2.0549     3.1672      8.571    29.0173    22.2369    3.28987    4.70155    143.729    6.51925    9.31667  0.000e+00
        571      8.777     12.730   3180.680   8657.303    10.3125   3.242996     2.0427     0.0073     0.2552     0.0098     2.0427     3.1672      8.704    29.0188    22.2361    3.26106    4.66038    142.471    6.51745    9.31409  0.000e+00
        572      8.911     12.924   3180.932   8658.258    10.3162   3.243805     2.0281     0.0073     0.2601     0.0085     2.0281     3.2499      8.837    29.0238    22.2394    3.22715    4.61192    140.989    6.51671    9.31303  0.000e+00
        573      9.090     13.184   3180.932   8658.447    10.3162   3.243965     2.0147     0.0073     0.2564     0.0085     2.0147     3.1879      9.014    29.0254    22.2406    3.19638    4.56794    139.644    6.51665    9.31294  0.000e+00
        574      9.179     13.314   3180.931   8659.402    10.3162   3.244774     2.0012     0.0073     0.2625     0.0085     2.0012     3.2912      9.103    29.0333    22.2468    3.16544    4.52373    138.292    6.51632    9.31247  0.000e+00
        575      9.314     13.508   3181.310   8661.506    10.3218   3.246556     1.9878     0.0073     0.2662     0.0085     1.9878     3.3532      9.236    29.0465    22.2562    3.13406    4.47889    136.920    6.51498    9.31055  0.000e+00
        576      9.403     13.638   3181.816   8663.609    10.3292   3.248338     1.9719     0.0073     0.2589     0.0085     1.9719     3.2292      9.324    29.0582    22.2641    3.09698    4.42590    135.299    6.51343    9.30834  0.000e+00
        577      9.537     13.832   3182.132   8667.243    10.3338   3.251417     1.9560     0.0061     0.2503     0.0085     1.9560     3.0846      9.458    29.0849    22.2841    3.05983    4.37280    133.673    6.51166    9.30581  0.000e+00
        578      9.671     14.027   3182.637   8671.066    10.3412   3.254659     1.9353     0.0073     0.2637     0.0085     1.9353     3.3119      9.591    29.1110    22.3033    3.01133    4.30349    131.552    6.50951    9.30274  0.000e+00
        579      9.761     14.157   3183.522   8674.888    10.3542   3.257901     1.9121     0.0073     0.2564     0.0085     1.9121     3.1879      9.679    29.1327    22.3180    2.95699    4.22583    129.176    6.50675    9.29880  0.000e+00
        580      9.895     14.351   3183.648   8677.561    10.3560   3.260169     1.8913     0.0073     0.2589     0.0085     1.8913     3.2292      9.812    29.1536    22.3340    2.90899    4.15723    127.077    6.50562    9.29719  0.000e+00
        581      9.984     14.481   3183.394   8681.953    10.3523   3.263898     1.8669     0.0073     0.2491     0.0085     1.8669     3.0639      9.901    29.1935    22.3656    2.85258    4.07662    124.609    6.50451    9.29560  0.000e+00
        582     10.074     14.611   3183.204   8684.433    10.3495   3.266005     1.8462     0.0073     0.2491     0.0085     1.8462     3.0639      9.990    29.2165    22.3841    2.80482    4.00837    122.521    6.50396    9.29482  0.000e+00
        583     10.208     14.806   3183.394   8698.169    10.3523   3.277682     1.8242     0.0061     0.2430     0.0085     1.8242     2.9606     10.123    29.3299    22.4719    2.75240    3.93345    120.220    6.49890    9.28757  0.000e+00
        584     10.298     14.935   3185.796   8705.028    10.3875   3.283519     1.8046     0.0073     0.2393     0.0098     1.8046     2.8987     10.212    29.3593    22.4890    2.70525    3.86607    118.159    6.49264    9.27862  0.000e+00
        585     10.432     15.130   3188.134   8711.500    10.4218   3.289031     1.7827     0.0061     0.2381     0.0085     1.7827     2.8780     10.345    29.3862    22.5043    2.65271    3.79099    115.863    6.48662    9.27003  0.000e+00
        586     10.476     15.195   3190.473   8717.777    10.4560   3.294382     1.7643     0.0073     0.2222     0.0085     1.7643     2.6094     10.389    29.4114    22.5184    2.60862    3.72798    113.935    6.48069    9.26155  0.000e+00
        587     10.611     15.389   3192.622   8724.050    10.4875   3.299732     1.7485     0.0061     0.2198     0.0085     1.7485     2.5681     10.522    29.4389    22.5346    2.57032    3.67324    112.261    6.47507    9.25352  0.000e+00
        588     10.700     15.519   3194.518   8729.369    10.5152   3.304272     1.7326     0.0073     0.2100     0.0098     1.7326     2.4028     10.611    29.4613    22.5474    2.53234    3.61897    110.600    6.47020    9.24656  0.000e+00
        589     10.834     15.714   3195.466   8730.506    10.5291   3.305243     1.7167     0.0061     0.2149     0.0085     1.7167     2.4855     10.744    29.4596    22.5439    2.49552    3.56635    108.993    6.46829    9.24383  0.000e+00
        590     10.924     15.843   3195.782   8731.073    10.5337   3.305727     1.7045     0.0073     0.2198     0.0085     1.7045     2.5681     10.832    29.4606    22.5439    2.46748    3.52627    107.768    6.46759    9.24283  0.000e+00
        591     11.013     15.973   3195.845   8731.450    10.5346   3.306049     1.6947     0.0073     0.2686     0.0085     1.6947     3.3945     10.921    29.4630    22.5456    2.44517    3.49439    106.794    6.46736    9.24251  0.000e+00
        592     11.147     16.168   3195.845   8731.637    10.5346   3.306209     1.6862     0.0073     0.2173     0.0085     1.6862     2.5268     11.054    29.4646    22.5468    2.42572    3.46659    105.944    6.46730    9.24242  0.000e+00
