unitTesting/processed_seabird_noalign/ORCA1_CAST0038.cnv
* Sea-Bird SBE 19 Data File:
* FileName =
* Software Version 4.234
* Temperature SN = 2835
* Conductivity SN = 2835
* System UpLoad Time = Fri Jan 28 12:07:02 2005

** Ship: ORCA
** Cruise: Mooring
** Station: Twanoh
** Latitude: 47 22.5
** Longitude: 123 0.5
# nquan = 22
# nvalues = 916                                   
# units = specified
# name 0 = scan: Scan Count
# name 1 = prSM: Pressure, Strain Gauge [db]
# name 2 = prSE: Pressure, Strain Gauge [psi]
# name 3 = f0: Frequency 0
# name 4 = f1: Frequency 1
# name 5 = t090C: Temperature [ITS-90, deg C]
# name 6 = c0S/m: Conductivity [S/m]
# name 7 = v0: Voltage 0
# name 8 = v1: Voltage 1
# name 9 = v2: Voltage 2
# name 10 = v3: Voltage 3
# name 11 = sbeox0V: Oxygen raw, SBE 43 [V]
# name 12 = wetStar: Fluorescence, WET Labs WETstar [mg/m^3]
# name 13 = depSM: Depth [salt water, m], lat = 47.28
# name 14 = sal00: Salinity, Practical [PSU]
# name 15 = sigma-t00: Density [sigma-t, Kg/m^3 ]
# name 16 = sbeox0ML/L: Oxygen, SBE 43 [ml/l]
# name 17 = sbeox0Mg/L: Oxygen, SBE 43 [mg/l]
# name 18 = sbeox0Mm/Kg: Oxygen, SBE 43 [umol/Kg]
# name 19 = oxsatML/L: Oxygen Saturation, Weiss [ml/l]
# name 20 = oxsatMg/L: Oxygen Saturation, Weiss [mg/l]
# name 21 = flag:  0.000e+00
# span 0 =          1,        916                 
# span 1 =      0.951,     29.716                 
# span 2 =      1.380,     43.100                 
# span 3 =   3134.977,   3233.163                 
# span 4 =   7715.957,   8899.936                 
# span 5 =     9.6386,    11.0780                 
# span 6 =   2.489807,   3.451355                 
# span 7 =     0.0000,     2.6557                 
# span 8 =     0.0000,     0.0073                 
# span 9 =     0.0000,     0.3150                 
# span 10 =     0.0000,     0.0098                
# span 11 =     0.0000,     2.6557                
# span 12 =    -1.1506,     4.1795                
# span 13 =      0.943,     29.467                
# span 14 =    22.0975,    30.4765                
# span 15 =    16.9499,    23.2498                
# span 16 =   -1.39672,    4.86033                
# span 17 =   -1.99605,    6.94589                
# span 18 =    -60.977,    213.437                
# span 19 =    6.35634,    6.91379                
# span 20 =    9.08384,    9.88050                
# span 21 = 0.0000e+00, 0.0000e+00                
# interval = seconds: 0.5
# start_time = Jan 31 2016 20:27:30 [DatCnv date, localtime]
# bad_flag = -9.990e-29
*END*
[from data line 856]
        857     24.659     35.765   3231.399   8888.361    11.0524   3.441281     1.1551     0.0073     0.1355     0.0085     1.1551     1.1426     24.452    30.3639    23.1589    1.19817    1.71230     52.299    6.35817    9.08647  0.000e+00
        858     24.569     35.635   3231.462   8888.174    11.0533   3.441118     1.1538     0.0073     0.1368     0.0085     1.1538     1.1633     24.363    30.3616    23.1570    1.19541    1.70835     52.179    6.35814    9.08642  0.000e+00
        859     24.480     35.505   3231.462   8888.174    11.0533   3.441118     1.1514     0.0061     0.1343     0.0085     1.1514     1.1220     24.275    30.3616    23.1570    1.18991    1.70050     51.939    6.35814    9.08642  0.000e+00
        860     24.390     35.375   3231.462   8888.174    11.0533   3.441118     1.1526     0.0073     0.1368     0.0085     1.1526     1.1633     24.186    30.3616    23.1570    1.19263    1.70439     52.058    6.35814    9.08641  0.000e+00
        861     24.301     35.245   3231.589   8887.988    11.0551   3.440956     1.1502     0.0061     0.1355     0.0085     1.1502     1.1426     24.097    30.3586    23.1543    1.18712    1.69651     51.817    6.35801    9.08623  0.000e+00
        862     24.211     35.116   3231.778   8887.801    11.0579   3.440794     1.1477     0.0073     0.1368     0.0085     1.1477     1.1633     24.008    30.3547    23.1509    1.18158    1.68860     51.575    6.35778    9.08590  0.000e+00
        863     24.077     34.921   3231.715   8887.988    11.0570   3.440956     1.1465     0.0073     0.1355     0.0085     1.1465     1.1426     23.875    30.3571    23.1529    1.17882    1.68465     51.455    6.35781    9.08595  0.000e+00
        864     23.988     34.791   3231.778   8887.615    11.0579   3.440631     1.1453     0.0073     0.1343     0.0085     1.1453     1.1220     23.787    30.3532    23.1497    1.17607    1.68073     51.335    6.35784    9.08599  0.000e+00
        865     23.898     34.661   3231.778   8887.801    11.0579   3.440794     1.1404     0.0073     0.1343     0.0085     1.1404     1.1220     23.698    30.3549    23.1510    1.16508    1.66502     50.855    6.35777    9.08589  0.000e+00
        866     23.809     34.531   3231.652   8887.615    11.0561   3.440631     1.1380     0.0073     0.1355     0.0085     1.1380     1.1426     23.609    30.3548    23.1513    1.15963    1.65722     50.617    6.35803    9.08626  0.000e+00
        867     23.719     34.402   3231.652   8887.428    11.0561   3.440469     1.1331     0.0061     0.1355     0.0085     1.1331     1.1426     23.520    30.3533    23.1500    1.14866    1.64155     50.138    6.35809    9.08635  0.000e+00
        868     23.630     34.272   3231.715   8887.241    11.0570   3.440307     1.1306     0.0061     0.1355     0.0085     1.1306     1.1426     23.432    30.3510    23.1481    1.14316    1.63369     49.898    6.35806    9.08630  0.000e+00
        869     23.540     34.142   3231.715   8887.428    11.0570   3.440469     1.1282     0.0073     0.1355     0.0085     1.1282     1.1426     23.343    30.3526    23.1494    1.13765    1.62581     49.658    6.35799    9.08621  0.000e+00
        870     23.451     34.012   3231.715   8887.241    11.0570   3.440307     1.1233     0.0061     0.1355     0.0085     1.1233     1.1426     23.254    30.3510    23.1481    1.12668    1.61014     49.179    6.35805    9.08629  0.000e+00
        871     23.361     33.882   3231.715   8886.868    11.0570   3.439982     1.1197     0.0073     0.1368     0.0085     1.1197     1.1633     23.165    30.3479    23.1457    1.11847    1.59840     48.821    6.35818    9.08647  0.000e+00
        872     23.227     33.688   3231.589   8886.682    11.0551   3.439820     1.1172     0.0073     0.1355     0.0085     1.1172     1.1426     23.032    30.3479    23.1460    1.11300    1.59059     48.582    6.35843    9.08684  0.000e+00
        873     23.137     33.558   3231.715   8886.122    11.0570   3.439333     1.1123     0.0073     0.1368     0.0085     1.1123     1.1633     22.943    30.3416    23.1408    1.10203    1.57491     48.103    6.35843    9.08683  0.000e+00
        874     23.003     33.363   3231.589   8886.308    11.0551   3.439495     1.1087     0.0073     0.1355     0.0085     1.1087     1.1426     22.810    30.3448    23.1436    1.09380    1.56315     47.744    6.35856    9.08702  0.000e+00
        875     22.914     33.233   3231.525   8885.188    11.0542   3.438522     1.1062     0.0073     0.1355     0.0085     1.1062     1.1426     22.722    30.3360    23.1370    1.08839    1.55541     47.508    6.35904    9.08770  0.000e+00
        876     22.824     33.104   3231.462   8884.815    11.0533   3.438197     1.1038     0.0073     0.1343     0.0085     1.1038     1.1220     22.633    30.3337    23.1353    1.08293    1.54761     47.270    6.35926    9.08802  0.000e+00
        877     22.735     32.974   3231.273   8884.815    11.0506   3.438197     1.1013     0.0073     0.1355     0.0085     1.1013     1.1426     22.544    30.3360    23.1375    1.07748    1.53982     47.032    6.35955    9.08843  0.000e+00
        878     22.645     32.844   3231.146   8883.882    11.0487   3.437386     1.1001     0.0073     0.1355     0.0085     1.1001     1.1426     22.455    30.3296    23.1329    1.07480    1.53600     46.915    6.36006    9.08916  0.000e+00
        879     22.556     32.714   3231.146   8884.255    11.0487   3.437710     1.0952     0.0061     0.1355     0.0085     1.0952     1.1426     22.367    30.3328    23.1354    1.06380    1.52028     46.435    6.35993    9.08897  0.000e+00
        880     22.466     32.584   3230.957   8883.695    11.0460   3.437224     1.0928     0.0073     0.1343     0.0085     1.0928     1.1220     22.278    30.3303    23.1340    1.05838    1.51253     46.199    6.36041    9.08966  0.000e+00
        881     22.377     32.455   3230.957   8883.508    11.0460   3.437061     1.0904     0.0073     0.1355     0.0085     1.0904     1.1426     22.189    30.3288    23.1327    1.05290    1.50469     45.959    6.36047    9.08975  0.000e+00
        882     22.287     32.325   3230.957   8883.508    11.0460   3.437061     1.0904     0.0061     0.1331     0.0085     1.0904     1.1013     22.100    30.3288    23.1328    1.05288    1.50467     45.959    6.36047    9.08975  0.000e+00
        883     22.198     32.195   3230.767   8883.135    11.0432   3.436737     1.0879     0.0061     0.1392     0.0085     1.0879     1.2046     22.012    30.3279    23.1326    1.04745    1.49691     45.721    6.36088    9.09034  0.000e+00
        884     22.108     32.065   3230.830   8882.575    11.0441   3.436250     1.0867     0.0073     0.1380     0.0085     1.0867     1.1839     21.923    30.3225    23.1281    1.04471    1.49300     45.602    6.36098    9.09047  0.000e+00
        885     22.019     31.935   3230.767   8882.201    11.0432   3.435925     1.0855     0.0073     0.1355     0.0085     1.0855     1.1426     21.834    30.3201    23.1265    1.04199    1.48911     45.483    6.36120    9.09079  0.000e+00
        886     21.884     31.741   3230.640   8882.015    11.0414   3.435763     1.0867     0.0061     0.1355     0.0085     1.0867     1.1426     21.701    30.3200    23.1267    1.04475    1.49306     45.604    6.36145    9.09116  0.000e+00
        887     21.840     31.676   3230.577   8881.828    11.0405   3.435601     1.0879     0.0073     0.1343     0.0085     1.0879     1.1220     21.657    30.3192    23.1263    1.04752    1.49700     45.725    6.36161    9.09138  0.000e+00
        888     21.750     31.546   3230.451   8881.081    11.0386   3.434952     1.0879     0.0061     0.1355     0.0085     1.0879     1.1426     21.568    30.3144    23.1229    1.04757    1.49709     45.727    6.36206    9.09202  0.000e+00
        889     21.661     31.416   3230.324   8880.708    11.0368   3.434627     1.0928     0.0073     0.1355     0.0085     1.0928     1.1426     21.479    30.3128    23.1219    1.05858    1.51282     46.208    6.36238    9.09248  0.000e+00
        890     21.571     31.286   3230.261   8881.081    11.0359   3.434952     1.0952     0.0061     0.1343     0.0085     1.0952     1.1220     21.390    30.3168    23.1251    1.06405    1.52063     46.446    6.36235    9.09243  0.000e+00
        891     21.482     31.157   3230.324   8880.894    11.0368   3.434789     1.0965     0.0061     0.1343     0.0085     1.0965     1.1220     21.302    30.3145    23.1232    1.06677    1.52452     46.565    6.36231    9.09238  0.000e+00
        892     21.392     31.027   3230.261   8880.334    11.0359   3.434303     1.0989     0.0073     0.1355     0.0085     1.0989     1.1426     21.213    30.3105    23.1203    1.07229    1.53241     46.806    6.36260    9.09279  0.000e+00
        893     21.347     30.962   3230.198   8880.334    11.0350   3.434303     1.1001     0.0073     0.1355     0.0085     1.1001     1.1426     21.169    30.3113    23.1210    1.07504    1.53634     46.926    6.36270    9.09293  0.000e+00
        894     21.258     30.832   3230.261   8880.334    11.0359   3.434303     1.1013     0.0073     0.1380     0.0085     1.1013     1.1839     21.080    30.3105    23.1203    1.07776    1.54022     47.045    6.36260    9.09279  0.000e+00
        895     21.124     30.637   3230.198   8880.334    11.0350   3.434303     1.1038     0.0073     0.1355     0.0085     1.1038     1.1426     20.947    30.3113    23.1211    1.08324    1.54805     47.284    6.36269    9.09293  0.000e+00
        896     21.034     30.508   3230.135   8879.960    11.0340   3.433978     1.1050     0.0073     0.1355     0.0085     1.1050     1.1426     20.858    30.3090    23.1194    1.08600    1.55200     47.405    6.36292    9.09324  0.000e+00
        897     20.945     30.378   3230.198   8879.400    11.0350   3.433491     1.1062     0.0061     0.1392     0.0085     1.1062     1.2046     20.769    30.3035    23.1150    1.08875    1.55593     47.525    6.36301    9.09338  0.000e+00
        898     20.855     30.248   3230.135   8879.400    11.0340   3.433491     1.1074     0.0073     0.1355     0.0098     1.1074     1.1426     20.681    30.3043    23.1157    1.09149    1.55985     47.645    6.36310    9.09351  0.000e+00
        899     20.766     30.118   3230.072   8879.400    11.0331   3.433491     1.1074     0.0073     0.1355     0.0085     1.1074     1.1426     20.592    30.3051    23.1165    1.09149    1.55985     47.645    6.36320    9.09365  0.000e+00
        900     20.676     29.988   3230.072   8879.027    11.0331   3.433167     1.1087     0.0061     0.1368     0.0085     1.1087     1.1633     20.503    30.3019    23.1141    1.09425    1.56379     47.765    6.36333    9.09383  0.000e+00
        901     20.587     29.859   3230.072   8879.027    11.0331   3.433167     1.1099     0.0073     0.1355     0.0085     1.1099     1.1426     20.414    30.3020    23.1141    1.09697    1.56769     47.884    6.36332    9.09383  0.000e+00
        902     20.453     29.664   3230.198   8878.466    11.0350   3.432680     1.1099     0.0073     0.1355     0.0085     1.1099     1.1426     20.281    30.2957    23.1090    1.09696    1.56766     47.884    6.36332    9.09382  0.000e+00
        903     20.318     29.469   3230.388   8878.093    11.0377   3.432355     1.1111     0.0073     0.1368     0.0085     1.1111     1.1633     20.148    30.2903    23.1043    1.09965    1.57152     48.002    6.36315    9.09358  0.000e+00
        904     20.229     29.339   3230.640   8877.906    11.0414   3.432193     1.1136     0.0073     0.1368     0.0085     1.1136     1.1633     20.059    30.2858    23.1001    1.10508    1.57926     48.238    6.36283    9.09312  0.000e+00
        905     20.139     29.210   3230.830   8877.532    11.0441   3.431868     1.1136     0.0073     0.1355     0.0085     1.1136     1.1426     19.971    30.2804    23.0954    1.10504    1.57921     48.237    6.36267    9.09288  0.000e+00
        906     20.050     29.080   3231.146   8877.159    11.0487   3.431544     1.1160     0.0061     0.1343     0.0085     1.1160     1.1220     19.882    30.2734    23.0893    1.11045    1.58695     48.474    6.36231    9.09237  0.000e+00
        907     19.960     28.950   3231.273   8876.785    11.0506   3.431219     1.1172     0.0073     0.1368     0.0085     1.1172     1.1633     19.793    30.2688    23.0853    1.11317    1.59083     48.592    6.36224    9.09228  0.000e+00
        908     19.871     28.820   3231.399   8876.972    11.0524   3.431381     1.1172     0.0061     0.1355     0.0085     1.1172     1.1426     19.705    30.2689    23.0851    1.11312    1.59075     48.590    6.36198    9.09191  0.000e+00
        909     19.737     28.626   3231.273   8877.159    11.0506   3.431544     1.1172     0.0061     0.1368     0.0085     1.1172     1.1633     19.571    30.2721    23.0879    1.11312    1.59075     48.590    6.36211    9.09209  0.000e+00
        910     19.647     28.496   3231.273   8876.972    11.0506   3.431381     1.1184     0.0073     0.1368     0.0098     1.1184     1.1633     19.483    30.2705    23.0867    1.11585    1.59467     48.710    6.36217    9.09218  0.000e+00
        911     19.558     28.366   3231.336   8876.785    11.0515   3.431219     1.1172     0.0061     0.1355     0.0085     1.1172     1.1426     19.394    30.2682    23.0847    1.11310    1.59072     48.589    6.36214    9.09213  0.000e+00
        912     19.468     28.236   3231.399   8876.038    11.0524   3.430570     1.1160     0.0073     0.1368     0.0085     1.1160     1.1633     19.305    30.2611    23.0791    1.11037    1.58683     48.470    6.36229    9.09235  0.000e+00
        913     19.379     28.106   3231.462   8876.224    11.0533   3.430732     1.1148     0.0073     0.1368     0.0085     1.1148     1.1633     19.216    30.2620    23.0796    1.10759    1.58285     48.349    6.36213    9.09212  0.000e+00
        914     19.289     27.977   3231.336   8875.851    11.0515   3.430408     1.1123     0.0073     0.1355     0.0085     1.1123     1.1426     19.128    30.2604    23.0786    1.10214    1.57507     48.111    6.36245    9.09258  0.000e+00
        915     19.200     27.847   3231.273   8875.664    11.0506   3.430245     1.1087     0.0061     0.1355     0.0085     1.1087     1.1426     19.039    30.2596    23.0782    1.09393    1.56334     47.753    6.36261    9.09280  0.000e+00
        916     19.110     27.717   3231.273   8875.664    11.0506   3.430245     1.1062     0.0073     0.1355     0.0085     1.1062     1.1426     18.950    30.2596    23.0782    1.08843    1.55548     47.513    6.36261    9.09280  0.000e+00
