unitTesting/processed_seabird_noalign/ORCA1_CAST0014.cnv
* Sea-Bird SBE 19 Data File:
* FileName =
* Software Version 4.234
* Temperature SN = 2835
* Conductivity SN = 2835
* System UpLoad Time = Sat Jan 22 11:54:09 2005

** Ship: ORCA
** Cruise: Mooring
** Station: Twanoh
** Latitude: 47 22.5
** Longitude: 123 0.5
# nquan = 22
# nvalues = 907                                   
# units = specified
# name 0 = scan: Scan Count
# name 1 = prSM: Pressure, Strain Gauge [db]
# name 2 = prSE: Pressure, Strain Gauge [psi]
# name 3 = f0: Frequency 0
# name 4 = f1: Frequency 1
# name 5 = t090C: Temperature [ITS-90, deg C]
# name 6 = c0S/m: Conductivity [S/m]
# name 7 = v0: Voltage 0
# name 8 = v1: Voltage 1
# name 9 = v2: Voltage 2
# name 10 = v3: Voltage 3
# name 11 = sbeox0V: Oxygen raw, SBE 43 [V]
# name 12 = wetStar: Fluorescence, WET Labs WETstar [mg/m^3]
# name 13 = depSM: Depth [salt water, m], lat = 47.28
# name 14 = sal00: Salinity, Practical [PSU]
# name 15 = sigma-t00: Density [sigma-t, Kg/m^3 ]
# name 16 = sbeox0ML/L: Oxygen, SBE 43 [ml/l]
# name 17 = sbeox0Mg/L: Oxygen, SBE 43 [mg/l]
# name 18 = sbeox0Mm/Kg: Oxygen, SBE 43 [umol/Kg]
# name 19 = oxsatML/L: Oxygen Saturation, Weiss [ml/l]
# name 20 = oxsatMg/L: Oxygen Saturation, Weiss [mg/l]
# name 21 = flag:  0.000e+00
# span 0 =          1,        907                 
# span 1 =      0.951,     29.627                 
# span 2 =      1.380,     42.970                 
# span 3 =   3087.042,   3233.277                 
# span 4 =   7071.961,   8907.006                 
# span 5 =     8.9244,    11.0796                 
# span 6 =   2.025051,   3.457513                 
# span 7 =     0.0000,     3.0159                 
# span 8 =     0.0000,     0.0073                 
# span 9 =     0.0000,     0.5201                 
# span 10 =     0.0000,     0.0098                
# span 11 =     0.0000,     3.0159                
# span 12 =    -1.1506,     7.6503                
# span 13 =      0.943,     29.378                
# span 14 =    17.9648,    30.5110                
# span 15 =    13.8196,    23.2713                
# span 16 =   -1.39490,    5.88668                
# span 17 =   -1.99345,    8.41266                
# span 18 =    -60.889,    259.078                
# span 19 =    6.35065,    7.21049                
# span 20 =    9.07572,   10.30451                
# span 21 = 0.0000e+00, 0.0000e+00                
# interval = seconds: 0.5
# start_time = Jan 31 2016 20:27:10 [DatCnv date, localtime]
# bad_flag = -9.990e-29
*END*
[from data line 527]
        528      3.723      5.400   3165.076   8500.992    10.0832   3.111854     2.9719     0.0073     0.4713     0.0085     2.9719     6.8239      3.692    27.9015    21.4027    5.45368    7.79386    238.458    6.59730    9.42820  0.000e+00
        529      3.858      5.595   3168.237   8573.454    10.1297   3.172347     2.9548     0.0073     0.5201     0.0085     2.9548     7.6503      3.825    28.4651    21.8343    5.38956    7.70222    235.555    6.56694    9.38482  0.000e+00
        530      3.992      5.789   3175.824   8611.285    10.2412   3.204136     2.9316     0.0061     0.4591     0.0085     2.9316     6.6174      3.958    28.6924    21.9935    5.31604    7.59715    232.305    6.54127    9.34813  0.000e+00
        531      4.126      5.984   3181.009   8632.635    10.3173   3.222138     2.8974     0.0073     0.5079     0.0098     2.8974     7.4437      4.091    28.8104    22.0731    5.22529    7.46746    228.322    6.52537    9.32541  0.000e+00
        532      4.260      6.179   3184.676   8659.297    10.3711   3.244683     2.8449     0.0061     0.5055     0.0085     2.8449     7.4024      4.224    28.9906    22.2047    5.09334    7.27889    222.527    6.51018    9.30369  0.000e+00
        533      4.394      6.373   3189.417   8683.777    10.4406   3.265444     2.7875     0.0073     0.4542     0.0085     2.7875     6.5347      4.358    29.1403    22.3099    4.95015    7.07425    216.249    6.49404    9.28063  0.000e+00
        534      4.528      6.568   3193.274   8693.891    10.4970   3.274040     2.7192     0.0073     0.4164     0.0085     2.7192     5.8943      4.491    29.1799    22.3315    4.78718    6.84136    209.125    6.48433    9.26675  0.000e+00
        535      4.618      6.697   3196.056   8710.661    10.5377   3.288313     2.6459     0.0073     0.3883     0.0085     2.6459     5.4191      4.579    29.2881    22.4090    4.61301    6.59246    201.502    6.47408    9.25211  0.000e+00
        536      4.752      6.892   3197.510   8720.363    10.5589   3.296584     2.5690     0.0073     0.4212     0.0098     2.5690     5.9769      4.712    29.3525    22.4556    4.43406    6.33671    193.676    6.46842    9.24402  0.000e+00
        537      4.886      7.087   3199.280   8736.702    10.5848   3.310534     2.4921     0.0073     0.4493     0.0085     2.4921     6.4521      4.845    29.4692    22.5421    4.25359    6.07880    185.777    6.45997    9.23194  0.000e+00
        538      5.020      7.281   3201.619   8752.821    10.6190   3.324321     2.4176     0.0073     0.3248     0.0098     2.4176     4.3448      4.978    29.5774    22.6206    4.07863    5.82877    178.122    6.45070    9.21870  0.000e+00
        539      5.110      7.411   3205.918   8780.251    10.6817   3.347844     2.3468     0.0073     0.3553     0.0085     2.3468     4.8613      5.067    29.7582    22.7508    3.90834    5.58541    170.664    6.43446    9.19549  0.000e+00
        540      5.244      7.605   3210.659   8792.518    10.7508   3.358387     2.2759     0.0073     0.3358     0.0085     2.2759     4.5308      5.200    29.8056    22.7761    3.74154    5.34703    163.376    6.42279    9.17880  0.000e+00
        541      5.378      7.800   3213.441   8798.738    10.7914   3.363738     2.2076     0.0073     0.2759     0.0085     2.2076     3.5185      5.333    29.8252    22.7845    3.58355    5.12125    156.476    6.41629    9.16952  0.000e+00
        542      5.467      7.930   3214.831   8800.432    10.8116   3.365196     2.1319     0.0073     0.2674     0.0085     2.1319     3.3738      5.422    29.8229    22.7794    3.41118    4.87492    148.950    6.41354    9.16559  0.000e+00
        543      5.602      8.124   3215.274   8802.502    10.8181   3.366978     2.0611     0.0073     0.2674     0.0085     2.0611     3.3738      5.555    29.8352    22.7878    3.25062    4.64546    141.938    6.41214    9.16359  0.000e+00
        544      5.736      8.319   3215.779   8803.442    10.8254   3.367787     1.9939     0.0073     0.3260     0.0085     1.9939     4.3655      5.688    29.8371    22.7880    3.09853    4.42810    135.297    6.41103    9.16200  0.000e+00
        545      5.825      8.449   3215.842   8804.569    10.8263   3.368758     1.9328     0.0073     0.2503     0.0085     1.9328     3.0846      5.777    29.8458    22.7947    2.96051    4.23086    129.270    6.41055    9.16131  0.000e+00
        546      5.959      8.643   3216.158   8807.204    10.8309   3.371028     1.8791     0.0073     0.2247     0.0085     1.8791     2.6508      5.910    29.8643    22.8083    2.83867    4.05675    123.948    6.40915    9.15932  0.000e+00
        547      6.093      8.838   3216.601   8813.601    10.8374   3.376542     1.8278     0.0073     0.2503     0.0085     1.8278     3.0846      6.043    29.9131    22.8452    2.72177    3.88968    118.839    6.40627    9.15521  0.000e+00
        548      6.317      9.162   3218.055   8824.318    10.8585   3.385788     1.7753     0.0073     0.2076     0.0085     1.7753     2.3615      6.264    29.9865    22.8987    2.60106    3.71717    113.563    6.40034    9.14673  0.000e+00
        549      6.407      9.292   3219.193   8822.624    10.8751   3.384325     1.7314     0.0073     0.2063     0.0085     1.7314     2.3409      6.353    29.9586    22.8742    2.50159    3.57503    109.223    6.39916    9.14503  0.000e+00
        550      6.541      9.486   3219.951   8829.574    10.8861   3.390326     1.6886     0.0073     0.1954     0.0085     1.6886     2.1549      6.486    30.0084    22.9110    2.40402    3.43558    104.959    6.39560    9.13995  0.000e+00
        551      6.630      9.616   3221.089   8831.074    10.9027   3.391622     1.6508     0.0073     0.1941     0.0098     1.6508     2.1343      6.575    30.0076    22.9075    2.31800    3.31266    101.204    6.39332    9.13670  0.000e+00
        552      6.764      9.811   3221.595   8834.827    10.9100   3.394864     1.6154     0.0073     0.2039     0.0085     1.6154     2.2995      6.708    30.0333    22.9263    2.23760    3.19776     97.692    6.39126    9.13375  0.000e+00
        553      6.898     10.005   3222.353   8839.891    10.9210   3.399243     1.5836     0.0073     0.1734     0.0085     1.5836     1.7831      6.841    30.0671    22.9507    2.16522    3.09431     94.529    6.38836    9.12960  0.000e+00
        554      6.988     10.135   3223.112   8842.515    10.9321   3.401512     1.5507     0.0073     0.1758     0.0085     1.5507     1.8244      6.930    30.0803    22.9591    2.09041    2.98740     91.262    6.38629    9.12664  0.000e+00
        555      7.122     10.330   3223.680   8843.075    10.9403   3.401996     1.5226     0.0073     0.1807     0.0085     1.5226     1.9070      7.063    30.0782    22.9561    2.02695    2.89671     88.492    6.38522    9.12512  0.000e+00
        556      7.212     10.459   3223.933   8843.635    10.9440   3.402481     1.4982     0.0073     0.1734     0.0085     1.4982     1.7831      7.151    30.0800    22.9568    1.97187    2.81800     86.087    6.38464    9.12429  0.000e+00
        557      7.346     10.654   3223.933   8844.570    10.9440   3.403290     1.4737     0.0073     0.1661     0.0085     1.4737     1.6591      7.284    30.0878    22.9629    1.91688    2.73942     83.686    6.38432    9.12383  0.000e+00
        558      7.435     10.784   3224.059   8845.505    10.9458   3.404099     1.4530     0.0073     0.1612     0.0085     1.4530     1.5765      7.373    30.0942    22.9676    1.87007    2.67252     81.642    6.38381    9.12310  0.000e+00
        559      7.569     10.978   3224.249   8845.877    10.9486   3.404421     1.4359     0.0073     0.1587     0.0085     1.4359     1.5352      7.506    30.0951    22.9678    1.83155    2.61747     79.960    6.38339    9.12250  0.000e+00
        560      7.659     11.108   3224.312   8846.999    10.9495   3.405392     1.4176     0.0061     0.1770     0.0085     1.4176     1.8450      7.595    30.1038    22.9744    1.79025    2.55844     78.157    6.38291    9.12182  0.000e+00
        561      7.793     11.303   3224.438   8847.934    10.9513   3.406201     1.4005     0.0073     0.1624     0.0085     1.4005     1.5971      7.728    30.1102    22.9790    1.75170    2.50336     76.474    6.38240    9.12109  0.000e+00
        562      7.838     11.368   3224.754   8849.806    10.9559   3.407822     1.3871     0.0073     0.1697     0.0085     1.3871     1.7211      7.772    30.1223    22.9876    1.72122    2.45979     75.142    6.38127    9.11948  0.000e+00
        563      7.972     11.562   3225.070   8850.927    10.9605   3.408793     1.3748     0.0073     0.1563     0.0085     1.3748     1.4938      7.905    30.1280    22.9913    1.69358    2.42029     73.935    6.38040    9.11823  0.000e+00
        564      8.061     11.692   3225.386   8852.424    10.9651   3.410088     1.3639     0.0073     0.1612     0.0085     1.3639     1.5765      7.994    30.1369    22.9974    1.66864    2.38466     72.846    6.37941    9.11681  0.000e+00
        565      8.195     11.886   3225.576   8854.856    10.9679   3.412196     1.3541     0.0073     0.1734     0.0085     1.3541     1.7831      8.127    30.1552    23.0112    1.64643    2.35292     71.876    6.37829    9.11521  0.000e+00
        566      8.285     12.016   3226.018   8857.663    10.9743   3.414627     1.3443     0.0073     0.1624     0.0098     1.3443     1.5971      8.216    30.1737    23.0245    1.62410    2.32100     70.900    6.37665    9.11287  0.000e+00
        567      8.419     12.211   3226.461   8859.158    10.9807   3.415923     1.3358     0.0073     0.1636     0.0085     1.3358     1.6178      8.349    30.1811    23.0291    1.60464    2.29319     70.050    6.37546    9.11117  0.000e+00
        568      8.508     12.341   3226.777   8860.091    10.9853   3.416732     1.3272     0.0061     0.1514     0.0085     1.3272     1.4112      8.437    30.1852    23.0315    1.58527    2.26550     69.204    6.37465    9.11002  0.000e+00
        569      8.598     12.470   3226.903   8861.586    10.9871   3.418027     1.3211     0.0073     0.1575     0.0085     1.3211     1.5145      8.526    30.1963    23.0399    1.57140    2.24569     68.598    6.37395    9.10901  0.000e+00
        570      8.687     12.600   3227.345   8864.390    10.9936   3.420459     1.3162     0.0061     0.1538     0.0085     1.3162     1.4525      8.615    30.2148    23.0532    1.56007    2.22949     68.103    6.37231    9.10667  0.000e+00
        571      8.777     12.730   3227.661   8864.761    10.9981   3.420781     1.3126     0.0073     0.1563     0.0085     1.3126     1.4938      8.704    30.2142    23.0519    1.55172    2.21756     67.738    6.37170    9.10580  0.000e+00
        572      8.822     12.795   3227.724   8865.881    10.9991   3.421752     1.3089     0.0073     0.1404     0.0085     1.3089     1.2253      8.748    30.2229    23.0585    1.54339    2.20566     67.374    6.37122    9.10512  0.000e+00
        573      9.045     13.119   3228.040   8869.806    11.0037   3.425158     1.3065     0.0061     0.1441     0.0085     1.3065     1.2872      8.970    30.2524    23.0807    1.53752    2.19728     67.117    6.36940    9.10251  0.000e+00
        574      9.224     13.378   3228.672   8869.242    11.0128   3.424668     1.3040     0.0073     0.1392     0.0085     1.3040     1.2046      9.147    30.2400    23.0694    1.53191    2.18926     66.873    6.36863    9.10141  0.000e+00
        575      9.314     13.508   3228.736   8871.109    11.0137   3.426289     1.3004     0.0073     0.1392     0.0085     1.3004     1.2046      9.236    30.2551    23.0810    1.52354    2.17729     66.506    6.36790    9.10036  0.000e+00
        576      9.358     13.573   3228.925   8871.481    11.0165   3.426611     1.2991     0.0073     0.1355     0.0085     1.2991     1.1426      9.280    30.2559    23.0812    1.52071    2.17325     66.383    6.36748    9.09976  0.000e+00
        577      9.537     13.832   3228.988   8872.600    11.0174   3.427582     1.2967     0.0073     0.1355     0.0085     1.2967     1.1426      9.458    30.2646    23.0878    1.51516    2.16531     66.140    6.36700    9.09908  0.000e+00
        578      9.627     13.962   3229.241   8873.905    11.0211   3.428716     1.2943     0.0073     0.1380     0.0085     1.2943     1.1839      9.546    30.2727    23.0934    1.50951    2.15723     65.893    6.36617    9.09789  0.000e+00
        579      9.761     14.157   3229.431   8874.650    11.0238   3.429362     1.2906     0.0073     0.1380     0.0085     1.2906     1.1839      9.679    30.2767    23.0961    1.50119    2.14535     65.530    6.36563    9.09712  0.000e+00
        580      9.895     14.351   3229.494   8874.648    11.0247   3.429360     1.2894     0.0073     0.1368     0.0085     1.2894     1.1633      9.812    30.2759    23.0953    1.49846    2.14145     65.411    6.36553    9.09699  0.000e+00
        581     10.029     14.546   3229.620   8874.645    11.0266   3.429358     1.2882     0.0073     0.1368     0.0085     1.2882     1.1633      9.945    30.2743    23.0937    1.49571    2.13751     65.290    6.36534    9.09671  0.000e+00
        582     10.119     14.676   3229.557   8874.829    11.0257   3.429518     1.2882     0.0073     0.1380     0.0098     1.2882     1.1839     10.034    30.2766    23.0957    1.49573    2.13755     65.291    6.36538    9.09676  0.000e+00
        583     10.298     14.935   3229.620   8875.200    11.0266   3.429840     1.2869     0.0073     0.1331     0.0085     1.2869     1.1013     10.212    30.2789    23.0973    1.49298    2.13361     65.171    6.36516    9.09645  0.000e+00
        584     10.387     15.065   3229.746   8876.505    11.0284   3.430973     1.2882     0.0073     0.1331     0.0085     1.2882     1.1013     10.300    30.2884    23.1044    1.49559    2.13735     65.285    6.36452    9.09554  0.000e+00
        585     10.521     15.260   3229.872   8876.503    11.0302   3.430971     1.2869     0.0073     0.1368     0.0098     1.2869     1.1633     10.433    30.2869    23.1029    1.49284    2.13341     65.165    6.36433    9.09527  0.000e+00
        586     10.611     15.389   3229.999   8877.808    11.0321   3.432105     1.2857     0.0073     0.1331     0.0085     1.2857     1.1013     10.522    30.2964    23.1100    1.48997    2.12932     65.039    6.36369    9.09435  0.000e+00
        587     10.790     15.649   3230.125   8877.805    11.0339   3.432102     1.2857     0.0073     0.1368     0.0098     1.2857     1.1633     10.699    30.2948    23.1084    1.48996    2.12931     65.039    6.36350    9.09408  0.000e+00
        588     10.879     15.779   3230.251   8877.802    11.0357   3.432100     1.2857     0.0073     0.1319     0.0085     1.2857     1.0806     10.788    30.2932    23.1069    1.48994    2.12928     65.038    6.36331    9.09381  0.000e+00
        589     11.013     15.973   3230.315   8878.173    11.0367   3.432422     1.2845     0.0073     0.1368     0.0085     1.2845     1.1633     10.921    30.2956    23.1085    1.48718    2.12533     64.917    6.36309    9.09349  0.000e+00
        590     11.103     16.103   3230.251   8878.918    11.0357   3.433069     1.2845     0.0073     0.1319     0.0085     1.2845     1.0806     11.010    30.3026    23.1142    1.48716    2.12530     64.916    6.36294    9.09327  0.000e+00
        591     11.237     16.298   3230.441   8879.102    11.0385   3.433229     1.2833     0.0061     0.1319     0.0085     1.2833     1.0806     11.143    30.3019    23.1131    1.48437    2.12132     64.794    6.36259    9.09277  0.000e+00
        592     11.416     16.557   3230.441   8879.473    11.0385   3.433551     1.2821     0.0073     0.1355     0.0085     1.2821     1.1426     11.320    30.3050    23.1155    1.48164    2.11741     64.675    6.36246    9.09259  0.000e+00
