unitTesting/processed_seabird_noalign/ORCA1_CAST0001.cnv
* Sea-Bird SBE 19 Data File:
* FileName =
* Software Version 4.234
* Temperature SN = 2835
* Conductivity SN = 2835
* System UpLoad Time = Wed Jan 19 10:57:11 2005

** Ship: ORCA
** Cruise: Mooring
** Station: Twanoh
** Latitude: 47 22.5
** Longitude: 123 0.5
# nquan = 22
# nvalues = 917                                   
# units = specified
# name 0 = scan: Scan Count
# name 1 = prSM: Pressure, Strain Gauge [db]
# name 2 = prSE: Pressure, Strain Gauge [psi]
# name 3 = f0: Frequency 0
# name 4 = f1: Frequency 1
# name 5 = t090C: Temperature [ITS-90, deg C]
# name 6 = c0S/m: Conductivity [S/m]
# name 7 = v0: Voltage 0
# name 8 = v1: Voltage 1
# name 9 = v2: Voltage 2
# name 10 = v3: Voltage 3
# name 11 = sbeox0V: Oxygen raw, SBE 43 [V]
# name 12 = wetStar: Fluorescence, WET Labs WETstar [mg/m^3]
# name 13 = depSM: Depth [salt water, m], lat = 47.28
# name 14 = sal00: Salinity, Practical [PSU]
# name 15 = sigma-t00: Density [sigma-t, Kg/m^3 ]
# name 16 = sbeox0ML/L: Oxygen, SBE 43 [ml/l]
# name 17 = sbeox0Mg/L: Oxygen, SBE 43 [mg/l]
# name 18 = sbeox0Mm/Kg: Oxygen, SBE 43 [umol/Kg]
# name 19 = oxsatML/L: Oxygen Saturation, Weiss [ml/l]
# name 20 = oxsatMg/L: Oxygen Saturation, Weiss [mg/l]
# name 21 = flag:  0.000e+00
# span 0 =          1,        917                 
# span 1 =      0.906,     29.716                 
# span 2 =      1.315,     43.100                 
# span 3 =   2992.137,   3235.140                 
# span 4 =   7370.708,   8922.056                 
# span 5 =     7.4867,    11.1066                 
# span 6 =   2.235559,   3.470640                 
# span 7 =     0.0000,     3.0159                 
# span 8 =     0.0000,     0.0073                 
# span 9 =     0.0000,     0.7143                 
# span 10 =     0.0000,     0.0098                
# span 11 =     0.0000,     3.0159                
# span 12 =    -1.1506,    10.9352                
# span 13 =      0.899,     29.467                
# span 14 =    20.6034,    30.6355                
# span 15 =    16.0002,    23.3672                
# span 16 =   -1.39571,    6.08532                
# span 17 =   -1.99461,    8.69654                
# span 18 =    -60.929,    267.142                
# span 19 =    6.34500,    7.26323                
# span 20 =    9.06764,   10.37988                
# span 21 = 0.0000e+00, 0.0000e+00                
# interval = seconds: 0.5
# start_time = Jan 31 2016 20:26:58 [DatCnv date, localtime]
# bad_flag = -9.990e-29
*END*
[from data line 659]
        660     18.663     27.068   3231.764   8887.987    11.0577   3.440953     1.2527     0.0073     0.1319     0.0085     1.2527     1.0806     18.507    30.3587    23.1540    1.41626    2.02398     61.819    6.35765    9.08572  0.000e+00
        661     18.797     27.263   3231.575   8888.921    11.0549   3.441766     1.2552     0.0073     0.1319     0.0085     1.2552     1.0806     18.640    30.3688    23.1624    1.42176    2.03183     62.058    6.35762    9.08568  0.000e+00
        662     18.931     27.458   3231.575   8888.177    11.0549   3.441118     1.2552     0.0061     0.1282     0.0085     1.2552     1.0187     18.773    30.3625    23.1574    1.42184    2.03195     62.062    6.35788    9.08604  0.000e+00
        663     19.021     27.587   3231.701   8888.738    11.0568   3.441607     1.2576     0.0061     0.1306     0.0085     1.2576     1.0600     18.862    30.3657    23.1596    1.42725    2.03969     62.298    6.35749    9.08550  0.000e+00
        664     19.155     27.782   3231.701   8889.113    11.0568   3.441933     1.2589     0.0073     0.1380     0.0085     1.2589     1.1839     18.995    30.3688    23.1620    1.42999    2.04360     62.418    6.35737    9.08532  0.000e+00
        665     19.244     27.912   3231.764   8889.488    11.0577   3.442259     1.2601     0.0073     0.1306     0.0085     1.2601     1.0600     19.083    30.3712    23.1637    1.43270    2.04747     62.536    6.35715    9.08500  0.000e+00
        666     19.379     28.106   3231.701   8890.049    11.0568   3.442747     1.2613     0.0073     0.1294     0.0085     1.2613     1.0393     19.216    30.3767    23.1681    1.43544    2.05139     62.655    6.35705    9.08486  0.000e+00
        667     19.468     28.236   3231.764   8891.170    11.0577   3.443722     1.2613     0.0061     0.1306     0.0085     1.2613     1.0600     19.305    30.3855    23.1748    1.43535    2.05126     62.651    6.35658    9.08418  0.000e+00
        668     19.602     28.431   3231.828   8890.799    11.0586   3.443399     1.2625     0.0073     0.1319     0.0085     1.2625     1.0806     19.438    30.3815    23.1715    1.43813    2.05523     62.772    6.35661    9.08423  0.000e+00
        669     19.692     28.561   3231.828   8892.293    11.0586   3.444699     1.2637     0.0073     0.1294     0.0085     1.2637     1.0393     19.527    30.3942    23.1814    1.44077    2.05900     62.887    6.35610    9.08350  0.000e+00
        670     19.826     28.755   3231.764   8892.481    11.0577   3.444863     1.2650     0.0073     0.1331     0.0085     1.2650     1.1013     19.660    30.3965    23.1833    1.44354    2.06296     63.008    6.35613    9.08355  0.000e+00
        671     19.960     28.950   3231.891   8892.296    11.0595   3.444702     1.2674     0.0073     0.1319     0.0098     1.2674     1.0806     19.793    30.3933    23.1806    1.44902    2.07079     63.247    6.35601    9.08337  0.000e+00
        672     20.050     29.080   3231.828   8893.044    11.0586   3.445353     1.2686     0.0073     0.1331     0.0085     1.2686     1.1013     19.882    30.4004    23.1863    1.45174    2.07468     63.365    6.35585    9.08314  0.000e+00
        673     20.139     29.210   3231.828   8893.978    11.0586   3.446166     1.2698     0.0061     0.1404     0.0085     1.2698     1.2253     19.971    30.4083    23.1924    1.45442    2.07851     63.482    6.35553    9.08269  0.000e+00
        674     20.274     29.404   3231.891   8894.539    11.0595   3.446654     1.2711     0.0073     0.1319     0.0085     1.2711     1.0806     20.104    30.4123    23.1953    1.45712    2.08237     63.600    6.35525    9.08228  0.000e+00
        675     20.408     29.599   3231.828   8894.168    11.0586   3.446331     1.2747     0.0073     0.1306     0.0085     1.2747     1.0600     20.237    30.4098    23.1936    1.46542    2.09423     63.962    6.35547    9.08260  0.000e+00
        676     20.587     29.859   3231.828   8894.356    11.0586   3.446495     1.2747     0.0073     0.1319     0.0085     1.2747     1.0806     20.414    30.4114    23.1948    1.46544    2.09426     63.963    6.35541    9.08252  0.000e+00
        677     20.676     29.988   3231.828   8894.917    11.0586   3.446983     1.2759     0.0073     0.1306     0.0085     1.2759     1.0600     20.503    30.4161    23.1985    1.46815    2.09813     64.081    6.35522    9.08224  0.000e+00
        678     20.766     30.118   3231.954   8894.173    11.0604   3.446336     1.2784     0.0061     0.1319     0.0085     1.2784     1.0806     20.592    30.4082    23.1920    1.47367    2.10602     64.322    6.35528    9.08233  0.000e+00
        679     20.900     30.313   3231.828   8895.667    11.0586   3.447635     1.2796     0.0073     0.1319     0.0085     1.2796     1.0806     20.725    30.4224    23.2034    1.47635    2.10986     64.439    6.35497    9.08188  0.000e+00
        680     20.990     30.443   3231.891   8896.228    11.0595   3.448124     1.2833     0.0073     0.1306     0.0085     1.2833     1.0600     20.814    30.4264    23.2063    1.48452    2.12153     64.795    6.35468    9.08147  0.000e+00
        681     21.124     30.637   3231.891   8895.857    11.0595   3.447801     1.2857     0.0073     0.1306     0.0098     1.2857     1.0600     20.947    30.4232    23.2038    1.49006    2.12944     65.037    6.35481    9.08166  0.000e+00
        682     21.258     30.832   3232.018   8896.604    11.0614   3.448451     1.2882     0.0073     0.1331     0.0085     1.2882     1.1013     21.080    30.4280    23.2072    1.49546    2.13717     65.273    6.35436    9.08102  0.000e+00
        683     21.347     30.962   3232.081   8896.792    11.0623   3.448615     1.2906     0.0073     0.1319     0.0085     1.2906     1.0806     21.169    30.4288    23.2077    1.50092    2.14497     65.511    6.35420    9.08079  0.000e+00
        684     21.437     31.092   3232.081   8897.167    11.0623   3.448941     1.2930     0.0073     0.1331     0.0085     1.2930     1.1013     21.257    30.4319    23.2101    1.50639    2.15278     65.749    6.35408    9.08061  0.000e+00
        685     21.526     31.221   3232.081   8896.982    11.0623   3.448780     1.2955     0.0073     0.1306     0.0085     1.2955     1.0600     21.346    30.4303    23.2089    1.51190    2.16066     65.990    6.35414    9.08071  0.000e+00
        686     21.661     31.416   3232.270   8897.170    11.0650   3.448944     1.2991     0.0073     0.1294     0.0098     1.2991     1.0393     21.479    30.4296    23.2078    1.52007    2.17233     66.346    6.35379    9.08020  0.000e+00
        687     21.750     31.546   3232.270   8896.985    11.0650   3.448783     1.3004     0.0073     0.1331     0.0085     1.3004     1.1013     21.568    30.4280    23.2066    1.52284    2.17629     66.468    6.35386    9.08029  0.000e+00
        688     21.840     31.676   3232.271   8896.987    11.0650   3.448785     1.3028     0.0061     0.1294     0.0085     1.3028     1.0393     21.657    30.4280    23.2066    1.52834    2.18415     66.707    6.35386    9.08030  0.000e+00
        689     21.974     31.870   3232.207   8897.362    11.0641   3.449111     1.3065     0.0073     0.1294     0.0085     1.3065     1.0393     21.790    30.4319    23.2098    1.53657    2.19592     67.067    6.35383    9.08025  0.000e+00
        690     22.063     32.000   3232.081   8897.550    11.0623   3.449275     1.3101     0.0073     0.1282     0.0085     1.3101     1.0187     21.879    30.4350    23.2125    1.54484    2.20773     67.427    6.35396    9.08044  0.000e+00
        691     22.153     32.130   3232.081   8898.111    11.0623   3.449763     1.3126     0.0073     0.1355     0.0085     1.3126     1.1426     21.967    30.4397    23.2162    1.55029    2.21552     67.665    6.35377    9.08017  0.000e+00
        692     22.242     32.260   3232.144   8898.672    11.0632   3.450251     1.3150     0.0073     0.1392     0.0085     1.3150     1.2046     22.056    30.4437    23.2191    1.55572    2.22327     67.902    6.35348    9.07976  0.000e+00
        693     22.332     32.390   3232.144   8898.860    11.0632   3.450415     1.3175     0.0061     0.1306     0.0085     1.3175     1.0600     22.145    30.4453    23.2203    1.56120    2.23111     68.141    6.35342    9.07967  0.000e+00
        694     22.466     32.584   3232.207   8898.862    11.0641   3.450417     1.3187     0.0073     0.1294     0.0085     1.3187     1.0393     22.278    30.4445    23.2195    1.56394    2.23503     68.261    6.35332    9.07953  0.000e+00
        695     22.556     32.714   3232.018   8898.677    11.0614   3.450256     1.3211     0.0061     0.1282     0.0085     1.3211     1.0187     22.367    30.4451    23.2205    1.56952    2.24300     68.504    6.35368    9.08004  0.000e+00
        696     22.690     32.909   3231.955   8898.865    11.0605   3.450420     1.3223     0.0073     0.1306     0.0085     1.3223     1.0600     22.500    30.4474    23.2225    1.57230    2.24697     68.625    6.35371    9.08009  0.000e+00
        697     22.779     33.039   3232.081   8899.239    11.0623   3.450746     1.3223     0.0073     0.1282     0.0085     1.3223     1.0187     22.588    30.4491    23.2234    1.57224    2.24689     68.623    6.35339    9.07963  0.000e+00
        698     22.914     33.233   3232.208   8898.868    11.0641   3.450423     1.3236     0.0073     0.1306     0.0085     1.3236     1.0600     22.722    30.4443    23.2194    1.57500    2.25083     68.743    6.35333    9.07954  0.000e+00
        699     23.003     33.363   3232.144   8899.243    11.0632   3.450749     1.3236     0.0073     0.1282     0.0085     1.3236     1.0187     22.810    30.4483    23.2226    1.57501    2.25084     68.743    6.35330    9.07950  0.000e+00
        700     23.137     33.558   3232.208   8899.617    11.0641   3.451075     1.3248     0.0061     0.1319     0.0085     1.3248     1.0806     22.943    30.4506    23.2243    1.57772    2.25472     68.862    6.35308    9.07918  0.000e+00
        701     23.227     33.688   3232.081   8900.365    11.0623   3.451726     1.3260     0.0073     0.1270     0.0085     1.3260     0.9980     23.032    30.4585    23.2308    1.58046    2.25863     68.981    6.35301    9.07909  0.000e+00
        702     23.406     33.947   3232.334   8900.739    11.0660   3.452052     1.3260     0.0073     0.1294     0.0085     1.3260     1.0393     23.210    30.4586    23.2302    1.58038    2.25852     68.977    6.35250    9.07836  0.000e+00
        703     23.495     34.077   3232.271   8900.927    11.0650   3.452216     1.3272     0.0073     0.1306     0.0085     1.3272     1.0600     23.298    30.4609    23.2322    1.58314    2.26247     69.098    6.35254    9.07841  0.000e+00
        704     23.630     34.272   3232.460   8901.115    11.0678   3.452379     1.3248     0.0073     0.1306     0.0085     1.3248     1.0600     23.432    30.4602    23.2311    1.57761    2.25457     68.857    6.35219    9.07791  0.000e+00
        705     23.719     34.402   3232.397   8901.676    11.0669   3.452868     1.3260     0.0073     0.1392     0.0085     1.3260     1.2046     23.520    30.4657    23.2356    1.58035    2.25847     68.976    6.35209    9.07778  0.000e+00
        706     23.853     34.596   3232.397   8902.423    11.0669   3.453518     1.3248     0.0073     0.1306     0.0085     1.3248     1.0600     23.653    30.4720    23.2405    1.57757    2.25451     68.854    6.35184    9.07742  0.000e+00
        707     23.943     34.726   3232.587   8902.052    11.0696   3.453195     1.3260     0.0073     0.1294     0.0098     1.3260     1.0393     23.742    30.4665    23.2357    1.58030    2.25840     68.973    6.35168    9.07718  0.000e+00
        708     24.032     34.856   3232.777   8902.054    11.0724   3.453197     1.3260     0.0073     0.1294     0.0085     1.3260     1.0393     23.831    30.4642    23.2335    1.58025    2.25833     68.971    6.35139    9.07677  0.000e+00
        709     24.167     35.051   3232.713   8902.428    11.0715   3.453523     1.3248     0.0073     0.1282     0.0085     1.3248     1.0187     23.964    30.4681    23.2367    1.57753    2.25445     68.853    6.35136    9.07673  0.000e+00
        710     24.256     35.181   3232.840   8902.430    11.0733   3.453524     1.3248     0.0061     0.1319     0.0085     1.3248     1.0806     24.053    30.4666    23.2351    1.57751    2.25441     68.852    6.35117    9.07646  0.000e+00
        711     24.390     35.375   3232.966   8903.363    11.0751   3.454337     1.3272     0.0073     0.1294     0.0085     1.3272     1.0393     24.186    30.4730    23.2398    1.58289    2.26211     69.086    6.35066    9.07573  0.000e+00
        712     24.525     35.570   3232.840   8903.737    11.0733   3.454663     1.3284     0.0073     0.1319     0.0085     1.3284     1.0806     24.319    30.4776    23.2437    1.58567    2.26608     69.207    6.35073    9.07583  0.000e+00
        713     24.614     35.700   3232.903   8903.925    11.0742   3.454827     1.3309     0.0073     0.1294     0.0085     1.3309     1.0393     24.408    30.4784    23.2442    1.59113    2.27388     69.446    6.35057    9.07560  0.000e+00
        714     24.748     35.895   3233.093   8903.927    11.0770   3.454829     1.3309     0.0073     0.1306     0.0085     1.3309     1.0600     24.541    30.4761    23.2419    1.59109    2.27383     69.444    6.35028    9.07519  0.000e+00
        715     24.838     36.024   3233.093   8905.046    11.0770   3.455804     1.3321     0.0061     0.1294     0.0085     1.3321     1.0393     24.630    30.4856    23.2493    1.59375    2.27763     69.560    6.34990    9.07464  0.000e+00
        716     24.927     36.154   3233.030   8905.048    11.0760   3.455805     1.3333     0.0061     0.1294     0.0085     1.3333     1.0393     24.718    30.4863    23.2500    1.59653    2.28161     69.681    6.35000    9.07478  0.000e+00
        717     25.062     36.349   3233.030   8905.050    11.0760   3.455807     1.3346     0.0073     0.1331     0.0085     1.3346     1.1013     24.851    30.4863    23.2500    1.59930    2.28556     69.802    6.35000    9.07478  0.000e+00
        718     25.151     36.479   3233.093   8905.051    11.0770   3.455809     1.3370     0.0073     0.1294     0.0085     1.3370     1.0393     24.940    30.4855    23.2492    1.60478    2.29338     70.041    6.34990    9.07465  0.000e+00
        719     25.285     36.673   3233.093   8904.494    11.0770   3.455323     1.3394     0.0073     0.1306     0.0085     1.3394     1.0600     25.073    30.4807    23.2455    1.61033    2.30132     70.284    6.35010    9.07492  0.000e+00
        720     25.375     36.803   3233.219   8905.427    11.0788   3.456136     1.3419     0.0073     0.1319     0.0085     1.3419     1.0806     25.162    30.4871    23.2502    1.61570    2.30900     70.518    6.34959    9.07419  0.000e+00
        721     25.464     36.933   3233.093   8905.615    11.0770   3.456300     1.3455     0.0073     0.1294     0.0085     1.3455     1.0393     25.251    30.4902    23.2529    1.62397    2.32081     70.878    6.34972    9.07438  0.000e+00
        722     25.599     37.128   3233.093   8905.058    11.0770   3.455815     1.3455     0.0073     0.1306     0.0085     1.3455     1.0600     25.384    30.4854    23.2491    1.62404    2.32092     70.882    6.34991    9.07465  0.000e+00
        723     25.733     37.322   3233.283   8905.246    11.0797   3.455979     1.3468     0.0073     0.1282     0.0085     1.3468     1.0187     25.517    30.4847    23.2481    1.62673    2.32476     70.999    6.34956    9.07415  0.000e+00
        724     25.822     37.452   3233.093   8907.296    11.0770   3.457765     1.3504     0.0073     0.1319     0.0098     1.3504     1.0806     25.606    30.5044    23.2639    1.63485    2.33637     71.353    6.34915    9.07357  0.000e+00
