unitTesting/processed_seabird_noalign/ORCA1_CAST0024.cnv
* Sea-Bird SBE 19 Data File:
* FileName =
* Software Version 4.234
* Temperature SN = 2835
* Conductivity SN = 2835
* System UpLoad Time = Mon Jan 24 23:59:15 2005

** Ship: ORCA
** Cruise: Mooring
** Station: Twanoh
** Latitude: 47 22.5
** Longitude: 123 0.5
# nquan = 22
# nvalues = 885                                   
# units = specified
# name 0 = scan: Scan Count
# name 1 = prSM: Pressure, Strain Gauge [db]
# name 2 = prSE: Pressure, Strain Gauge [psi]
# name 3 = f0: Frequency 0
# name 4 = f1: Frequency 1
# name 5 = t090C: Temperature [ITS-90, deg C]
# name 6 = c0S/m: Conductivity [S/m]
# name 7 = v0: Voltage 0
# name 8 = v1: Voltage 1
# name 9 = v2: Voltage 2
# name 10 = v3: Voltage 3
# name 11 = sbeox0V: Oxygen raw, SBE 43 [V]
# name 12 = wetStar: Fluorescence, WET Labs WETstar [mg/m^3]
# name 13 = depSM: Depth [salt water, m], lat = 47.28
# name 14 = sal00: Salinity, Practical [PSU]
# name 15 = sigma-t00: Density [sigma-t, Kg/m^3 ]
# name 16 = sbeox0ML/L: Oxygen, SBE 43 [ml/l]
# name 17 = sbeox0Mg/L: Oxygen, SBE 43 [mg/l]
# name 18 = sbeox0Mm/Kg: Oxygen, SBE 43 [umol/Kg]
# name 19 = oxsatML/L: Oxygen Saturation, Weiss [ml/l]
# name 20 = oxsatMg/L: Oxygen Saturation, Weiss [mg/l]
# name 21 = flag:  0.000e+00
# span 0 =          1,        885                 
# span 1 =      0.951,     29.672                 
# span 2 =      1.380,     43.035                 
# span 3 =   3100.721,   3232.833                 
# span 4 =   6479.830,   8901.075                 
# span 5 =     9.1290,    11.0732                 
# span 6 =   1.633893,   3.452347                 
# span 7 =     0.0000,     3.0745                 
# span 8 =     0.0000,     0.0073                 
# span 9 =     0.0000,     0.2894                 
# span 10 =     0.0000,     0.0098                
# span 11 =     0.0000,     3.0745                
# span 12 =    -1.1506,     3.7457                
# span 13 =      0.943,     29.422                
# span 14 =    14.1213,    30.4581                
# span 15 =    10.7963,    23.2297                
# span 16 =   -1.39500,    6.23319                
# span 17 =   -1.99359,    8.90786                
# span 18 =    -60.895,    275.398                
# span 19 =    6.35238,    7.34695                
# span 20 =    9.07819,   10.49953                
# span 21 = 0.0000e+00, 0.0000e+00                
# interval = seconds: 0.5
# start_time = Jan 31 2016 20:27:19 [DatCnv date, localtime]
# bad_flag = -9.990e-29
*END*
[from data line 725]
        726     28.329     41.087   3232.686   8898.019    11.0711   3.449685     1.1526     0.0061     0.1343     0.0073     1.1526     1.1220     28.091    30.4292    23.2065    1.19233    1.70396     52.042    6.35297    9.07904  0.000e+00
        727     28.418     41.217   3232.833   8897.895    11.0732   3.449577     1.1502     0.0073     0.1343     0.0073     1.1502     1.1220     28.180    30.4264    23.2039    1.18683    1.69610     51.802    6.35279    9.07878  0.000e+00
        728     28.508     41.347   3232.391   8898.268    11.0668   3.449902     1.1526     0.0073     0.1355     0.0098     1.1526     1.1426     28.269    30.4348    23.2116    1.19242    1.70409     52.045    6.35334    9.07956  0.000e+00
        729     28.597     41.477   3232.391   8898.268    11.0668   3.449902     1.1514     0.0073     0.1368     0.0085     1.1514     1.1633     28.357    30.4348    23.2115    1.18969    1.70019     51.926    6.35334    9.07956  0.000e+00
        730     28.687     41.607   3232.518   8898.082    11.0686   3.449740     1.1502     0.0073     0.1343     0.0085     1.1502     1.1220     28.446    30.4316    23.2088    1.18695    1.69626     51.807    6.35321    9.07938  0.000e+00
        731     28.776     41.737   3232.455   8898.082    11.0677   3.449741     1.1490     0.0061     0.1343     0.0085     1.1490     1.1220     28.535    30.4323    23.2095    1.18424    1.69239     51.688    6.35331    9.07952  0.000e+00
        732     28.911     41.931   3232.455   8898.083    11.0677   3.449741     1.1490     0.0073     0.1343     0.0085     1.1490     1.1220     28.668    30.4323    23.2095    1.18426    1.69242     51.689    6.35331    9.07952  0.000e+00
        733     29.090     42.191   3232.456   8898.269    11.0677   3.449903     1.1490     0.0061     0.1331     0.0085     1.1490     1.1013     28.845    30.4338    23.2106    1.18427    1.69245     51.690    6.35325    9.07943  0.000e+00
        734     29.224     42.386   3232.519   8898.269    11.0686   3.449904     1.1502     0.0073     0.1355     0.0085     1.1502     1.1426     28.979    30.4330    23.2098    1.18702    1.69637     51.810    6.35316    9.07930  0.000e+00
        735     29.313     42.516   3232.456   8898.083    11.0677   3.449741     1.1490     0.0073     0.1343     0.0085     1.1490     1.1220     29.067    30.4321    23.2093    1.18432    1.69252     51.692    6.35332    9.07953  0.000e+00
        736     29.403     42.645   3232.393   8898.270    11.0668   3.449904     1.1490     0.0073     0.1343     0.0085     1.1490     1.1220     29.156    30.4344    23.2113    1.18434    1.69254     51.693    6.35335    9.07957  0.000e+00
        737     29.537     42.840   3232.394   8898.270    11.0668   3.449904     1.1477     0.0073     0.1368     0.0085     1.1477     1.1633     29.289    30.4344    23.2112    1.18162    1.68866     51.574    6.35335    9.07958  0.000e+00
        738     29.582     42.905   3232.520   8898.457    11.0687   3.450067     1.1465     0.0073     0.1355     0.0085     1.1465     1.1426     29.334    30.4344    23.2110    1.17884    1.68468     51.453    6.35310    9.07921  0.000e+00
        739     29.627     42.970   3232.457   8898.457    11.0677   3.450067     1.1453     0.0073     0.1380     0.0085     1.1453     1.1839     29.378    30.4352    23.2117    1.17612    1.68080     51.334    6.35319    9.07935  0.000e+00
        740     29.627     42.970   3232.394   8898.457    11.0668   3.450067     1.1465     0.0073     0.1343     0.0085     1.1465     1.1220     29.378    30.4359    23.2124    1.17888    1.68474     51.454    6.35329    9.07949  0.000e+00
        741     29.627     42.970   3232.521   8898.271    11.0687   3.449905     1.1453     0.0073     0.1355     0.0085     1.1453     1.1426     29.378    30.4328    23.2097    1.17612    1.68079     51.334    6.35316    9.07930  0.000e+00
        742     29.627     42.970   3232.521   8898.458    11.0687   3.450068     1.1453     0.0061     0.1368     0.0085     1.1453     1.1633     29.378    30.4344    23.2109    1.17611    1.68078     51.333    6.35310    9.07921  0.000e+00
        743     29.672     43.035   3232.332   8898.458    11.0659   3.450068     1.1453     0.0073     0.1355     0.0085     1.1453     1.1426     29.422    30.4367    23.2132    1.17616    1.68086     51.336    6.35339    9.07962  0.000e+00
        744     29.672     43.035   3232.459   8898.272    11.0678   3.449906     1.1441     0.0061     0.1355     0.0085     1.1441     1.1426     29.422    30.4336    23.2104    1.17340    1.67691     51.215    6.35326    9.07944  0.000e+00
        745     29.627     42.970   3232.459   8898.458    11.0678   3.450068     1.1441     0.0073     0.1355     0.0085     1.1441     1.1426     29.378    30.4352    23.2117    1.17338    1.67688     51.214    6.35319    9.07934  0.000e+00
        746     29.672     43.035   3232.459   8898.272    11.0678   3.449906     1.1441     0.0073     0.1355     0.0085     1.1441     1.1426     29.422    30.4336    23.2104    1.17340    1.67691     51.215    6.35325    9.07944  0.000e+00
        747     29.627     42.970   3232.396   8898.459    11.0669   3.450069     1.1429     0.0061     0.1368     0.0085     1.1429     1.1633     29.378    30.4359    23.2124    1.17066    1.67299     51.095    6.35329    9.07948  0.000e+00
        748     29.627     42.970   3232.460   8898.459    11.0678   3.450069     1.1429     0.0073     0.1343     0.0085     1.1429     1.1220     29.378    30.4352    23.2117    1.17064    1.67296     51.095    6.35319    9.07934  0.000e+00
        749     29.672     43.035   3232.460   8898.273    11.0678   3.449907     1.1441     0.0073     0.1355     0.0085     1.1441     1.1426     29.422    30.4336    23.2104    1.17340    1.67691     51.215    6.35325    9.07943  0.000e+00
        750     29.672     43.035   3232.460   8898.460    11.0678   3.450069     1.1429     0.0073     0.1355     0.0085     1.1429     1.1426     29.422    30.4351    23.2117    1.17065    1.67297     51.095    6.35319    9.07934  0.000e+00
        751     29.627     42.970   3232.397   8898.460    11.0669   3.450069     1.1429     0.0073     0.1368     0.0085     1.1429     1.1633     29.378    30.4359    23.2124    1.17066    1.67299     51.095    6.35328    9.07948  0.000e+00
        752     29.672     43.035   3232.461   8898.460    11.0678   3.450070     1.1429     0.0073     0.1368     0.0085     1.1429     1.1633     29.422    30.4351    23.2117    1.17065    1.67297     51.095    6.35319    9.07934  0.000e+00
        753     29.672     43.035   3232.461   8898.460    11.0678   3.450070     1.1441     0.0061     0.1368     0.0085     1.1441     1.1633     29.422    30.4351    23.2117    1.17339    1.67689     51.215    6.35319    9.07934  0.000e+00
        754     29.672     43.035   3232.461   8898.460    11.0678   3.450070     1.1441     0.0073     0.1355     0.0085     1.1441     1.1426     29.422    30.4351    23.2117    1.17339    1.67689     51.215    6.35319    9.07934  0.000e+00
        755     29.672     43.035   3232.588   8897.342    11.0696   3.449097     1.1441     0.0073     0.1355     0.0085     1.1441     1.1426     29.422    30.4241    23.2028    1.17343    1.67694     51.217    6.35338    9.07961  0.000e+00
        756     29.672     43.035   3232.651   8898.275    11.0706   3.449908     1.1441     0.0073     0.1368     0.0085     1.1441     1.1633     29.422    30.4313    23.2082    1.17335    1.67684     51.213    6.35296    9.07902  0.000e+00
        757     29.672     43.035   3232.652   8898.648    11.0706   3.450233     1.1429     0.0073     0.1343     0.0085     1.1429     1.1220     29.422    30.4345    23.2106    1.17059    1.67289     51.092    6.35283    9.07883  0.000e+00
        758     29.672     43.035   3232.462   8898.834    11.0678   3.450395     1.1441     0.0073     0.1355     0.0085     1.1441     1.1426     29.422    30.4383    23.2141    1.17337    1.67686     51.214    6.35306    9.07916  0.000e+00
        759     29.672     43.035   3232.526   8898.275    11.0687   3.449909     1.1429     0.0073     0.1343     0.0085     1.1429     1.1220     29.422    30.4328    23.2097    1.17064    1.67297     51.095    6.35315    9.07929  0.000e+00
        760     29.672     43.035   3232.463   8898.462    11.0678   3.450071     1.1429     0.0073     0.1343     0.0085     1.1429     1.1220     29.422    30.4351    23.2117    1.17065    1.67297     51.095    6.35318    9.07934  0.000e+00
        761     29.672     43.035   3232.400   8898.276    11.0669   3.449909     1.1429     0.0073     0.1343     0.0098     1.1429     1.1220     29.422    30.4343    23.2112    1.17067    1.67301     51.096    6.35334    9.07956  0.000e+00
        762     29.672     43.035   3232.400   8898.462    11.0669   3.450072     1.1429     0.0073     0.1368     0.0085     1.1429     1.1633     29.422    30.4359    23.2124    1.17066    1.67299     51.096    6.35328    9.07947  0.000e+00
        763     29.672     43.035   3232.464   8898.463    11.0678   3.450072     1.1416     0.0073     0.1355     0.0085     1.1416     1.1426     29.422    30.4351    23.2116    1.16791    1.66905     50.975    6.35318    9.07933  0.000e+00
        764     29.672     43.035   3232.464   8898.276    11.0678   3.449910     1.1416     0.0073     0.1355     0.0098     1.1416     1.1426     29.422    30.4335    23.2104    1.16792    1.66907     50.976    6.35325    9.07942  0.000e+00
        765     29.627     42.970   3232.464   8898.463    11.0678   3.450072     1.1416     0.0073     0.1355     0.0085     1.1416     1.1426     29.378    30.4351    23.2117    1.16790    1.66904     50.975    6.35318    9.07933  0.000e+00
        766     29.672     43.035   3232.338   8898.277    11.0660   3.449910     1.1404     0.0073     0.1355     0.0085     1.1404     1.1426     29.422    30.4351    23.2119    1.16521    1.66520     50.858    6.35344    9.07970  0.000e+00
        767     29.627     42.970   3232.528   8898.463    11.0688   3.450073     1.1429     0.0073     0.1355     0.0098     1.1429     1.1426     29.378    30.4344    23.2109    1.17062    1.67294     51.094    6.35308    9.07919  0.000e+00
        768     29.672     43.035   3232.465   8898.464    11.0679   3.450073     1.1416     0.0073     0.1355     0.0085     1.1416     1.1426     29.422    30.4351    23.2116    1.16790    1.66905     50.975    6.35318    9.07933  0.000e+00
        769     29.627     42.970   3232.465   8898.464    11.0679   3.450073     1.1416     0.0061     0.1355     0.0085     1.1416     1.1426     29.378    30.4351    23.2117    1.16790    1.66904     50.975    6.35318    9.07933  0.000e+00
        770     29.627     42.970   3232.465   8898.278    11.0679   3.449911     1.1441     0.0073     0.1368     0.0085     1.1441     1.1633     29.378    30.4336    23.2104    1.17339    1.67689     51.215    6.35324    9.07942  0.000e+00
        771     29.627     42.970   3232.466   8898.464    11.0679   3.450073     1.1429     0.0061     0.1355     0.0085     1.1429     1.1426     29.378    30.4351    23.2116    1.17064    1.67296     51.095    6.35318    9.07933  0.000e+00
        772     29.672     43.035   3232.466   8899.210    11.0679   3.450723     1.1429     0.0061     0.1343     0.0085     1.1429     1.1220     29.422    30.4415    23.2166    1.17060    1.67290     51.093    6.35292    9.07896  0.000e+00
        773     29.627     42.970   3232.340   8897.160    11.0660   3.448938     1.1429     0.0073     0.1368     0.0098     1.1429     1.1633     29.378    30.4255    23.2045    1.17075    1.67312     51.100    6.35382    9.08024  0.000e+00
        774     29.672     43.035   3232.656   8899.211    11.0706   3.450723     1.1429     0.0073     0.1355     0.0085     1.1429     1.1426     29.422    30.4392    23.2143    1.17055    1.67283     51.091    6.35263    9.07855  0.000e+00
        775     29.672     43.035   3232.656   8898.652    11.0706   3.450236     1.1416     0.0061     0.1355     0.0085     1.1416     1.1426     29.422    30.4344    23.2106    1.16784    1.66897     50.973    6.35282    9.07882  0.000e+00
        776     29.672     43.035   3232.530   8898.652    11.0688   3.450237     1.1429     0.0073     0.1343     0.0085     1.1429     1.1220     29.422    30.4359    23.2121    1.17062    1.67293     51.094    6.35302    9.07910  0.000e+00
        777     29.672     43.035   3232.530   8898.279    11.0688   3.449912     1.1416     0.0073     0.1368     0.0085     1.1416     1.1633     29.422    30.4328    23.2096    1.16790    1.66905     50.975    6.35314    9.07928  0.000e+00
        778     29.627     42.970   3232.404   8898.652    11.0670   3.450237     1.1404     0.0061     0.1331     0.0085     1.1404     1.1013     29.378    30.4375    23.2136    1.16516    1.66513     50.855    6.35321    9.07937  0.000e+00
        779     29.672     43.035   3232.405   8901.075    11.0670   3.452347     1.1416     0.0073     0.1355     0.0085     1.1416     1.1426     29.422    30.4581    23.2297    1.16776    1.66884     50.968    6.35238    9.07819  0.000e+00
        780     29.582     42.905   3232.342   8898.466    11.0661   3.450075     1.1416     0.0061     0.1355     0.0085     1.1416     1.1426     29.334    30.4367    23.2131    1.16792    1.66908     50.976    6.35337    9.07960  0.000e+00
        781     29.493     42.775   3232.531   8898.467    11.0688   3.450075     1.1416     0.0073     0.1368     0.0085     1.1416     1.1633     29.245    30.4344    23.2109    1.16786    1.66899     50.973    6.35308    9.07918  0.000e+00
        782     29.403     42.645   3232.469   8898.467    11.0679   3.450075     1.1416     0.0073     0.1392     0.0085     1.1416     1.2046     29.156    30.4352    23.2117    1.16786    1.66899     50.973    6.35317    9.07931  0.000e+00
        783     29.358     42.581   3232.406   8898.467    11.0670   3.450076     1.1416     0.0061     0.1380     0.0085     1.1416     1.1839     29.112    30.4360    23.2125    1.16787    1.66900     50.974    6.35326    9.07945  0.000e+00
        784     29.269     42.451   3232.406   8898.467    11.0670   3.450076     1.1404     0.0073     0.1380     0.0085     1.1404     1.1839     29.023    30.4360    23.2125    1.16511    1.66506     50.854    6.35326    9.07945  0.000e+00
        785     29.134     42.256   3232.406   8898.468    11.0670   3.450076     1.1416     0.0073     0.1392     0.0098     1.1416     1.2046     28.890    30.4361    23.2125    1.16783    1.66895     50.972    6.35326    9.07944  0.000e+00
        786     28.955     41.996   3232.406   8898.468    11.0670   3.450076     1.1404     0.0061     0.1355     0.0085     1.1404     1.1426     28.712    30.4361    23.2126    1.16506    1.66499     50.851    6.35326    9.07944  0.000e+00
        787     28.866     41.866   3232.470   8898.282    11.0679   3.449914     1.1416     0.0061     0.1355     0.0085     1.1416     1.1426     28.624    30.4338    23.2106    1.16779    1.66888     50.970    6.35322    9.07939  0.000e+00
        788     28.776     41.737   3232.344   8899.773    11.0661   3.451212     1.1416     0.0073     0.1368     0.0098     1.1416     1.1633     28.535    30.4481    23.2220    1.16771    1.66877     50.966    6.35290    9.07894  0.000e+00
        789     28.687     41.607   3232.218   8897.723    11.0643   3.449428     1.1404     0.0061     0.1343     0.0085     1.1404     1.1220     28.446    30.4322    23.2100    1.16512    1.66507     50.854    6.35379    9.08021  0.000e+00
        790     28.597     41.477   3232.028   8898.842    11.0615   3.450401     1.1404     0.0061     0.1355     0.0085     1.1404     1.1426     28.357    30.4440    23.2196    1.16508    1.66501     50.852    6.35370    9.08007  0.000e+00
