unitTesting/processed_seabird_noalign/ORCA1_CAST0016.cnv
* Sea-Bird SBE 19 Data File:
* FileName =
* Software Version 4.234
* Temperature SN = 2835
* Conductivity SN = 2835
* System UpLoad Time = Sat Jan 22 23:55:11 2005

** Ship: ORCA
** Cruise: Mooring
** Station: Twanoh
** Latitude: 47 22.5
** Longitude: 123 0.5
# nquan = 22
# nvalues = 906                                   
# units = specified
# name 0 = scan: Scan Count
# name 1 = prSM: Pressure, Strain Gauge [db]
# name 2 = prSE: Pressure, Strain Gauge [psi]
# name 3 = f0: Frequency 0
# name 4 = f1: Frequency 1
# name 5 = t090C: Temperature [ITS-90, deg C]
# name 6 = c0S/m: Conductivity [S/m]
# name 7 = v0: Voltage 0
# name 8 = v1: Voltage 1
# name 9 = v2: Voltage 2
# name 10 = v3: Voltage 3
# name 11 = sbeox0V: Oxygen raw, SBE 43 [V]
# name 12 = wetStar: Fluorescence, WET Labs WETstar [mg/m^3]
# name 13 = depSM: Depth [salt water, m], lat = 47.28
# name 14 = sal00: Salinity, Practical [PSU]
# name 15 = sigma-t00: Density [sigma-t, Kg/m^3 ]
# name 16 = sbeox0ML/L: Oxygen, SBE 43 [ml/l]
# name 17 = sbeox0Mg/L: Oxygen, SBE 43 [mg/l]
# name 18 = sbeox0Mm/Kg: Oxygen, SBE 43 [umol/Kg]
# name 19 = oxsatML/L: Oxygen Saturation, Weiss [ml/l]
# name 20 = oxsatMg/L: Oxygen Saturation, Weiss [mg/l]
# name 21 = flag:  0.000e+00
# span 0 =          1,        906                 
# span 1 =      0.951,     29.672                 
# span 2 =      1.380,     43.035                 
# span 3 =   3071.422,   3233.346                 
# span 4 =   7119.954,   8907.754                 
# span 5 =     8.6899,    11.0806                 
# span 6 =   2.058274,   3.458166                 
# span 7 =     0.0000,     3.1538                 
# span 8 =     0.0000,     0.0073                 
# span 9 =     0.0000,     0.4628                 
# span 10 =     0.0000,     0.0098                
# span 11 =     0.0000,     3.1538                
# span 12 =    -1.1506,     6.6793                
# span 13 =      0.943,     29.422                
# span 14 =    18.3570,    30.5173                
# span 15 =    14.1418,    23.2762                
# span 16 =   -1.39504,    6.31557                
# span 17 =   -1.99366,    9.02558                
# span 18 =    -60.897,    278.115                
# span 19 =    6.35039,    7.21523                
# span 20 =    9.07534,   10.31128                
# span 21 = 0.0000e+00, 0.0000e+00                
# interval = seconds: 0.5
# start_time = Jan 31 2016 20:27:12 [DatCnv date, localtime]
# bad_flag = -9.990e-29
*END*
[from data line 527]
        528      3.858      5.595   3149.334   8492.847     9.8511   3.105089     3.1343     0.0073     0.2173     0.0098     3.1343     2.5268      3.825    28.0137    21.5262    5.85480    8.36709    255.965    6.62684    9.47042  0.000e+00
        529      3.992      5.789   3155.151   8562.279     9.9370   3.162986     3.1136     0.0073     0.2247     0.0085     3.1136     2.6508      3.958    28.5237    21.9102    5.77735    8.25642    252.485    6.59274    9.42168  0.000e+00
        530      4.126      5.984   3161.854   8577.951    10.0358   3.176120     3.0855     0.0073     0.2711     0.0098     3.0855     3.4358      4.091    28.5765    21.9358    5.69867    8.14397    249.040    6.57603    9.39781  0.000e+00
        531      4.215      6.114   3165.331   8596.296    10.0870   3.191525     3.0476     0.0073     0.3089     0.0085     3.0476     4.0763      4.180    28.6892    22.0155    5.60120    8.00467    244.761    6.56385    9.38040  0.000e+00
        532      4.349      6.308   3168.239   8608.053    10.1298   3.201416     3.0024     0.0073     0.2845     0.0085     3.0024     3.6631      4.313    28.7535    22.0588    5.48986    7.84556    239.885    6.55493    9.36765  0.000e+00
        533      4.439      6.438   3169.947   8612.479    10.1549   3.205142     2.9524     0.0073     0.3211     0.0085     2.9524     4.2828      4.402    28.7706    22.0681    5.37111    7.67585    234.694    6.55057    9.36142  0.000e+00
        534      4.573      6.633   3170.705   8617.866    10.1660   3.209681     2.8999     0.0073     0.4628     0.0085     2.8999     6.6793      4.535    28.8068    22.0945    5.24779    7.49962    229.300    6.54744    9.35695  0.000e+00
        535      4.707      6.827   3170.579   8621.902    10.1642   3.213083     2.8474     0.0073     0.4200     0.0098     2.8474     5.9563      4.668    28.8420    22.1222    5.12601    7.32558    223.973    6.54625    9.35525  0.000e+00
        536      4.797      6.957   3170.768   8624.398    10.1670   3.215188     2.7912     0.0073     0.3101     0.0085     2.7912     4.0969      4.757    28.8606    22.1363    4.99584    7.13956    218.282    6.54507    9.35356  0.000e+00
        537      4.931      7.151   3171.211   8626.124    10.1735   3.216645     2.7326     0.0073     0.2930     0.0085     2.7326     3.8077      4.890    28.8699    22.1425    4.86004    6.94549    212.348    6.54374    9.35167  0.000e+00
        538      5.065      7.346   3171.337   8627.274    10.1753   3.217614     2.6764     0.0073     0.2943     0.0098     2.6764     3.8283      5.023    28.8780    22.1485    4.73040    6.76022    206.682    6.54314    9.35080  0.000e+00
        539      5.199      7.541   3171.400   8632.074    10.1762   3.221666     2.6190     0.0061     0.2845     0.0085     2.6190     3.6631      5.156    28.9174    22.1791    4.59714    6.56977    200.854    6.54137    9.34827  0.000e+00
        540      5.333      7.735   3171.779   8640.328    10.1818   3.228637     2.5617     0.0073     0.3187     0.0085     2.5617     4.2415      5.289    28.9821    22.2286    4.46280    6.37779    194.975    6.53787    9.34327  0.000e+00
        541      5.467      7.930   3173.739   8653.942    10.2106   3.240151     2.5043     0.0061     0.2613     0.0085     2.5043     3.2705      5.422    29.0734    22.2950    4.32578    6.18198    188.976    6.52992    9.33191  0.000e+00
        542      5.602      8.124   3177.280   8675.376    10.2626   3.258315     2.4481     0.0073     0.2527     0.0085     2.4481     3.1259      5.555    29.2119    22.3945    4.18861    5.98594    182.966    6.51667    9.31298  0.000e+00
        543      5.691      8.254   3182.148   8696.949    10.3340   3.276642     2.3895     0.0073     0.2088     0.0085     2.3895     2.3822      5.644    29.3361    22.4797    4.04508    5.78082    176.681    6.50126    9.29096  0.000e+00
        544      5.825      8.449   3187.395   8726.454    10.4110   3.301783     2.3346     0.0073     0.2552     0.0085     2.3346     3.1672      5.777    29.5230    22.6126    3.90858    5.58575    170.697    6.48255    9.26422  0.000e+00
        545      5.959      8.643   3193.844   8738.036    10.5053   3.311675     2.2845     0.0073     0.2308     0.0085     2.2845     2.7541      5.910    29.5443    22.6136    3.78653    5.41133    165.367    6.46821    9.24371  0.000e+00
        546      6.138      8.903   3197.511   8752.445    10.5590   3.324001     2.2357     0.0073     0.2357     0.0085     2.2357     2.8367      6.087    29.6224    22.6656    3.66954    5.24413    160.249    6.45738    9.22824  0.000e+00
        547      6.362      9.227   3201.683   8764.749    10.6199   3.334542     2.1941     0.0073     0.1929     0.0098     2.1941     2.1136      6.309    29.6768    22.6979    3.56956    5.10125    155.878    6.44651    9.21271  0.000e+00
        548      6.496      9.422   3205.476   8783.081    10.6753   3.350275     2.1563     0.0073     0.2002     0.0085     2.1563     2.2376      6.442    29.7868    22.7742    3.47732    4.96944    151.839    6.43421    9.19512  0.000e+00
        549      6.630      9.616   3209.206   8790.816    10.7297   3.356923     2.1221     0.0073     0.1917     0.0085     2.1221     2.0930      6.575    29.8079    22.7815    3.39568    4.85276    148.273    6.42568    9.18293  0.000e+00
        550      6.764      9.811   3211.355   8796.281    10.7610   3.361624     2.0891     0.0073     0.2125     0.0085     2.0891     2.4442      6.708    29.8286    22.7923    3.31857    4.74257    144.905    6.42043    9.17543  0.000e+00
        551      6.854      9.940   3212.809   8799.293    10.7822   3.364216     2.0586     0.0073     0.1941     0.0085     2.0586     2.1343      6.797    29.8368    22.7951    3.24801    4.64173    141.823    6.41712    9.17070  0.000e+00
        552      6.988     10.135   3214.010   8802.492    10.7997   3.366970     2.0293     0.0073     0.1917     0.0085     2.0293     2.0930      6.930    29.8495    22.8021    3.18044    4.54516    138.872    6.41414    9.16645  0.000e+00
        553      7.122     10.330   3214.768   8804.937    10.8107   3.369075     1.9976     0.0061     0.1978     0.0085     1.9976     2.1963      7.063    29.8611    22.8093    3.10784    4.44142    135.701    6.41212    9.16356  0.000e+00
        554      7.256     10.524   3215.527   8806.439    10.8217   3.370370     1.9658     0.0061     0.1893     0.0085     1.9658     2.0516      7.196    29.8648    22.8102    3.03544    4.33795    132.540    6.41042    9.16113  0.000e+00
        555      7.390     10.719   3215.780   8806.246    10.8254   3.370203     1.9280     0.0073     0.1856     0.0098     1.9280     1.9897      7.329    29.8601    22.8060    2.94989    4.21569    128.805    6.41009    9.16067  0.000e+00
        556      7.569     10.978   3215.906   8806.995    10.8273   3.370849     1.8938     0.0073     0.1868     0.0085     1.8938     2.0103      7.506    29.8649    22.8094    2.87257    4.10520    125.428    6.40964    9.16002  0.000e+00
        557      7.703     11.173   3215.906   8808.686    10.8273   3.372305     1.8523     0.0073     0.1917     0.0098     1.8523     2.0930      7.639    29.8791    22.8205    2.77864    3.97096    121.325    6.40907    9.15920  0.000e+00
        558      7.793     11.303   3216.411   8811.881    10.8346   3.375059     1.8120     0.0061     0.1697     0.0085     1.8120     1.7211      7.728    29.9001    22.8356    2.68695    3.83991    117.320    6.40719    9.15651  0.000e+00
        559      7.972     11.562   3217.170   8816.393    10.8456   3.378950     1.7680     0.0073     0.1661     0.0085     1.7680     1.6591      7.905    29.9293    22.8563    2.58674    3.69671    112.942    6.40446    9.15262  0.000e+00
        560      8.061     11.692   3218.055   8819.398    10.8585   3.381542     1.7289     0.0073     0.1673     0.0085     1.7289     1.6798      7.994    29.9442    22.8657    2.49772    3.56949    109.055    6.40206    9.14918  0.000e+00
        561      8.195     11.886   3218.939   8823.718    10.8714   3.385270     1.6886     0.0073     0.1734     0.0085     1.6886     1.7831      8.127    29.9702    22.8838    2.40586    3.43821    105.042    6.39920    9.14510  0.000e+00
        562      8.285     12.016   3219.698   8825.029    10.8824   3.386401     1.6532     0.0073     0.1538     0.0085     1.6532     1.4525      8.216    29.9722    22.8835    2.32550    3.32337    101.533    6.39758    9.14278  0.000e+00
        563      8.464     12.276   3220.330   8828.031    10.8916   3.388994     1.6178     0.0073     0.1673     0.0085     1.6178     1.6798      8.393    29.9901    22.8958    2.24507    3.20843     98.021    6.39557    9.13991  0.000e+00
        564      8.553     12.405   3220.772   8828.214    10.8981   3.389152     1.5873     0.0073     0.1600     0.0085     1.5873     1.5558      8.482    29.9863    22.8918    2.17608    3.10983     95.009    6.39482    9.13884  0.000e+00
        565      8.687     12.600   3221.278   8834.595    10.9054   3.394665     1.5592     0.0073     0.1661     0.0098     1.5592     1.6591      8.615    30.0343    22.9279    2.11188    3.01809     92.203    6.39186    9.13461  0.000e+00
        566      8.822     12.795   3222.352   8839.845    10.9210   3.399204     1.5299     0.0073     0.1575     0.0085     1.5299     1.5145      8.748    30.0660    22.9499    2.04486    2.92231     89.275    6.38840    9.12967  0.000e+00
        567      8.956     12.989   3223.300   8840.967    10.9348   3.400173     1.5079     0.0073     0.1490     0.0098     1.5079     1.3699      8.881    30.0642    22.9461    1.99489    2.85089     87.093    6.38656    9.12703  0.000e+00
        568      9.135     13.249   3223.743   8842.463    10.9412   3.401467     1.4847     0.0073     0.1490     0.0085     1.4847     1.3699      9.058    30.0715    22.9507    1.94238    2.77585     84.800    6.38536    9.12532  0.000e+00
        569      9.224     13.378   3224.058   8842.833    10.9458   3.401788     1.4615     0.0073     0.1490     0.0085     1.4615     1.3699      9.147    30.0709    22.9494    1.89003    2.70104     82.515    6.38475    9.12445  0.000e+00
        570      9.358     13.573   3224.248   8843.954    10.9486   3.402758     1.4432     0.0073     0.1441     0.0085     1.4432     1.2872      9.280    30.0781    22.9545    1.84867    2.64193     80.709    6.38408    9.12348  0.000e+00
        571      9.492     13.768   3224.374   8844.512    10.9504   3.403241     1.4249     0.0061     0.1490     0.0085     1.4249     1.3699      9.413    30.0812    22.9567    1.80739    2.58295     78.907    6.38369    9.12294  0.000e+00
        572      9.627     13.962   3224.500   8844.883    10.9522   3.403561     1.4078     0.0073     0.1465     0.0085     1.4078     1.3286      9.546    30.0828    22.9576    1.76889    2.52792     77.226    6.38337    9.12248  0.000e+00
        573      9.716     14.092   3224.627   8845.253    10.9541   3.403882     1.3895     0.0061     0.1538     0.0085     1.3895     1.4525      9.635    30.0844    22.9586    1.72762    2.46895     75.424    6.38305    9.12202  0.000e+00
        574      9.806     14.222   3224.690   8845.812    10.9550   3.404365     1.3761     0.0073     0.1441     0.0085     1.3761     1.2872      9.724    30.0884    22.9615    1.69736    2.42569     74.102    6.38277    9.12161  0.000e+00
        575      9.940     14.416   3224.816   8846.182    10.9568   3.404686     1.3614     0.0073     0.1477     0.0085     1.3614     1.3492      9.857    30.0900    22.9624    1.66435    2.37852     72.661    6.38245    9.12116  0.000e+00
        576     10.074     14.611   3225.069   8847.865    10.9605   3.406142     1.3480     0.0073     0.1453     0.0085     1.3480     1.3079      9.990    30.1012    22.9705    1.63393    2.33505     71.333    6.38148    9.11978  0.000e+00
        577     10.208     14.806   3225.321   8848.423    10.9642   3.406625     1.3333     0.0073     0.1416     0.0098     1.3333     1.2459     10.123    30.1028    22.9711    1.60087    2.28780     69.889    6.38091    9.11895  0.000e+00
        578     10.298     14.935   3225.448   8848.980    10.9660   3.407108     1.3187     0.0073     0.1502     0.0085     1.3187     1.3905     10.212    30.1060    22.9733    1.56785    2.24061     68.448    6.38052    9.11840  0.000e+00
        579     10.432     15.130   3225.637   8849.538    10.9688   3.407591     1.3065     0.0073     0.1380     0.0085     1.3065     1.1839     10.345    30.1085    22.9747    1.54031    2.20125     67.245    6.38004    9.11772  0.000e+00
        580     10.521     15.260   3225.826   8850.658    10.9715   3.408560     1.2955     0.0073     0.1404     0.0085     1.2955     1.2253     10.433    30.1157    22.9799    1.51546    2.16574     66.160    6.37937    9.11676  0.000e+00
        581     10.655     15.454   3226.206   8852.153    10.9770   3.409855     1.2833     0.0061     0.1404     0.0085     1.2833     1.2253     10.566    30.1238    22.9852    1.48779    2.12620     64.952    6.37828    9.11520  0.000e+00
        582     10.790     15.649   3226.395   8853.085    10.9798   3.410662     1.2747     0.0073     0.1465     0.0085     1.2747     1.3286     10.699    30.1294    22.9891    1.46846    2.09858     64.108    6.37767    9.11433  0.000e+00
        583     10.924     15.843   3226.711   8853.455    10.9843   3.410983     1.2650     0.0073     0.1404     0.0085     1.2650     1.2253     10.832    30.1287    22.9878    1.44640    2.06705     63.145    6.37706    9.11345  0.000e+00
        584     11.058     16.038   3226.900   8854.013    10.9871   3.411466     1.2564     0.0073     0.1380     0.0085     1.2564     1.1839     10.966    30.1311    22.9892    1.42711    2.03949     62.303    6.37658    9.11277  0.000e+00
        585     11.147     16.168   3227.216   8854.945    10.9917   3.412273     1.2479     0.0073     0.1404     0.0085     1.2479     1.2253     11.054    30.1352    22.9916    1.40775    2.01182     61.457    6.37577    9.11162  0.000e+00
        586     11.282     16.362   3227.216   8855.502    10.9917   3.412756     1.2393     0.0073     0.1477     0.0085     1.2393     1.3492     11.187    30.1399    22.9952    1.38853    1.98434     60.618    6.37559    9.11135  0.000e+00
        587     11.416     16.557   3227.532   8857.183    10.9963   3.414212     1.2320     0.0073     0.1380     0.0098     1.2320     1.1839     11.320    30.1503    23.0026    1.37187    1.96054     59.890    6.37453    9.10984  0.000e+00
        588     11.550     16.752   3227.785   8860.174    10.9999   3.416804     1.2247     0.0061     0.1380     0.0085     1.2247     1.1839     11.453    30.1727    23.0193    1.35514    1.93663     59.159    6.37312    9.10783  0.000e+00
        589     11.684     16.946   3228.480   8861.105    11.0100   3.417612     1.2173     0.0061     0.1368     0.0085     1.2173     1.1633     11.586    30.1722    23.0172    1.33843    1.91275     58.429    6.37174    9.10585  0.000e+00
        590     11.818     17.141   3228.732   8863.347    11.0137   3.419555     1.2100     0.0073     0.1404     0.0085     1.2100     1.2253     11.720    30.1882    23.0290    1.32177    1.88894     57.701    6.37059    9.10421  0.000e+00
        591     11.997     17.400   3229.175   8863.903    11.0201   3.420038     1.2027     0.0073     0.1392     0.0085     1.2027     1.2046     11.897    30.1876    23.0274    1.30518    1.86523     56.977    6.36972    9.10297  0.000e+00
        592     12.131     17.595   3229.364   8864.273    11.0229   3.420358     1.1941     0.0073     0.1368     0.0085     1.1941     1.1633     12.030    30.1884    23.0276    1.28593    1.83772     56.137    6.36931    9.10238  0.000e+00
