unitTesting/processed_seabird_noalign/ORCA1_CAST0016.cnv
* Sea-Bird SBE 19 Data File:
* FileName =
* Software Version 4.234
* Temperature SN = 2835
* Conductivity SN = 2835
* System UpLoad Time = Sat Jan 22 23:55:11 2005

** Ship: ORCA
** Cruise: Mooring
** Station: Twanoh
** Latitude: 47 22.5
** Longitude: 123 0.5
# nquan = 22
# nvalues = 906                                   
# units = specified
# name 0 = scan: Scan Count
# name 1 = prSM: Pressure, Strain Gauge [db]
# name 2 = prSE: Pressure, Strain Gauge [psi]
# name 3 = f0: Frequency 0
# name 4 = f1: Frequency 1
# name 5 = t090C: Temperature [ITS-90, deg C]
# name 6 = c0S/m: Conductivity [S/m]
# name 7 = v0: Voltage 0
# name 8 = v1: Voltage 1
# name 9 = v2: Voltage 2
# name 10 = v3: Voltage 3
# name 11 = sbeox0V: Oxygen raw, SBE 43 [V]
# name 12 = wetStar: Fluorescence, WET Labs WETstar [mg/m^3]
# name 13 = depSM: Depth [salt water, m], lat = 47.28
# name 14 = sal00: Salinity, Practical [PSU]
# name 15 = sigma-t00: Density [sigma-t, Kg/m^3 ]
# name 16 = sbeox0ML/L: Oxygen, SBE 43 [ml/l]
# name 17 = sbeox0Mg/L: Oxygen, SBE 43 [mg/l]
# name 18 = sbeox0Mm/Kg: Oxygen, SBE 43 [umol/Kg]
# name 19 = oxsatML/L: Oxygen Saturation, Weiss [ml/l]
# name 20 = oxsatMg/L: Oxygen Saturation, Weiss [mg/l]
# name 21 = flag:  0.000e+00
# span 0 =          1,        906                 
# span 1 =      0.951,     29.672                 
# span 2 =      1.380,     43.035                 
# span 3 =   3071.422,   3233.346                 
# span 4 =   7119.954,   8907.754                 
# span 5 =     8.6899,    11.0806                 
# span 6 =   2.058274,   3.458166                 
# span 7 =     0.0000,     3.1538                 
# span 8 =     0.0000,     0.0073                 
# span 9 =     0.0000,     0.4628                 
# span 10 =     0.0000,     0.0098                
# span 11 =     0.0000,     3.1538                
# span 12 =    -1.1506,     6.6793                
# span 13 =      0.943,     29.422                
# span 14 =    18.3570,    30.5173                
# span 15 =    14.1418,    23.2762                
# span 16 =   -1.39504,    6.31557                
# span 17 =   -1.99366,    9.02558                
# span 18 =    -60.897,    278.115                
# span 19 =    6.35039,    7.21523                
# span 20 =    9.07534,   10.31128                
# span 21 = 0.0000e+00, 0.0000e+00                
# interval = seconds: 0.5
# start_time = Jan 31 2016 20:27:12 [DatCnv date, localtime]
# bad_flag = -9.990e-29
*END*
[from data line 330]
        331     14.994     21.747   3231.620   8885.554    11.0556   3.438837     1.2552     0.0073     0.1319     0.0085     1.2552     1.0806     14.869    30.3412    23.1407    1.42125    2.03111     62.038    6.35864    9.08713  0.000e+00
        332     14.905     21.618   3231.557   8884.807    11.0547   3.438188     1.2540     0.0073     0.1355     0.0085     1.2540     1.1426     14.780    30.3356    23.1365    1.41857    2.02729     61.921    6.35899    9.08763  0.000e+00
        333     14.771     21.423   3231.620   8884.621    11.0556   3.438025     1.2540     0.0061     0.1331     0.0085     1.2540     1.1013     14.647    30.3333    23.1346    1.41854    2.02724     61.920    6.35895    9.08758  0.000e+00
        334     14.592     21.163   3231.557   8883.874    11.0547   3.437377     1.2527     0.0073     0.1331     0.0085     1.2527     1.1013     14.470    30.3278    23.1305    1.41585    2.02339     61.802    6.35930    9.08808  0.000e+00
        335     14.547     21.099   3231.557   8883.688    11.0547   3.437214     1.2515     0.0073     0.1306     0.0085     1.2515     1.0600     14.425    30.3262    23.1293    1.41311    2.01948     61.683    6.35937    9.08817  0.000e+00
        336     14.457     20.969   3231.620   8883.501    11.0556   3.437052     1.2491     0.0061     0.1331     0.0085     1.2491     1.1013     14.337    30.3239    23.1273    1.40761    2.01162     61.443    6.35933    9.08812  0.000e+00
        337     14.368     20.839   3231.557   8883.128    11.0547   3.436728     1.2454     0.0073     0.1319     0.0085     1.2454     1.0806     14.248    30.3215    23.1256    1.39943    1.99992     61.086    6.35955    9.08844  0.000e+00
        338     14.279     20.709   3231.494   8882.755    11.0538   3.436403     1.2442     0.0061     0.1331     0.0085     1.2442     1.1013     14.159    30.3191    23.1239    1.39672    1.99605     60.968    6.35978    9.08876  0.000e+00
        339     14.144     20.515   3231.431   8882.941    11.0529   3.436566     1.2405     0.0073     0.1306     0.0085     1.2405     1.0600     14.026    30.3215    23.1259    1.38848    1.98428     60.608    6.35981    9.08880  0.000e+00
        340     14.055     20.385   3231.557   8882.568    11.0547   3.436241     1.2381     0.0073     0.1319     0.0085     1.2381     1.0806     13.937    30.3169    23.1220    1.38298    1.97641     60.368    6.35974    9.08870  0.000e+00
        341     14.010     20.320   3231.431   8882.382    11.0529   3.436079     1.2369     0.0073     0.1306     0.0085     1.2369     1.0600     13.893    30.3168    23.1223    1.38028    1.97256     60.250    6.36000    9.08907  0.000e+00
        342     13.876     20.125   3231.431   8881.822    11.0529   3.435593     1.2332     0.0073     0.1306     0.0085     1.2332     1.0600     13.760    30.3121    23.1186    1.37208    1.96084     59.893    6.36018    9.08934  0.000e+00
        343     13.786     19.996   3231.368   8881.262    11.0519   3.435106     1.2295     0.0073     0.1306     0.0085     1.2295     1.0600     13.671    30.3081    23.1157    1.36391    1.94916     59.536    6.36047    9.08975  0.000e+00
        344     13.697     19.866   3231.368   8880.888    11.0519   3.434781     1.2283     0.0073     0.1319     0.0085     1.2283     1.0806     13.583    30.3050    23.1132    1.36118    1.94526     59.417    6.36060    9.08993  0.000e+00
        345     13.608     19.736   3231.368   8880.702    11.0519   3.434619     1.2247     0.0061     0.1331     0.0085     1.2247     1.1013     13.494    30.3034    23.1120    1.35296    1.93352     59.058    6.36066    9.09002  0.000e+00
        346     13.518     19.606   3231.368   8879.768    11.0519   3.433808     1.2222     0.0073     0.1319     0.0098     1.2222     1.0806     13.405    30.2955    23.1059    1.34753    1.92576     58.822    6.36097    9.09047  0.000e+00
        347     13.429     19.477   3231.432   8878.834    11.0529   3.432997     1.2186     0.0061     0.1319     0.0085     1.2186     1.0806     13.316    30.2869    23.0990    1.33935    1.91406     58.465    6.36119    9.09078  0.000e+00
        348     13.294     19.282   3231.305   8878.274    11.0510   3.432510     1.2149     0.0073     0.1392     0.0085     1.2149     1.2046     13.183    30.2837    23.0968    1.33118    1.90240     58.109    6.36158    9.09133  0.000e+00
        349     13.205     19.152   3231.242   8877.527    11.0501   3.431861     1.2112     0.0061     0.1319     0.0085     1.2112     1.0806     13.095    30.2781    23.0927    1.32302    1.89073     57.753    6.36193    9.09183  0.000e+00
        350     13.115     19.022   3231.369   8877.153    11.0519   3.431537     1.2088     0.0061     0.1355     0.0085     1.2088     1.1426     13.006    30.2735    23.0887    1.31752    1.88286     57.512    6.36186    9.09173  0.000e+00
        351     13.026     18.893   3231.179   8876.967    11.0492   3.431375     1.2051     0.0073     0.1306     0.0085     1.2051     1.0600     12.917    30.2742    23.0898    1.30935    1.87119     57.156    6.36221    9.09224  0.000e+00
        352     12.892     18.698   3231.242   8876.593    11.0501   3.431050     1.2015     0.0073     0.1331     0.0085     1.2015     1.1013     12.784    30.2703    23.0866    1.30112    1.85943     56.797    6.36224    9.09228  0.000e+00
        353     12.802     18.568   3231.242   8876.407    11.0501   3.430888     1.1990     0.0073     0.1331     0.0085     1.1990     1.1013     12.695    30.2688    23.0854    1.29564    1.85159     56.557    6.36230    9.09236  0.000e+00
        354     12.713     18.438   3231.242   8876.033    11.0501   3.430564     1.1954     0.0061     0.1319     0.0085     1.1954     1.0806     12.607    30.2656    23.0829    1.28743    1.83986     56.199    6.36243    9.09254  0.000e+00
        355     12.579     18.244   3231.179   8875.659    11.0492   3.430239     1.1917     0.0073     0.1306     0.0085     1.1917     1.0600     12.474    30.2633    23.0813    1.27923    1.82815     55.842    6.36265    9.09286  0.000e+00
        356     12.489     18.114   3231.179   8875.099    11.0492   3.429753     1.1893     0.0073     0.1331     0.0085     1.1893     1.1013     12.385    30.2585    23.0776    1.27377    1.82035     55.604    6.36284    9.09313  0.000e+00
        357     12.400     17.984   3231.116   8874.725    11.0483   3.429428     1.1844     0.0061     0.1343     0.0085     1.1844     1.1220     12.296    30.2561    23.0759    1.26284    1.80473     55.127    6.36306    9.09345  0.000e+00
        358     12.310     17.855   3231.053   8874.165    11.0474   3.428942     1.1807     0.0073     0.1331     0.0098     1.1807     1.1013     12.207    30.2522    23.0730    1.25467    1.79304     54.770    6.36335    9.09386  0.000e+00
        359     12.221     17.725   3231.053   8874.165    11.0474   3.428942     1.1770     0.0073     0.1355     0.0085     1.1770     1.1426     12.119    30.2522    23.0730    1.24643    1.78128     54.410    6.36335    9.09386  0.000e+00
        360     12.087     17.530   3231.116   8874.165    11.0483   3.428942     1.1709     0.0073     0.1331     0.0098     1.1709     1.1013     11.986    30.2515    23.0723    1.23269    1.76164     53.811    6.36325    9.09372  0.000e+00
        361     11.997     17.400   3230.990   8873.605    11.0465   3.428455     1.1661     0.0073     0.1343     0.0085     1.1661     1.1220     11.897    30.2483    23.0701    1.22179    1.74606     53.335    6.36363    9.09426  0.000e+00
        362     11.818     17.141   3230.990   8873.231    11.0465   3.428131     1.1612     0.0073     0.1343     0.0085     1.1612     1.1220     11.720    30.2452    23.0677    1.21083    1.73040     52.856    6.36375    9.09444  0.000e+00
        363     11.729     17.011   3230.864   8872.670    11.0446   3.427644     1.1563     0.0061     0.1343     0.0085     1.1563     1.1220     11.631    30.2420    23.0655    1.19993    1.71481     52.380    6.36414    9.09499  0.000e+00
        364     11.595     16.817   3230.927   8872.110    11.0455   3.427157     1.1526     0.0073     0.1355     0.0085     1.1526     1.1426     11.498    30.2365    23.0611    1.19170    1.70306     52.022    6.36423    9.09512  0.000e+00
        365     11.505     16.687   3230.716   8871.487    11.0425   3.426616     1.1477     0.0073     0.1319     0.0085     1.1477     1.0806     11.409    30.2338    23.0595    1.18083    1.68752     51.547    6.36476    9.09588  0.000e+00
        366     11.416     16.557   3230.506   8870.866    11.0394   3.426078     1.1429     0.0073     0.1331     0.0085     1.1429     1.1013     11.320    30.2310    23.0579    1.16995    1.67197     51.072    6.36530    9.09664  0.000e+00
        367     11.326     16.427   3230.296   8870.249    11.0364   3.425542     1.1392     0.0073     0.1343     0.0085     1.1392     1.1220     11.232    30.2283    23.0563    1.16180    1.66033     50.717    6.36583    9.09740  0.000e+00
        368     11.192     16.233   3230.359   8869.692    11.0373   3.425059     1.1355     0.0073     0.1355     0.0098     1.1355     1.1426     11.099    30.2229    23.0519    1.15358    1.64858     50.358    6.36592    9.09753  0.000e+00
        369     11.103     16.103   3230.296   8869.696    11.0364   3.425062     1.1306     0.0073     0.1355     0.0085     1.1306     1.1426     11.010    30.2237    23.0527    1.14262    1.63292     49.880    6.36601    9.09767  0.000e+00
        370     11.013     15.973   3230.297   8868.391    11.0364   3.423930     1.1270     0.0073     0.1343     0.0085     1.1270     1.1220     10.921    30.2127    23.0442    1.13447    1.62126     49.524    6.36645    9.09830  0.000e+00
        371     10.924     15.843   3230.170   8868.021    11.0346   3.423609     1.1233     0.0073     0.1355     0.0085     1.1233     1.1426     10.832    30.2111    23.0432    1.12628    1.60957     49.167    6.36677    9.09875  0.000e+00
        372     10.790     15.649   3230.108   8866.903    11.0337   3.422639     1.1197     0.0073     0.1331     0.0085     1.1197     1.1013     10.699    30.2024    23.0366    1.11812    1.59791     48.811    6.36725    9.09943  0.000e+00
        373     10.700     15.519   3229.855   8865.224    11.0300   3.421183     1.1172     0.0073     0.1343     0.0085     1.1172     1.1220     10.611    30.1912    23.0285    1.11279    1.59029     48.579    6.36821    9.10080  0.000e+00
        374     10.566     15.325   3229.602   8863.918    11.0263   3.420050     1.1136     0.0073     0.1331     0.0098     1.1136     1.1013     10.478    30.1832    23.0229    1.10469    1.57871     48.225    6.36904    9.10199  0.000e+00
        375     10.476     15.195   3229.224   8862.613    11.0208   3.418918     1.1111     0.0073     0.1355     0.0098     1.1111     1.1426     10.389    30.1766    23.0188    1.09936    1.57110     47.993    6.37006    9.10345  0.000e+00
        376     10.387     15.065   3229.034   8862.617    11.0181   3.418922     1.1074     0.0073     0.1355     0.0085     1.1074     1.1426     10.300    30.1790    23.0211    1.09117    1.55939     47.635    6.37035    9.10387  0.000e+00
        377     10.253     14.870   3228.908   8861.311    11.0162   3.417790     1.1050     0.0073     0.1355     0.0085     1.1050     1.1426     10.167    30.1694    23.0140    1.08577    1.55167     47.400    6.37099    9.10478  0.000e+00
        378     10.208     14.806   3228.719   8861.128    11.0135   3.417631     1.1013     0.0073     0.1343     0.0085     1.1013     1.1220     10.123    30.1702    23.0150    1.07759    1.53999     47.043    6.37134    9.10528  0.000e+00
        379     10.119     14.676   3228.656   8859.447    11.0126   3.416174     1.1001     0.0073     0.1355     0.0085     1.1001     1.1426     10.034    30.1567    23.0047    1.07495    1.53621     46.928    6.37201    9.10624  0.000e+00
        380      9.984     14.481   3228.340   8859.077    11.0080   3.415853     1.0952     0.0073     0.1343     0.0085     1.0952     1.1220      9.901    30.1574    23.0060    1.06406    1.52064     46.452    6.37262    9.10711  0.000e+00
        381      9.895     14.351   3228.088   8857.584    11.0043   3.414559     1.0940     0.0073     0.1343     0.0085     1.0940     1.1220      9.812    30.1477    22.9992    1.06145    1.51691     46.338    6.37351    9.10839  0.000e+00
        382      9.806     14.222   3227.835   8857.775    11.0007   3.414725     1.0904     0.0073     0.1355     0.0085     1.0904     1.1426      9.724    30.1524    23.0034    1.05325    1.50520     45.981    6.37384    9.10885  0.000e+00
        383      9.671     14.027   3227.772   8857.405    10.9998   3.414404     1.0879     0.0073     0.1355     0.0085     1.0879     1.1426      9.591    30.1501    23.0018    1.04778    1.49739     45.742    6.37406    9.10916  0.000e+00
        384      9.671     14.027   3227.772   8856.098    10.9998   3.413271     1.0867     0.0073     0.1368     0.0085     1.0867     1.1633      9.591    30.1390    22.9931    1.04511    1.49357     45.626    6.37450    9.10980  0.000e+00
        385      9.627     13.962   3227.457   8855.727    10.9952   3.412951     1.0855     0.0073     0.1368     0.0085     1.0855     1.1633      9.546    30.1396    22.9944    1.04246    1.48977     45.510    6.37511    9.11067  0.000e+00
        386      9.403     13.638   3227.331   8856.668    10.9933   3.413765     1.0830     0.0073     0.1355     0.0085     1.0830     1.1426      9.324    30.1492    23.0022    1.03691    1.48185     45.267    6.37498    9.11049  0.000e+00
        387      9.314     13.508   3227.520   8854.237    10.9961   3.411660     1.0830     0.0073     0.1343     0.0085     1.0830     1.1220      9.236    30.1263    22.9839    1.03699    1.48197     45.272    6.37552    9.11125  0.000e+00
        388      9.269     13.443   3226.889   8853.118    10.9869   3.410690     1.0830     0.0073     0.1343     0.0085     1.0830     1.1220      9.191    30.1244    22.9840    1.03719    1.48225     45.280    6.37687    9.11319  0.000e+00
        389      9.135     13.249   3226.699   8851.998    10.9842   3.409720     1.0818     0.0073     0.1343     0.0085     1.0818     1.1220      9.058    30.1172    22.9789    1.03454    1.47845     45.165    6.37754    9.11415  0.000e+00
        390      8.956     12.989   3226.384   8851.814    10.9796   3.409561     1.0818     0.0061     0.1368     0.0085     1.0818     1.1633      8.881    30.1195    22.9814    1.03459    1.47854     45.167    6.37809    9.11493  0.000e+00
        391      8.866     12.859   3226.194   8849.382    10.9768   3.407455     1.0818     0.0073     0.1404     0.0085     1.0818     1.2253      8.792    30.1011    22.9676    1.03476    1.47877     45.175    6.37921    9.11653  0.000e+00
        392      8.777     12.730   3225.815   8848.824    10.9713   3.406972     1.0818     0.0073     0.1392     0.0085     1.0818     1.2046      8.704    30.1009    22.9684    1.03486    1.47892     45.179    6.37998    9.11764  0.000e+00
        393      8.643     12.535   3225.499   8848.828    10.9668   3.406976     1.0830     0.0061     0.1355     0.0085     1.0830     1.1426      8.571    30.1048    22.9722    1.03766    1.48292     45.301    6.38047    9.11833  0.000e+00
        394      8.598     12.470   3225.563   8847.708    10.9677   3.406006     1.0842     0.0073     0.1392     0.0085     1.0842     1.2046      8.526    30.0945    22.9641    1.04045    1.48690     45.423    6.38075    9.11873  0.000e+00
        395      8.464     12.276   3225.374   8846.587    10.9649   3.405036     1.0842     0.0073     0.1404     0.0085     1.0842     1.2253      8.393    30.0873    22.9590    1.04053    1.48703     45.427    6.38142    9.11969  0.000e+00
