unitTesting/processed_seabird_noalign/ORCA1_CAST0014.cnv
* Sea-Bird SBE 19 Data File:
* FileName =
* Software Version 4.234
* Temperature SN = 2835
* Conductivity SN = 2835
* System UpLoad Time = Sat Jan 22 11:54:09 2005

** Ship: ORCA
** Cruise: Mooring
** Station: Twanoh
** Latitude: 47 22.5
** Longitude: 123 0.5
# nquan = 22
# nvalues = 907                                   
# units = specified
# name 0 = scan: Scan Count
# name 1 = prSM: Pressure, Strain Gauge [db]
# name 2 = prSE: Pressure, Strain Gauge [psi]
# name 3 = f0: Frequency 0
# name 4 = f1: Frequency 1
# name 5 = t090C: Temperature [ITS-90, deg C]
# name 6 = c0S/m: Conductivity [S/m]
# name 7 = v0: Voltage 0
# name 8 = v1: Voltage 1
# name 9 = v2: Voltage 2
# name 10 = v3: Voltage 3
# name 11 = sbeox0V: Oxygen raw, SBE 43 [V]
# name 12 = wetStar: Fluorescence, WET Labs WETstar [mg/m^3]
# name 13 = depSM: Depth [salt water, m], lat = 47.28
# name 14 = sal00: Salinity, Practical [PSU]
# name 15 = sigma-t00: Density [sigma-t, Kg/m^3 ]
# name 16 = sbeox0ML/L: Oxygen, SBE 43 [ml/l]
# name 17 = sbeox0Mg/L: Oxygen, SBE 43 [mg/l]
# name 18 = sbeox0Mm/Kg: Oxygen, SBE 43 [umol/Kg]
# name 19 = oxsatML/L: Oxygen Saturation, Weiss [ml/l]
# name 20 = oxsatMg/L: Oxygen Saturation, Weiss [mg/l]
# name 21 = flag:  0.000e+00
# span 0 =          1,        907                 
# span 1 =      0.951,     29.627                 
# span 2 =      1.380,     42.970                 
# span 3 =   3087.042,   3233.277                 
# span 4 =   7071.961,   8907.006                 
# span 5 =     8.9244,    11.0796                 
# span 6 =   2.025051,   3.457513                 
# span 7 =     0.0000,     3.0159                 
# span 8 =     0.0000,     0.0073                 
# span 9 =     0.0000,     0.5201                 
# span 10 =     0.0000,     0.0098                
# span 11 =     0.0000,     3.0159                
# span 12 =    -1.1506,     7.6503                
# span 13 =      0.943,     29.378                
# span 14 =    17.9648,    30.5110                
# span 15 =    13.8196,    23.2713                
# span 16 =   -1.39490,    5.88668                
# span 17 =   -1.99345,    8.41266                
# span 18 =    -60.889,    259.078                
# span 19 =    6.35065,    7.21049                
# span 20 =    9.07572,   10.30451                
# span 21 = 0.0000e+00, 0.0000e+00                
# interval = seconds: 0.5
# start_time = Jan 31 2016 20:27:10 [DatCnv date, localtime]
# bad_flag = -9.990e-29
*END*
[from data line 132]
        133     18.976     27.522   3232.199   8890.191    11.0640   3.442871     1.2662     0.0073     0.1306     0.0085     1.2662     1.0600     18.817    30.3721    23.1633    1.44615    2.06669     63.123    6.35624    9.08370  0.000e+00
        134     18.931     27.458   3232.200   8890.570    11.0640   3.443200     1.2662     0.0061     0.1306     0.0085     1.2662     1.0600     18.773    30.3753    23.1658    1.44611    2.06664     63.121    6.35611    9.08351  0.000e+00
        135     18.976     27.522   3232.264   8890.203    11.0649   3.442881     1.2662     0.0073     0.1306     0.0085     1.2662     1.0600     18.817    30.3714    23.1626    1.44613    2.06666     63.122    6.35613    9.08355  0.000e+00
        136     18.976     27.522   3232.391   8890.209    11.0668   3.442886     1.2662     0.0073     0.1355     0.0085     1.2662     1.1426     18.817    30.3700    23.1612    1.44609    2.06660     63.120    6.35594    9.08327  0.000e+00
        137     18.976     27.522   3232.265   8890.214    11.0650   3.442891     1.2662     0.0061     0.1306     0.0085     1.2662     1.0600     18.817    30.3715    23.1627    1.44613    2.06666     63.122    6.35613    9.08354  0.000e+00
        138     18.976     27.522   3232.266   8890.220    11.0650   3.442896     1.2674     0.0073     0.1306     0.0085     1.2674     1.0600     18.817    30.3716    23.1627    1.44886    2.07057     63.241    6.35613    9.08354  0.000e+00
        139     18.976     27.522   3232.266   8890.226    11.0650   3.442901     1.2674     0.0073     0.1306     0.0085     1.2674     1.0600     18.817    30.3716    23.1628    1.44886    2.07057     63.241    6.35612    9.08354  0.000e+00
        140     18.976     27.522   3232.267   8890.232    11.0650   3.442906     1.2674     0.0073     0.1306     0.0098     1.2674     1.0600     18.817    30.3716    23.1628    1.44886    2.07057     63.241    6.35612    9.08353  0.000e+00
        141     18.976     27.522   3232.267   8890.238    11.0650   3.442911     1.2686     0.0073     0.1392     0.0085     1.2686     1.2046     18.817    30.3717    23.1628    1.45160    2.07448     63.361    6.35612    9.08353  0.000e+00
        142     18.976     27.522   3232.268   8890.430    11.0650   3.443078     1.2698     0.0061     0.1343     0.0085     1.2698     1.1220     18.817    30.3733    23.1641    1.45432    2.07838     63.480    6.35605    9.08343  0.000e+00
        143     18.976     27.522   3232.142   8890.249    11.0632   3.442921     1.2711     0.0073     0.1306     0.0085     1.2711     1.0600     18.817    30.3733    23.1644    1.45712    2.08237     63.602    6.35630    9.08379  0.000e+00
        144     18.976     27.522   3232.143   8890.441    11.0632   3.443088     1.2711     0.0073     0.1319     0.0085     1.2711     1.0806     18.817    30.3749    23.1656    1.45710    2.08235     63.601    6.35624    9.08370  0.000e+00
        145     18.976     27.522   3232.143   8890.447    11.0632   3.443093     1.2723     0.0073     0.1319     0.0085     1.2723     1.0806     18.817    30.3749    23.1657    1.45984    2.08626     63.720    6.35624    9.08370  0.000e+00
        146     18.976     27.522   3232.144   8890.266    11.0632   3.442936     1.2735     0.0073     0.1319     0.0085     1.2735     1.0806     18.817    30.3734    23.1645    1.46259    2.09019     63.841    6.35630    9.08378  0.000e+00
        147     18.976     27.522   3232.208   8890.459    11.0641   3.443103     1.2735     0.0073     0.1319     0.0098     1.2735     1.0806     18.817    30.3743    23.1650    1.46256    2.09014     63.839    6.35613    9.08355  0.000e+00
        148     18.976     27.522   3232.208   8890.464    11.0641   3.443108     1.2723     0.0073     0.1343     0.0098     1.2723     1.1220     18.817    30.3743    23.1650    1.45982    2.08623     63.719    6.35613    9.08355  0.000e+00
        149     18.931     27.458   3232.209   8890.470    11.0641   3.443113     1.2723     0.0073     0.1306     0.0085     1.2723     1.0600     18.773    30.3744    23.1651    1.45981    2.08621     63.719    6.35613    9.08354  0.000e+00
        150     18.976     27.522   3232.273   8890.662    11.0651   3.443280     1.2723     0.0061     0.1306     0.0085     1.2723     1.0600     18.817    30.3752    23.1656    1.45978    2.08618     63.718    6.35596    9.08331  0.000e+00
        151     18.976     27.522   3232.147   8890.482    11.0632   3.443123     1.2723     0.0073     0.1306     0.0085     1.2723     1.0600     18.817    30.3752    23.1659    1.45984    2.08625     63.720    6.35622    9.08367  0.000e+00
        152     18.976     27.522   3232.211   8891.047    11.0642   3.443615     1.2723     0.0073     0.1306     0.0085     1.2723     1.0600     18.817    30.3792    23.1688    1.45977    2.08616     63.717    6.35593    9.08326  0.000e+00
        153     18.976     27.522   3232.148   8890.680    11.0633   3.443295     1.2723     0.0073     0.1306     0.0085     1.2723     1.0600     18.817    30.3769    23.1672    1.45982    2.08623     63.719    6.35615    9.08357  0.000e+00
        154     18.931     27.458   3232.149   8890.686    11.0633   3.443300     1.2735     0.0073     0.1306     0.0085     1.2735     1.0600     18.773    30.3769    23.1672    1.46255    2.09013     63.839    6.35615    9.08357  0.000e+00
        155     18.976     27.522   3232.213   8890.691    11.0642   3.443305     1.2735     0.0061     0.1306     0.0085     1.2735     1.0600     18.817    30.3762    23.1665    1.46254    2.09011     63.838    6.35605    9.08343  0.000e+00
        156     18.976     27.522   3232.276   8890.697    11.0651   3.443310     1.2747     0.0073     0.1306     0.0085     1.2747     1.0600     18.817    30.3755    23.1658    1.46526    2.09400     63.957    6.35595    9.08328  0.000e+00
        157     18.976     27.522   3232.214   8890.703    11.0642   3.443315     1.2747     0.0073     0.1355     0.0085     1.2747     1.1426     18.817    30.3763    23.1665    1.46528    2.09403     63.958    6.35604    9.08342  0.000e+00
        158     18.976     27.522   3232.278   8890.895    11.0651   3.443483     1.2772     0.0073     0.1306     0.0085     1.2772     1.0600     18.817    30.3772    23.1671    1.47072    2.10180     64.195    6.35588    9.08318  0.000e+00
        159     18.976     27.522   3232.152   8890.901    11.0633   3.443488     1.2759     0.0073     0.1306     0.0085     1.2759     1.0600     18.817    30.3787    23.1686    1.46802    2.09795     64.077    6.35607    9.08346  0.000e+00
        160     18.976     27.522   3232.279   8890.907    11.0652   3.443493     1.2759     0.0073     0.1294     0.0085     1.2759     1.0393     18.817    30.3772    23.1671    1.46798    2.09789     64.075    6.35587    9.08318  0.000e+00
        161     18.976     27.522   3232.216   8891.099    11.0642   3.443660     1.2772     0.0073     0.1355     0.0085     1.2772     1.1426     18.817    30.3796    23.1691    1.47072    2.10181     64.195    6.35590    9.08322  0.000e+00
        162     18.976     27.522   3232.154   8891.105    11.0633   3.443665     1.2759     0.0073     0.1306     0.0085     1.2759     1.0600     18.817    30.3804    23.1699    1.46800    2.09792     64.076    6.35600    9.08335  0.000e+00
        163     18.976     27.522   3232.281   8891.110    11.0652   3.443670     1.2759     0.0073     0.1306     0.0085     1.2759     1.0600     18.817    30.3790    23.1684    1.46796    2.09786     64.075    6.35580    9.08307  0.000e+00
        164     18.976     27.522   3232.218   8890.930    11.0643   3.443513     1.2772     0.0073     0.1319     0.0085     1.2772     1.0806     18.817    30.3782    23.1680    1.47073    2.10183     64.196    6.35596    9.08330  0.000e+00
        165     18.976     27.522   3232.345   8890.935    11.0661   3.443518     1.2772     0.0073     0.1319     0.0085     1.2772     1.0806     18.817    30.3767    23.1665    1.47069    2.10177     64.194    6.35576    9.08302  0.000e+00
        166     18.976     27.522   3232.219   8890.941    11.0643   3.443523     1.2772     0.0073     0.1306     0.0098     1.2772     1.0600     18.817    30.3782    23.1680    1.47073    2.10183     64.196    6.35595    9.08329  0.000e+00
        167     18.976     27.522   3232.157   8890.947    11.0634   3.443528     1.2772     0.0061     0.1306     0.0085     1.2772     1.0600     18.817    30.3790    23.1688    1.47075    2.10185     64.196    6.35604    9.08342  0.000e+00
        168     18.976     27.522   3232.157   8890.953    11.0634   3.443533     1.2772     0.0073     0.1319     0.0085     1.2772     1.0806     18.817    30.3791    23.1689    1.47075    2.10185     64.196    6.35604    9.08342  0.000e+00
        169     18.976     27.522   3232.158   8891.145    11.0634   3.443700     1.2772     0.0073     0.1306     0.0085     1.2772     1.0600     18.817    30.3807    23.1701    1.47074    2.10183     64.196    6.35598    9.08332  0.000e+00
        170     18.976     27.522   3232.222   8891.151    11.0643   3.443705     1.2784     0.0073     0.1319     0.0085     1.2784     1.0806     18.817    30.3800    23.1694    1.47346    2.10571     64.314    6.35588    9.08318  0.000e+00
        171     18.976     27.522   3232.222   8890.970    11.0643   3.443548     1.2772     0.0073     0.1331     0.0085     1.2772     1.1013     18.817    30.3785    23.1682    1.47073    2.10182     64.195    6.35594    9.08327  0.000e+00
        172     18.976     27.522   3232.160   8890.976    11.0634   3.443553     1.2784     0.0061     0.1319     0.0085     1.2784     1.0806     18.817    30.3793    23.1690    1.47349    2.10576     64.316    6.35603    9.08340  0.000e+00
        173     18.976     27.522   3232.160   8890.982    11.0634   3.443558     1.2796     0.0073     0.1319     0.0098     1.2796     1.0806     18.817    30.3793    23.1690    1.47623    2.10968     64.435    6.35603    9.08340  0.000e+00
        174     18.976     27.522   3232.161   8890.987    11.0634   3.443563     1.2796     0.0073     0.1319     0.0085     1.2796     1.0806     18.817    30.3793    23.1690    1.47623    2.10968     64.435    6.35602    9.08339  0.000e+00
        175     18.976     27.522   3232.035   8890.993    11.0616   3.443568     1.2796     0.0073     0.1306     0.0085     1.2796     1.0600     18.817    30.3809    23.1706    1.47627    2.10973     64.437    6.35621    9.08367  0.000e+00
        176     18.931     27.458   3232.162   8890.812    11.0635   3.443411     1.2784     0.0073     0.1306     0.0085     1.2784     1.0600     18.773    30.3779    23.1679    1.47349    2.10577     64.316    6.35608    9.08348  0.000e+00
        177     18.976     27.522   3232.099   8891.005    11.0625   3.443578     1.2796     0.0073     0.1331     0.0085     1.2796     1.1013     18.817    30.3802    23.1699    1.47625    2.10970     64.436    6.35611    9.08352  0.000e+00
        178     18.976     27.522   3232.100   8891.010    11.0626   3.443583     1.2796     0.0073     0.1306     0.0085     1.2796     1.0600     18.817    30.3803    23.1699    1.47624    2.10970     64.436    6.35611    9.08352  0.000e+00
        179     18.976     27.522   3232.101   8891.016    11.0626   3.443588     1.2808     0.0073     0.1294     0.0085     1.2808     1.0393     18.817    30.3803    23.1699    1.47898    2.11361     64.556    6.35611    9.08351  0.000e+00
        180     18.976     27.522   3232.101   8891.022    11.0626   3.443593     1.2821     0.0073     0.1306     0.0098     1.2821     1.0600     18.817    30.3803    23.1700    1.48172    2.11753     64.675    6.35610    9.08351  0.000e+00
        181     18.976     27.522   3232.038   8891.028    11.0617   3.443598     1.2808     0.0061     0.1294     0.0085     1.2808     1.0393     18.817    30.3811    23.1708    1.47900    2.11364     64.556    6.35620    9.08364  0.000e+00
        182     18.976     27.522   3232.102   8891.034    11.0626   3.443603     1.2808     0.0073     0.1319     0.0085     1.2808     1.0806     18.817    30.3804    23.1700    1.47898    2.11361     64.556    6.35610    9.08350  0.000e+00
        183     18.976     27.522   3231.976   8891.039    11.0608   3.443608     1.2821     0.0073     0.1306     0.0085     1.2821     1.0600     18.817    30.3820    23.1716    1.48176    2.11758     64.677    6.35629    9.08377  0.000e+00
        184     18.976     27.522   3231.977   8891.232    11.0608   3.443775     1.2821     0.0073     0.1343     0.0085     1.2821     1.1220     18.817    30.3836    23.1728    1.48174    2.11756     64.676    6.35622    9.08368  0.000e+00
        185     18.976     27.522   3232.041   8891.237    11.0617   3.443780     1.2808     0.0073     0.1319     0.0085     1.2808     1.0806     18.817    30.3829    23.1721    1.47898    2.11362     64.556    6.35612    9.08353  0.000e+00
        186     18.976     27.522   3232.168   8891.243    11.0635   3.443785     1.2796     0.0073     0.1319     0.0085     1.2796     1.0806     18.817    30.3814    23.1706    1.47620    2.10964     64.434    6.35593    9.08325  0.000e+00
        187     18.976     27.522   3231.979   8891.249    11.0608   3.443791     1.2796     0.0073     0.1306     0.0085     1.2796     1.0600     18.817    30.3837    23.1729    1.47626    2.10973     64.437    6.35621    9.08366  0.000e+00
        188     18.976     27.522   3232.106   8891.068    11.0626   3.443633     1.2796     0.0061     0.1306     0.0085     1.2796     1.0600     18.817    30.3807    23.1702    1.47624    2.10969     64.436    6.35608    9.08348  0.000e+00
        189     18.976     27.522   3231.980   8891.260    11.0608   3.443801     1.2808     0.0073     0.1306     0.0085     1.2808     1.0600     18.817    30.3838    23.1730    1.47900    2.11364     64.556    6.35621    9.08366  0.000e+00
        190     18.976     27.522   3231.981   8891.266    11.0608   3.443806     1.2796     0.0073     0.1306     0.0085     1.2796     1.0600     18.817    30.3839    23.1730    1.47626    2.10973     64.437    6.35620    9.08365  0.000e+00
        191     18.976     27.522   3231.981   8891.272    11.0608   3.443811     1.2796     0.0073     0.1306     0.0085     1.2796     1.0600     18.817    30.3839    23.1730    1.47626    2.10973     64.437    6.35620    9.08365  0.000e+00
        192     18.976     27.522   3232.045   8891.278    11.0618   3.443816     1.2796     0.0073     0.1306     0.0085     1.2796     1.0600     18.817    30.3832    23.1723    1.47624    2.10970     64.436    6.35610    9.08351  0.000e+00
        193     18.976     27.522   3231.982   8891.283    11.0609   3.443821     1.2784     0.0073     0.1306     0.0085     1.2784     1.0600     18.817    30.3840    23.1731    1.47352    2.10581     64.317    6.35620    9.08364  0.000e+00
        194     18.976     27.522   3231.983   8891.289    11.0609   3.443826     1.2784     0.0073     0.1306     0.0085     1.2784     1.0600     18.817    30.3840    23.1731    1.47352    2.10581     64.317    6.35619    9.08364  0.000e+00
        195     18.976     27.522   3231.984   8891.295    11.0609   3.443831     1.2772     0.0073     0.1319     0.0085     1.2772     1.0806     18.817    30.3841    23.1732    1.47078    2.10189     64.197    6.35619    9.08363  0.000e+00
        196     18.931     27.458   3231.921   8891.301    11.0600   3.443836     1.2759     0.0073     0.1319     0.0085     1.2759     1.0806     18.773    30.3849    23.1740    1.46805    2.09800     64.078    6.35628    9.08376  0.000e+00
        197     18.976     27.522   3231.985   8891.307    11.0609   3.443841     1.2759     0.0073     0.1331     0.0085     1.2759     1.1013     18.817    30.3842    23.1732    1.46804    2.09798     64.078    6.35618    9.08362  0.000e+00
