unitTesting/processed_seabird_noalign/ORCA1_CAST0030.cnv
* Sea-Bird SBE 19 Data File:
* FileName =
* Software Version 4.234
* Temperature SN = 2835
* Conductivity SN = 2835
* System UpLoad Time = Wed Jan 26 12:02:27 2005

** Ship: ORCA
** Cruise: Mooring
** Station: Twanoh
** Latitude: 47 22.5
** Longitude: 123 0.5
# nquan = 22
# nvalues = 889                                   
# units = specified
# name 0 = scan: Scan Count
# name 1 = prSM: Pressure, Strain Gauge [db]
# name 2 = prSE: Pressure, Strain Gauge [psi]
# name 3 = f0: Frequency 0
# name 4 = f1: Frequency 1
# name 5 = t090C: Temperature [ITS-90, deg C]
# name 6 = c0S/m: Conductivity [S/m]
# name 7 = v0: Voltage 0
# name 8 = v1: Voltage 1
# name 9 = v2: Voltage 2
# name 10 = v3: Voltage 3
# name 11 = sbeox0V: Oxygen raw, SBE 43 [V]
# name 12 = wetStar: Fluorescence, WET Labs WETstar [mg/m^3]
# name 13 = depSM: Depth [salt water, m], lat = 47.28
# name 14 = sal00: Salinity, Practical [PSU]
# name 15 = sigma-t00: Density [sigma-t, Kg/m^3 ]
# name 16 = sbeox0ML/L: Oxygen, SBE 43 [ml/l]
# name 17 = sbeox0Mg/L: Oxygen, SBE 43 [mg/l]
# name 18 = sbeox0Mm/Kg: Oxygen, SBE 43 [umol/Kg]
# name 19 = oxsatML/L: Oxygen Saturation, Weiss [ml/l]
# name 20 = oxsatMg/L: Oxygen Saturation, Weiss [mg/l]
# name 21 = flag:  0.000e+00
# span 0 =          1,        889                 
# span 1 =      0.996,     29.672                 
# span 2 =      1.444,     43.035                 
# span 3 =   3091.107,   3233.047                 
# span 4 =   6847.917,   8901.251                 
# span 5 =     8.9852,    11.0763                 
# span 6 =   1.872975,   3.452500                 
# span 7 =     0.0000,     2.8913                 
# span 8 =     0.0000,     0.0073                 
# span 9 =     0.0000,     0.3028                 
# span 10 =     0.0000,     0.0098                
# span 11 =     0.0000,     2.8913                
# span 12 =    -1.1506,     3.9730                
# span 13 =      0.988,     29.422                
# span 14 =    16.4860,    30.4588                
# span 15 =    12.6639,    23.2300                
# span 16 =   -1.39615,    5.71551                
# span 17 =   -1.99523,    8.16804                
# span 18 =    -60.948,    252.049                
# span 19 =    6.35222,    7.27436                
# span 20 =    9.07796,   10.39579                
# span 21 = 0.0000e+00, 0.0000e+00                
# interval = seconds: 0.5
# start_time = Jan 31 2016 20:27:24 [DatCnv date, localtime]
# bad_flag = -9.990e-29
*END*
[from data line 659]
        660     21.034     30.508   3231.013   8881.686    11.0468   3.435477     1.1233     0.0073     0.1343     0.0085     1.1233     1.1220     20.858    30.3131    23.1204    1.12682    1.61033     49.186    6.36098    9.09048  0.000e+00
        661     21.124     30.637   3231.266   8881.686    11.0505   3.435477     1.1270     0.0073     0.1343     0.0085     1.1270     1.1220     20.947    30.3101    23.1174    1.13499    1.62202     49.543    6.36060    9.08993  0.000e+00
        662     21.213     30.767   3231.202   8882.620    11.0495   3.436289     1.1294     0.0073     0.1355     0.0085     1.1294     1.1426     21.036    30.3187    23.1243    1.14045    1.62981     49.781    6.36038    9.08962  0.000e+00
        663     21.347     30.962   3231.329   8882.247    11.0514   3.435965     1.1306     0.0061     0.1355     0.0085     1.1306     1.1426     21.169    30.3140    23.1203    1.14320    1.63375     49.902    6.36031    9.08952  0.000e+00
        664     21.437     31.092   3231.392   8882.621    11.0523   3.436290     1.1331     0.0073     0.1343     0.0085     1.1331     1.1220     21.257    30.3164    23.1220    1.14866    1.64155     50.140    6.36009    9.08921  0.000e+00
        665     21.526     31.221   3231.329   8883.555    11.0514   3.437102     1.1343     0.0061     0.1343     0.0085     1.1343     1.1220     21.346    30.3251    23.1289    1.15137    1.64543     50.258    6.35987    9.08889  0.000e+00
        666     21.616     31.351   3231.329   8884.489    11.0514   3.437913     1.1355     0.0061     0.1355     0.0085     1.1355     1.1426     21.435    30.3330    23.1351    1.15407    1.64928     50.375    6.35955    9.08844  0.000e+00
        667     21.750     31.546   3231.582   8885.049    11.0550   3.438400     1.1368     0.0073     0.1343     0.0085     1.1368     1.1220     21.568    30.3346    23.1358    1.15674    1.65309     50.492    6.35898    9.08762  0.000e+00
        668     21.840     31.676   3231.581   8885.236    11.0550   3.438563     1.1380     0.0073     0.1343     0.0085     1.1380     1.1220     21.657    30.3362    23.1370    1.15948    1.65701     50.611    6.35892    9.08753  0.000e+00
        669     21.974     31.870   3231.645   8885.610    11.0560   3.438888     1.1392     0.0073     0.1343     0.0085     1.1392     1.1220     21.790    30.3386    23.1386    1.16220    1.66090     50.730    6.35869    9.08721  0.000e+00
        670     22.019     31.935   3231.897   8885.797    11.0596   3.439051     1.1392     0.0073     0.1343     0.0085     1.1392     1.1220     21.834    30.3371    23.1369    1.16213    1.66080     50.727    6.35824    9.08657  0.000e+00
        671     22.108     32.065   3231.961   8885.611    11.0605   3.438889     1.1404     0.0073     0.1343     0.0098     1.1404     1.1220     21.923    30.3347    23.1349    1.16488    1.66474     50.847    6.35821    9.08652  0.000e+00
        672     22.242     32.260   3231.961   8886.545    11.0605   3.439701     1.1392     0.0061     0.1343     0.0085     1.1392     1.1220     22.056    30.3426    23.1410    1.16211    1.66077     50.726    6.35790    9.08607  0.000e+00
        673     22.377     32.455   3232.087   8886.918    11.0624   3.440025     1.1392     0.0073     0.1331     0.0085     1.1392     1.1013     22.189    30.3443    23.1420    1.16207    1.66072     50.724    6.35758    9.08562  0.000e+00
        674     22.466     32.584   3232.277   8887.479    11.0651   3.440513     1.1404     0.0073     0.1343     0.0085     1.1404     1.1220     22.278    30.3467    23.1434    1.16474    1.66454     50.841    6.35710    9.08493  0.000e+00
        675     22.600     32.779   3232.340   8887.479    11.0660   3.440513     1.1404     0.0073     0.1343     0.0085     1.1404     1.1220     22.411    30.3459    23.1426    1.16475    1.66454     50.841    6.35700    9.08479  0.000e+00
        676     22.690     32.909   3232.466   8887.853    11.0679   3.440838     1.1416     0.0061     0.1343     0.0085     1.1416     1.1220     22.500    30.3475    23.1436    1.16745    1.66840     50.959    6.35669    9.08434  0.000e+00
        677     22.779     33.039   3232.656   8888.413    11.0706   3.441325     1.1416     0.0061     0.1343     0.0085     1.1416     1.1220     22.588    30.3500    23.1450    1.16738    1.66830     50.956    6.35621    9.08365  0.000e+00
        678     22.914     33.233   3232.845   8888.413    11.0734   3.441325     1.1416     0.0073     0.1343     0.0085     1.1416     1.1220     22.722    30.3477    23.1427    1.16735    1.66826     50.955    6.35592    9.08324  0.000e+00
        679     23.048     33.428   3232.782   8888.227    11.0725   3.441164     1.1416     0.0073     0.1355     0.0098     1.1416     1.1426     22.855    30.3468    23.1422    1.16740    1.66833     50.957    6.35608    9.08347  0.000e+00
        680     23.137     33.558   3232.782   8888.787    11.0725   3.441651     1.1416     0.0061     0.1331     0.0085     1.1416     1.1013     22.943    30.3515    23.1459    1.16738    1.66830     50.956    6.35589    9.08320  0.000e+00
        681     23.227     33.688   3232.782   8888.788    11.0725   3.441651     1.1404     0.0073     0.1343     0.0085     1.1404     1.1220     23.032    30.3515    23.1458    1.16465    1.66441     50.837    6.35589    9.08321  0.000e+00
        682     23.406     33.947   3232.845   8888.788    11.0734   3.441652     1.1392     0.0073     0.1331     0.0085     1.1392     1.1013     23.210    30.3507    23.1451    1.16193    1.66051     50.718    6.35580    9.08307  0.000e+00
        683     23.540     34.142   3232.909   8888.975    11.0743   3.441814     1.1368     0.0073     0.1331     0.0085     1.1368     1.1013     23.343    30.3515    23.1455    1.15644    1.65267     50.478    6.35564    9.08285  0.000e+00
        684     23.630     34.272   3232.845   8888.976    11.0734   3.441815     1.1343     0.0073     0.1331     0.0085     1.1343     1.1013     23.432    30.3522    23.1462    1.15099    1.64488     50.240    6.35574    9.08299  0.000e+00
        685     23.764     34.467   3232.845   8888.976    11.0734   3.441815     1.1319     0.0061     0.1355     0.0085     1.1319     1.1426     23.565    30.3521    23.1462    1.14553    1.63707     50.002    6.35574    9.08299  0.000e+00
        686     23.853     34.596   3232.908   8889.163    11.0743   3.441978     1.1294     0.0073     0.1331     0.0085     1.1294     1.1013     23.653    30.3529    23.1466    1.14003    1.62922     49.762    6.35558    9.08276  0.000e+00
        687     23.943     34.726   3232.845   8889.164    11.0734   3.441978     1.1258     0.0073     0.1343     0.0085     1.1258     1.1220     23.742    30.3537    23.1474    1.13184    1.61752     49.404    6.35568    9.08290  0.000e+00
        688     24.032     34.856   3232.845   8889.164    11.0734   3.441979     1.1221     0.0073     0.1355     0.0085     1.1221     1.1426     23.831    30.3536    23.1473    1.12363    1.60579     49.046    6.35568    9.08290  0.000e+00
        689     24.167     35.051   3232.845   8889.351    11.0734   3.442141     1.1197     0.0073     0.1331     0.0098     1.1197     1.1013     23.964    30.3552    23.1485    1.11816    1.59797     48.807    6.35562    9.08282  0.000e+00
        690     24.301     35.245   3232.845   8889.352    11.0734   3.442142     1.1160     0.0061     0.1343     0.0085     1.1160     1.1220     24.097    30.3551    23.1485    1.10996    1.58625     48.449    6.35562    9.08282  0.000e+00
        691     24.390     35.375   3232.908   8889.725    11.0743   3.442467     1.1148     0.0073     0.1331     0.0085     1.1148     1.1013     24.186    30.3575    23.1502    1.10720    1.58229     48.329    6.35540    9.08250  0.000e+00
        692     24.525     35.570   3232.845   8889.726    11.0734   3.442467     1.1111     0.0073     0.1331     0.0085     1.1111     1.1013     24.319    30.3582    23.1509    1.09901    1.57060     47.971    6.35550    9.08264  0.000e+00
        693     24.614     35.700   3232.972   8890.099    11.0752   3.442792     1.1087     0.0073     0.1331     0.0085     1.1087     1.1013     24.408    30.3598    23.1519    1.09349    1.56271     47.730    6.35518    9.08219  0.000e+00
        694     24.704     35.830   3232.845   8890.286    11.0734   3.442955     1.1074     0.0073     0.1331     0.0085     1.1074     1.1013     24.496    30.3629    23.1546    1.09078    1.55884     47.612    6.35531    9.08237  0.000e+00
        695     24.838     36.024   3232.908   8890.660    11.0743   3.443280     1.1050     0.0061     0.1331     0.0085     1.1050     1.1013     24.630    30.3653    23.1562    1.08528    1.55098     47.372    6.35509    9.08206  0.000e+00
        696     24.927     36.154   3232.908   8890.660    11.0743   3.443280     1.1026     0.0073     0.1331     0.0085     1.1026     1.1013     24.718    30.3652    23.1562    1.07982    1.54316     47.133    6.35509    9.08206  0.000e+00
        697     25.062     36.349   3232.971   8890.661    11.0752   3.443281     1.1013     0.0073     0.1343     0.0085     1.1013     1.1220     24.851    30.3644    23.1554    1.07708    1.53925     47.014    6.35499    9.08192  0.000e+00
        698     25.196     36.544   3232.908   8891.034    11.0743   3.443606     1.0989     0.0073     0.1343     0.0085     1.0989     1.1220     24.985    30.3683    23.1586    1.07161    1.53144     46.775    6.35497    9.08188  0.000e+00
        699     25.285     36.673   3232.908   8891.034    11.0743   3.443606     1.0977     0.0073     0.1355     0.0085     1.0977     1.1426     25.073    30.3683    23.1586    1.06888    1.52754     46.656    6.35497    9.08188  0.000e+00
        700     25.420     36.868   3232.845   8891.408    11.0734   3.443931     1.0965     0.0061     0.1355     0.0085     1.0965     1.1426     25.206    30.3722    23.1618    1.06616    1.52364     46.537    6.35494    9.08184  0.000e+00
        701     25.464     36.933   3232.845   8891.408    11.0734   3.443931     1.0940     0.0073     0.1355     0.0085     1.0940     1.1426     25.251    30.3722    23.1617    1.06068    1.51582     46.298    6.35494    9.08184  0.000e+00
        702     25.599     37.128   3232.908   8891.595    11.0743   3.444094     1.0940     0.0073     0.1343     0.0085     1.0940     1.1220     25.384    30.3729    23.1622    1.06068    1.51581     46.297    6.35478    9.08162  0.000e+00
        703     25.688     37.258   3232.845   8891.969    11.0734   3.444419     1.0904     0.0073     0.1343     0.0085     1.0904     1.1220     25.473    30.3768    23.1654    1.05246    1.50407     45.939    6.35475    9.08158  0.000e+00
        704     25.778     37.387   3232.718   8891.783    11.0715   3.444257     1.0916     0.0073     0.1343     0.0085     1.0916     1.1220     25.561    30.3767    23.1656    1.05525    1.50806     46.061    6.35501    9.08194  0.000e+00
        705     25.912     37.582   3232.845   8891.970    11.0734   3.444420     1.0891     0.0073     0.1355     0.0085     1.0891     1.1426     25.695    30.3768    23.1653    1.04975    1.50020     45.820    6.35476    9.08158  0.000e+00
        706     26.001     37.712   3232.782   8892.157    11.0724   3.444582     1.0879     0.0061     0.1343     0.0085     1.0879     1.1220     25.783    30.3791    23.1673    1.04703    1.49631     45.701    6.35479    9.08163  0.000e+00
        707     26.136     37.907   3232.782   8891.971    11.0724   3.444421     1.0867     0.0073     0.1343     0.0085     1.0867     1.1220     25.916    30.3774    23.1660    1.04432    1.49243     45.583    6.35486    9.08172  0.000e+00
        708     26.315     38.166   3232.782   8891.971    11.0724   3.444421     1.0830     0.0061     0.1331     0.0085     1.0830     1.1013     26.094    30.3774    23.1660    1.03612    1.48072     45.225    6.35486    9.08173  0.000e+00
        709     26.404     38.296   3232.718   8892.717    11.0715   3.445071     1.0842     0.0073     0.1343     0.0085     1.0842     1.1220     26.183    30.3844    23.1716    1.03884    1.48461     45.344    6.35470    9.08150  0.000e+00
        710     26.494     38.426   3232.655   8892.531    11.0706   3.444909     1.0830     0.0061     0.1319     0.0085     1.0830     1.0806     26.272    30.3836    23.1711    1.03614    1.48075     45.226    6.35486    9.08173  0.000e+00
        711     26.583     38.556   3232.655   8892.718    11.0706   3.445071     1.0818     0.0073     0.1331     0.0085     1.0818     1.1013     26.360    30.3851    23.1723    1.03340    1.47684     45.106    6.35480    9.08165  0.000e+00
        712     26.718     38.751   3232.655   8892.719    11.0706   3.445072     1.0818     0.0073     0.1343     0.0085     1.0818     1.1220     26.493    30.3851    23.1723    1.03342    1.47686     45.107    6.35480    9.08165  0.000e+00
        713     26.807     38.880   3232.655   8892.719    11.0706   3.445072     1.0818     0.0073     0.1343     0.0085     1.0818     1.1220     26.582    30.3851    23.1723    1.03343    1.47688     45.108    6.35480    9.08165  0.000e+00
        714     26.897     39.010   3232.655   8892.720    11.0706   3.445073     1.0794     0.0073     0.1343     0.0085     1.0794     1.1220     26.671    30.3850    23.1722    1.02796    1.46906     44.869    6.35481    9.08165  0.000e+00
        715     27.031     39.205   3232.655   8892.907    11.0706   3.445235     1.0794     0.0073     0.1331     0.0085     1.0794     1.1013     26.804    30.3866    23.1734    1.02797    1.46908     44.869    6.35474    9.08156  0.000e+00
        716     27.120     39.335   3232.655   8893.094    11.0706   3.445398     1.0769     0.0073     0.1331     0.0085     1.0769     1.1013     26.893    30.3881    23.1746    1.02249    1.46124     44.630    6.35468    9.08147  0.000e+00
        717     27.210     39.465   3232.655   8893.467    11.0706   3.445723     1.0781     0.0073     0.1343     0.0085     1.0781     1.1220     26.982    30.3913    23.1771    1.02523    1.46515     44.749    6.35456    9.08130  0.000e+00
        718     27.299     39.594   3232.655   8893.467    11.0706   3.445723     1.0769     0.0073     0.1343     0.0085     1.0769     1.1220     27.070    30.3912    23.1771    1.02250    1.46125     44.630    6.35456    9.08130  0.000e+00
        719     27.389     39.724   3232.781   8893.654    11.0724   3.445886     1.0781     0.0061     0.1343     0.0085     1.0781     1.1220     27.159    30.3913    23.1768    1.02521    1.46513     44.749    6.35430    9.08093  0.000e+00
        720     27.523     39.919   3232.655   8893.655    11.0706   3.445886     1.0781     0.0073     0.1355     0.0085     1.0781     1.1426     27.292    30.3927    23.1782    1.02526    1.46520     44.751    6.35450    9.08121  0.000e+00
        721     27.613     40.049   3232.655   8893.655    11.0706   3.445887     1.0794     0.0061     0.1343     0.0085     1.0794     1.1220     27.381    30.3927    23.1782    1.02801    1.46913     44.871    6.35450    9.08121  0.000e+00
        722     27.747     40.244   3232.908   8893.656    11.0743   3.445887     1.0781     0.0073     0.1343     0.0085     1.0781     1.1220     27.514    30.3896    23.1752    1.02523    1.46516     44.750    6.35411    9.08066  0.000e+00
        723     27.792     40.308   3232.718   8894.216    11.0715   3.446374     1.0794     0.0061     0.1343     0.0085     1.0794     1.1220     27.558    30.3967    23.1811    1.02799    1.46911     44.870    6.35421    9.08081  0.000e+00
        724     27.926     40.503   3232.718   8894.775    11.0715   3.446862     1.0806     0.0073     0.1343     0.0085     1.0806     1.1220     27.692    30.4014    23.1848    1.03072    1.47301     44.989    6.35402    9.08054  0.000e+00
