unitTesting/processed_seabird_noalign/ORCA1_CAST0045.cnv
* Sea-Bird SBE 19 Data File:
* FileName =
* Software Version 4.234
* Temperature SN = 2835
* Conductivity SN = 2835
* System UpLoad Time = Sun Jan 30 06:10:47 2005

** Ship: ORCA
** Cruise: Mooring
** Station: Twanoh
** Latitude: 47 22.5
** Longitude: 123 0.5
# nquan = 22
# nvalues = 927                                   
# units = specified
# name 0 = scan: Scan Count
# name 1 = prSM: Pressure, Strain Gauge [db]
# name 2 = prSE: Pressure, Strain Gauge [psi]
# name 3 = f0: Frequency 0
# name 4 = f1: Frequency 1
# name 5 = t090C: Temperature [ITS-90, deg C]
# name 6 = c0S/m: Conductivity [S/m]
# name 7 = v0: Voltage 0
# name 8 = v1: Voltage 1
# name 9 = v2: Voltage 2
# name 10 = v3: Voltage 3
# name 11 = sbeox0V: Oxygen raw, SBE 43 [V]
# name 12 = wetStar: Fluorescence, WET Labs WETstar [mg/m^3]
# name 13 = depSM: Depth [salt water, m], lat = 47.28
# name 14 = sal00: Salinity, Practical [PSU]
# name 15 = sigma-t00: Density [sigma-t, Kg/m^3 ]
# name 16 = sbeox0ML/L: Oxygen, SBE 43 [ml/l]
# name 17 = sbeox0Mg/L: Oxygen, SBE 43 [mg/l]
# name 18 = sbeox0Mm/Kg: Oxygen, SBE 43 [umol/Kg]
# name 19 = oxsatML/L: Oxygen Saturation, Weiss [ml/l]
# name 20 = oxsatMg/L: Oxygen Saturation, Weiss [mg/l]
# name 21 = flag:  0.000e+00
# span 0 =          1,        927                 
# span 1 =      0.996,     29.582                 
# span 2 =      1.444,     42.905                 
# span 3 =   3090.006,   3232.702                 
# span 4 =   7436.394,   8899.794                 
# span 5 =     8.9688,    11.0713                 
# span 6 =   2.283018,   3.451231                 
# span 7 =     0.0000,     2.8498                 
# span 8 =     0.0000,     0.0073                 
# span 9 =     0.0000,     0.3162                 
# span 10 =     0.0000,     0.0098                
# span 11 =     0.0000,     2.8498                
# span 12 =    -1.1506,     4.2002                
# span 13 =      0.988,     29.334                
# span 14 =    20.4597,    30.4934                
# span 15 =    15.7598,    23.2667                
# span 16 =   -1.39808,    5.46309                
# span 17 =   -1.99799,    7.80730                
# span 18 =    -61.041,    240.135                
# span 19 =    6.35868,    7.09209                
# span 20 =    9.08718,   10.13530                
# span 21 = 0.0000e+00, 0.0000e+00                
# interval = seconds: 0.5
# start_time = Jan 31 2016 20:27:37 [DatCnv date, localtime]
# bad_flag = -9.990e-29
*END*
[from data line 593]
        594     10.521     15.260   3165.506   8611.872    10.0895   3.204633     1.9731     0.0073     0.2686     0.0098     1.9731     3.3945     10.433    28.8150    22.1132    3.12053    4.45955    136.348    6.55823    9.37237  0.000e+00
        595     10.611     15.389   3165.759   8613.987    10.0933   3.206415     1.9658     0.0073     0.2808     0.0085     1.9658     3.6011     10.522    28.8298    22.1240    3.10313    4.43468    135.586    6.55708    9.37072  0.000e+00
        596     10.700     15.519   3166.075   8615.525    10.0979   3.207711     1.9597     0.0073     0.2650     0.0098     1.9597     3.3325     10.611    28.8389    22.1304    3.08859    4.41391    134.950    6.55602    9.36921  0.000e+00
        597     10.834     15.714   3166.328   8614.752    10.1016   3.207060     1.9512     0.0073     0.2772     0.0085     1.9512     3.5391     10.744    28.8294    22.1224    3.06887    4.38572    134.089    6.55587    9.36900  0.000e+00
        598     10.924     15.843   3166.328   8616.290    10.1016   3.208355     1.9451     0.0073     0.2698     0.0098     1.9451     3.4152     10.832    28.8423    22.1324    3.05457    4.36528    133.463    6.55534    9.36823  0.000e+00
        599     11.058     16.038   3166.644   8617.057    10.1063   3.209002     1.9389     0.0073     0.2430     0.0085     1.9389     2.9606     10.966    28.8450    22.1338    3.04018    4.34473    132.834    6.55455    9.36710  0.000e+00
        600     11.147     16.168   3166.960   8621.865    10.1109   3.213055     1.9353     0.0073     0.2515     0.0085     1.9353     3.1053     11.054    28.8815    22.1615    3.03077    4.33128    132.420    6.55235    9.36396  0.000e+00
        601     11.282     16.362   3167.655   8621.862    10.1212   3.213052     1.9292     0.0073     0.2576     0.0085     1.9292     3.2086     11.187    28.8733    22.1535    3.01626    4.31053    131.787    6.55120    9.36232  0.000e+00
        602     11.416     16.557   3168.161   8624.360    10.1286   3.215159     1.9255     0.0073     0.2821     0.0085     1.9255     3.6217     11.320    28.8883    22.1640    3.00711    4.29746    131.386    6.54950    9.35989  0.000e+00
        603     11.505     16.687   3168.224   8627.433    10.1295   3.217752     1.9194     0.0073     0.2564     0.0085     1.9194     3.1879     11.409    28.9133    22.1833    2.99254    4.27663    130.746    6.54832    9.35821  0.000e+00
        604     11.639     16.881   3168.540   8629.545    10.1342   3.219534     1.9145     0.0073     0.2491     0.0085     1.9145     3.0639     11.542    28.9272    22.1934    2.98078    4.25983    130.231    6.54707    9.35642  0.000e+00
        605     11.774     17.076   3168.666   8630.249    10.1360   3.220128     1.9084     0.0073     0.2466     0.0085     1.9084     3.0226     11.675    28.9316    22.1965    2.96656    4.23951    129.610    6.54662    9.35577  0.000e+00
        606     11.997     17.400   3168.793   8630.953    10.1379   3.220722     1.9035     0.0073     0.2430     0.0073     1.9035     2.9606     11.897    28.9359    22.1996    2.95520    4.22327    129.113    6.54617    9.35513  0.000e+00
        607     12.087     17.530   3168.920   8631.657    10.1398   3.221316     1.8987     0.0073     0.2576     0.0085     1.8987     3.2086     11.986    28.9403    22.2027    2.94378    4.20695    128.614    6.54571    9.35448  0.000e+00
        608     12.176     17.660   3168.857   8631.657    10.1388   3.221316     1.8926     0.0073     0.2466     0.0085     1.8926     3.0226     12.074    28.9410    22.2034    2.92978    4.18696    128.002    6.54582    9.35463  0.000e+00
        609     12.310     17.855   3168.983   8631.081    10.1407   3.220830     1.8877     0.0073     0.2491     0.0085     1.8877     3.0639     12.207    28.9346    22.1982    2.91859    4.17095    127.513    6.54581    9.35462  0.000e+00
        610     12.400     17.984   3168.857   8631.081    10.1388   3.220830     1.8816     0.0061     0.2332     0.0085     1.8816     2.7954     12.296    28.9361    22.1996    2.90463    4.15101    126.904    6.54602    9.35492  0.000e+00
        611     12.534     18.179   3168.857   8633.771    10.1389   3.223101     1.8779     0.0073     0.2430     0.0085     1.8779     2.9606     12.429    28.9586    22.2171    2.89583    4.13843    126.517    6.54509    9.35358  0.000e+00
        612     12.668     18.374   3169.300   8636.268    10.1454   3.225210     1.8706     0.0061     0.2479     0.0085     1.8706     3.0433     12.562    28.9743    22.2283    2.87832    4.11340    125.750    6.54349    9.35130  0.000e+00
        613     12.802     18.568   3169.996   8640.108    10.1556   3.228454     1.8645     0.0073     0.2479     0.0085     1.8645     3.0433     12.695    28.9983    22.2454    2.86326    4.09188    125.090    6.54101    9.34775  0.000e+00
        614     12.892     18.698   3170.754   8643.947    10.1668   3.231699     1.8584     0.0061     0.2369     0.0085     1.8584     2.8574     12.784    29.0216    22.2617    2.84815    4.07028    124.428    6.53842    9.34406  0.000e+00
        615     13.026     18.893   3171.829   8651.810    10.1826   3.238349     1.8535     0.0073     0.2283     0.0098     1.8535     2.7127     12.917    29.0750    22.3008    2.83506    4.05158    123.852    6.53392    9.33762  0.000e+00
        616     13.115     19.022   3173.979   8664.644    10.2141   3.249217     1.8486     0.0061     0.2491     0.0085     1.8486     3.0639     13.006    29.1576    22.3600    2.82052    4.03081    123.210    6.52592    9.32620  0.000e+00
        617     13.250     19.217   3176.445   8672.871    10.2504   3.256192     1.8449     0.0073     0.2405     0.0098     1.8449     2.9193     13.139    29.1977    22.3854    2.80933    4.01481    122.717    6.51903    9.31635  0.000e+00
        618     13.339     19.347   3178.911   8685.101    10.2866   3.266574     1.8413     0.0073     0.2369     0.0085     1.8413     2.8574     13.228    29.2716    22.4371    2.79754    3.99796    122.196    6.51076    9.30453  0.000e+00
        619     13.473     19.541   3181.756   8697.505    10.3283   3.277117     1.8376     0.0073     0.2357     0.0098     1.8376     2.8367     13.361    29.3424    22.4855    2.78553    3.98080    121.666    6.50183    9.29177  0.000e+00
        620     13.563     19.671   3185.297   8717.504    10.3802   3.294150     1.8327     0.0061     0.2357     0.0085     1.8327     2.8367     13.449    29.4692    22.5758    2.76917    3.95742    120.941    6.48917    9.27367  0.000e+00
        621     13.697     19.866   3190.607   8734.610    10.4580   3.308750     1.8291     0.0073     0.2344     0.0098     1.8291     2.8160     13.583    29.5507    22.6264    2.75499    3.93716    120.315    6.47470    9.25299  0.000e+00
        622     13.786     19.996   3195.033   8740.494    10.5227   3.313779     1.8254     0.0061     0.2405     0.0085     1.8254     2.9193     13.671    29.5478    22.6136    2.74305    3.92009    119.795    6.46558    9.23996  0.000e+00
        623     13.921     20.190   3197.119   8742.771    10.5532   3.315725     1.8217     0.0073     0.2295     0.0085     1.8217     2.7334     13.804    29.5423    22.6042    2.73313    3.90591    119.363    6.46147    9.23408  0.000e+00
        624     14.010     20.320   3198.194   8745.806    10.5689   3.318321     1.8168     0.0061     0.2259     0.0085     1.8168     2.6714     13.893    29.5552    22.6116    2.72094    3.88849    118.830    6.45871    9.23014  0.000e+00
        625     14.144     20.515   3198.953   8748.461    10.5800   3.320592     1.8120     0.0073     0.2295     0.0085     1.8120     2.7334     14.026    29.5685    22.6202    2.70902    3.87146    118.309    6.45659    9.22711  0.000e+00
        626     14.234     20.644   3199.459   8749.788    10.5874   3.321728     1.8046     0.0073     0.2308     0.0085     1.8046     2.7541     14.115    29.5737    22.6230    2.69188    3.84697    117.560    6.45533    9.22531  0.000e+00
        627     14.368     20.839   3199.522   8749.409    10.5883   3.321404     1.7949     0.0073     0.2332     0.0085     1.7949     2.7954     14.248    29.5697    22.6197    2.66972    3.81530    116.593    6.45536    9.22535  0.000e+00
        628     14.457     20.969   3199.522   8749.978    10.5883   3.321891     1.7839     0.0061     0.2259     0.0085     1.7839     2.6714     14.337    29.5745    22.6235    2.64467    3.77950    115.498    6.45516    9.22508  0.000e+00
        629     14.592     21.163   3199.522   8751.115    10.5884   3.322864     1.7692     0.0073     0.2247     0.0085     1.7692     2.6508     14.470    29.5840    22.6309    2.61123    3.73170    114.037    6.45477    9.22452  0.000e+00
        630     14.681     21.293   3199.649   8752.442    10.5902   3.324000     1.7509     0.0061     0.2161     0.0085     1.7509     2.5061     14.558    29.5937    22.6381    2.56933    3.67183    112.206    6.45412    9.22358  0.000e+00
        631     14.860     21.553   3199.965   8755.473    10.5948   3.326596     1.7314     0.0073     0.2259     0.0085     1.7314     2.6714     14.736    29.6155    22.6543    2.52436    3.60757    110.241    6.45257    9.22137  0.000e+00
        632     14.994     21.747   3200.534   8760.965    10.6031   3.331301     1.7070     0.0073     0.2186     0.0085     1.7070     2.5475     14.869    29.6551    22.6837    2.46783    3.52677    107.768    6.44978    9.21738  0.000e+00
        633     15.084     21.877   3202.242   8779.687    10.6281   3.347362     1.6825     0.0073     0.2063     0.0085     1.6825     2.3409     14.958    29.7932    22.7870    2.40899    3.44269    105.189    6.44062    9.20429  0.000e+00
        634     15.218     22.072   3206.540   8786.107    10.6908   3.352878     1.6593     0.0073     0.2051     0.0085     1.6593     2.3202     15.091    29.7963    22.7790    2.35328    3.36308    102.757    6.43163    9.19144  0.000e+00
        635     15.307     22.202   3209.259   8791.014    10.7304   3.357096     1.6349     0.0073     0.1966     0.0085     1.6349     2.1756     15.179    29.8055    22.7795    2.29593    3.28112    100.253    6.42566    9.18291  0.000e+00
        636     15.397     22.331   3210.776   8794.409    10.7525   3.360016     1.6117     0.0073     0.1941     0.0085     1.6117     2.1343     15.268    29.8162    22.7841    2.24223    3.20438     97.907    6.42211    9.17784  0.000e+00
        637     15.531     22.526   3212.041   8799.123    10.7710   3.364072     1.5897     0.0061     0.1941     0.0085     1.5897     2.1343     15.401    29.8410    22.8003    2.19134    3.13164     95.683    6.41852    9.17270  0.000e+00
        638     15.665     22.721   3213.116   8800.065    10.7866   3.364884     1.5690     0.0073     0.1856     0.0085     1.5690     1.9897     15.534    29.8362    22.7939    2.14377    3.06367     93.607    6.41651    9.16984  0.000e+00
        639     15.710     22.786   3213.369   8800.254    10.7903   3.365046     1.5495     0.0073     0.1856     0.0085     1.5495     1.9897     15.579    29.8348    22.7922    2.09944    3.00032     91.672    6.41605    9.16918  0.000e+00
        640     15.800     22.915   3213.432   8802.139    10.7912   3.366669     1.5324     0.0073     0.1880     0.0098     1.5324     2.0310     15.667    29.8499    22.8038    2.06056    2.94475     89.973    6.41531    9.16812  0.000e+00
        641     15.934     23.110   3213.495   8803.081    10.7922   3.367480     1.5177     0.0073     0.1844     0.0085     1.5177     1.9690     15.800    29.8571    22.8092    2.02732    2.89724     88.521    6.41489    9.16751  0.000e+00
        642     16.068     23.305   3213.812   8805.530    10.7968   3.369590     1.5018     0.0073     0.1917     0.0085     1.5018     2.0930     15.934    29.8740    22.8216    1.99105    2.84541     86.936    6.41355    9.16561  0.000e+00
        643     16.113     23.369   3213.875   8806.095    10.7977   3.370077     1.4872     0.0073     0.1868     0.0085     1.4872     2.0103     15.978    29.8780    22.8246    1.95784    2.79794     85.486    6.41326    9.16519  0.000e+00
        644     16.202     23.499   3214.191   8806.661    10.8023   3.370564     1.4664     0.0073     0.1819     0.0085     1.4664     1.9277     16.067    29.8790    22.8246    1.91072    2.73061     83.429    6.41258    9.16421  0.000e+00
        645     16.336     23.694   3214.255   8807.979    10.8032   3.371699     1.4493     0.0073     0.1832     0.0085     1.4493     1.9483     16.200    29.8894    22.8325    1.87194    2.67519     81.735    6.41203    9.16343  0.000e+00
        646     16.471     23.889   3214.761   8809.109    10.8106   3.372673     1.4286     0.0073     0.1783     0.0085     1.4286     1.8657     16.333    29.8929    22.8340    1.82472    2.60771     79.673    6.41085    9.16175  0.000e+00
        647     16.560     24.018   3214.950   8809.862    10.8133   3.373322     1.4103     0.0073     0.1807     0.0085     1.4103     1.9070     16.422    29.8970    22.8367    1.78319    2.54835     77.859    6.41030    9.16096  0.000e+00
        648     16.650     24.148   3215.330   8812.498    10.8189   3.375594     1.3895     0.0073     0.1758     0.0085     1.3895     1.8244     16.510    29.9147    22.8495    1.73589    2.48076     75.793    6.40880    9.15882  0.000e+00
        649     16.739     24.278   3216.025   8812.310    10.8290   3.375432     1.3748     0.0073     0.1734     0.0085     1.3748     1.7831     16.599    29.9048    22.8401    1.70255    2.43311     74.338    6.40778    9.15736  0.000e+00
        650     16.829     24.408   3216.468   8813.627    10.8354   3.376568     1.3578     0.0073     0.1746     0.0085     1.3578     1.8037     16.688    29.9107    22.8436    1.66365    2.37753     72.639    6.40664    9.15573  0.000e+00
        651     16.918     24.537   3216.911   8821.151    10.8419   3.383058     1.3419     0.0073     0.1673     0.0085     1.3419     1.6798     16.776    29.9691    22.8880    1.62699    2.32513     71.036    6.40338    9.15107  0.000e+00
        652     17.097     24.797   3218.681   8827.166    10.8676   3.388250     1.3272     0.0073     0.1661     0.0085     1.3272     1.6591     16.954    29.9990    22.9068    1.59280    2.27627     69.541    6.39857    9.14419  0.000e+00
        653     17.186     24.927   3220.578   8829.608    10.8952   3.390359     1.3162     0.0073     0.1673     0.0085     1.3162     1.6798     17.043    29.9971    22.9006    1.56715    2.23961     68.422    6.39479    9.13879  0.000e+00
        654     17.276     25.057   3221.336   8830.548    10.9063   3.391170     1.3040     0.0073     0.1648     0.0085     1.3040     1.6385     17.131    29.9960    22.8979    1.53929    2.19980     67.206    6.39329    9.13665  0.000e+00
        655     17.365     25.186   3221.400   8834.679    10.9072   3.394740     1.2955     0.0073     0.1624     0.0085     1.2955     1.5971     17.220    30.0302    22.9244    1.51967    2.17177     66.348    6.39178    9.13449  0.000e+00
        656     17.500     25.381   3220.705   8836.932    10.8971   3.396687     1.2857     0.0073     0.1624     0.0085     1.2857     1.5971     17.353    30.0575    22.9473    1.49773    2.14040     65.388    6.39209    9.13494  0.000e+00
        657     17.679     25.641   3219.820   8837.307    10.8842   3.397012     1.2784     0.0073     0.1612     0.0085     1.2784     1.5765     17.531    30.0712    22.9601    1.48151    2.11722     64.679    6.39334    9.13672  0.000e+00
        658     17.768     25.770   3219.441   8840.122    10.8787   3.399446     1.2686     0.0073     0.1636     0.0085     1.2686     1.6178     17.619    30.0995    22.9831    1.45940    2.08562     63.712    6.39296    9.13618  0.000e+00
