unitTesting/processed_seabird_noalign/ORCA1_CAST0006.cnv
* Sea-Bird SBE 19 Data File:
* FileName =
* Software Version 4.234
* Temperature SN = 2835
* Conductivity SN = 2835
* System UpLoad Time = Thu Jan 20 11:49:52 2005

** Ship: ORCA
** Cruise: Mooring
** Station: Twanoh
** Latitude: 47 22.5
** Longitude: 123 0.5
# nquan = 22
# nvalues = 902                                   
# units = specified
# name 0 = scan: Scan Count
# name 1 = prSM: Pressure, Strain Gauge [db]
# name 2 = prSE: Pressure, Strain Gauge [psi]
# name 3 = f0: Frequency 0
# name 4 = f1: Frequency 1
# name 5 = t090C: Temperature [ITS-90, deg C]
# name 6 = c0S/m: Conductivity [S/m]
# name 7 = v0: Voltage 0
# name 8 = v1: Voltage 1
# name 9 = v2: Voltage 2
# name 10 = v3: Voltage 3
# name 11 = sbeox0V: Oxygen raw, SBE 43 [V]
# name 12 = wetStar: Fluorescence, WET Labs WETstar [mg/m^3]
# name 13 = depSM: Depth [salt water, m], lat = 47.28
# name 14 = sal00: Salinity, Practical [PSU]
# name 15 = sigma-t00: Density [sigma-t, Kg/m^3 ]
# name 16 = sbeox0ML/L: Oxygen, SBE 43 [ml/l]
# name 17 = sbeox0Mg/L: Oxygen, SBE 43 [mg/l]
# name 18 = sbeox0Mm/Kg: Oxygen, SBE 43 [umol/Kg]
# name 19 = oxsatML/L: Oxygen Saturation, Weiss [ml/l]
# name 20 = oxsatMg/L: Oxygen Saturation, Weiss [mg/l]
# name 21 = flag:  0.000e+00
# span 0 =          1,        902                 
# span 1 =      0.951,     29.627                 
# span 2 =      1.380,     42.970                 
# span 3 =   3025.585,   3234.050                 
# span 4 =   7427.609,   8912.958                 
# span 5 =     7.9970,    11.0908                 
# span 6 =   2.276652,   3.462702                 
# span 7 =     0.0000,     3.0928                 
# span 8 =     0.0000,     0.0073                 
# span 9 =     0.0000,     0.6398                 
# span 10 =     0.0000,     0.0098                
# span 11 =     0.0000,     3.0928                
# span 12 =    -1.1506,     9.6749                
# span 13 =      0.943,     29.378                
# span 14 =    20.9658,    30.5642                
# span 15 =    16.2729,    23.3131                
# span 16 =   -1.39433,    6.17667                
# span 17 =   -1.99264,    8.82708                
# span 18 =    -60.863,    271.345                
# span 19 =    6.34892,    7.22945                
# span 20 =    9.07324,   10.33161                
# span 21 = 0.0000e+00, 0.0000e+00                
# interval = seconds: 0.5
# start_time = Jan 31 2016 20:27:03 [DatCnv date, localtime]
# bad_flag = -9.990e-29
*END*
[from data line 461]
        462      1.354      1.963   3042.982   7617.874     8.2609   2.416385     1.1563     0.0061     0.1551     0.0085     1.1563     1.4732      1.342    22.2283    17.2322    1.33736    1.91123     58.715    7.13076   10.19057  0.000e+00
        463      1.264      1.833   3042.603   7602.839     8.2551   2.405213     1.1795     0.0073     0.1624     0.0085     1.1795     1.5971      1.254    22.1193    17.1477    1.39652    1.99576     61.317    7.13671   10.19908  0.000e+00
        464      1.130      1.639   3041.401   7536.449     8.2369   2.356147     1.2063     0.0061     0.1636     0.0085     1.2063     1.6178      1.121    21.6366    16.7725    1.46886    2.09914     64.517    7.16195   10.23514  0.000e+00
        465      1.041      1.509   3037.226   7512.645     8.1737   2.338661     1.2430     0.0073     0.1868     0.0085     1.2430     2.0103      1.032    21.4994    16.6729    1.56438    2.23566     68.720    7.17886   10.25932  0.000e+00
        466      0.951      1.380   3034.380   7498.947     8.1305   2.328624     1.2991     0.0073     0.1685     0.0098     1.2991     1.7004      0.943    21.4247    16.6197    1.70818    2.44116     75.040    7.18957   10.27461  0.000e+00
        467      0.996      1.444   3033.874   7510.885     8.1229   2.337370     1.3687     0.0073     0.1722     0.0085     1.3687     1.7624      0.988    21.5175    16.6932    1.88282    2.69074     82.706    7.18656   10.27031  0.000e+00
        468      0.996      1.444   3033.621   7529.195     8.1190   2.350813     1.4518     0.0073     0.1746     0.0085     1.4518     1.8037      0.988    21.6554    16.8015    2.09035    2.98731     91.812    7.18082   10.26211  0.000e+00
        469      0.996      1.444   3035.772   7502.274     8.1517   2.331060     1.5385     0.0073     0.2454     0.0085     1.5385     3.0020      0.988    21.4363    16.6262    2.31021    3.30152    101.487    7.18548   10.26877  0.000e+00
        470      0.996      1.444   3033.938   7497.411     8.1238   2.327500     1.6300     0.0061     0.2613     0.0085     1.6300     3.2705      0.988    21.4174    16.6148    2.54279    3.63390    111.705    7.19103   10.27670  0.000e+00
        471      0.951      1.380   3033.558   7486.345     8.1181   2.319406     1.7241     0.0073     0.3468     0.0098     1.7241     4.7167      0.943    21.3394    16.5544    2.78156    3.97513    122.202    7.19561   10.28325  0.000e+00
        472      0.996      1.444   3032.420   7487.012     8.1008   2.319894     1.8205     0.0061     0.4957     0.0085     1.8205     7.2371      0.988    21.3548    16.5685    3.02578    4.32414    132.929    7.19781   10.28638  0.000e+00
        473      0.951      1.380   3032.926   7482.140     8.1085   2.316334     1.9145     0.0073     0.4908     0.0085     1.9145     7.1545      0.943    21.3142    16.5359    3.26332    4.66361    143.369    7.19839   10.28722  0.000e+00
        474      0.951      1.380   3032.800   7486.575     8.1066   2.319575     2.0085     0.0061     0.4200     0.0085     2.0085     5.9563      0.943    21.3480    16.5626    3.49998    5.00183    153.763    7.19715   10.28544  0.000e+00
        475      0.951      1.380   3032.167   7476.158     8.0970   2.311967     2.0977     0.0073     0.2894     0.0085     2.0977     3.7457      0.943    21.2772    16.5084    3.72738    5.32680    163.761    7.20205   10.29245  0.000e+00
        476      0.951      1.380   3031.472   7462.393     8.0864   2.301930     2.1844     0.0073     0.3907     0.0098     2.1844     5.4604      0.943    21.1825    16.4355    3.94960    5.64438    173.537    7.20822   10.30127  0.000e+00
        477      0.996      1.444   3031.345   7451.942     8.0845   2.294323     2.2650     0.0073     0.5153     0.0085     2.2650     7.5677      0.988    21.1070    16.3767    4.15548    5.93859    182.593    7.21205   10.30675  0.000e+00
        478      0.996      1.444   3031.029   7457.953     8.0797   2.298697     2.3358     0.0073     0.4579     0.0085     2.3358     6.5967      0.988    21.1539    16.4140    4.33369    6.19327    190.417    7.21068   10.30479  0.000e+00
        479      0.996      1.444   3031.535   7466.180     8.0874   2.304690     2.4029     0.0073     0.4103     0.0085     2.4029     5.7910      0.988    21.2097    16.4567    4.50108    6.43249    197.764    7.20680   10.29924  0.000e+00
        480      0.951      1.380   3031.409   7450.616     8.0855   2.293358     2.4628     0.0073     0.4554     0.0085     2.4628     6.5554      0.943    21.0967    16.3686    4.65580    6.65361    204.579    7.21237   10.30719  0.000e+00
        481      0.951      1.380   3030.966   7455.960     8.0788   2.297246     2.5189     0.0073     0.3956     0.0085     2.5189     5.5431      0.943    21.1399    16.4031    4.79720    6.85567    210.785    7.21150   10.30595  0.000e+00
        482      0.951      1.380   3030.903   7437.475     8.0778   2.283810     2.5678     0.0073     0.3993     0.0085     2.5678     5.6050      0.943    21.0051    16.2979    4.92505    7.03839    216.426    7.21792   10.31513  0.000e+00
        483      0.996      1.444   3030.271   7441.938     8.0682   2.287050     2.6178     0.0073     0.4017     0.0085     2.6178     5.6464      0.988    21.0435    16.3290    5.05158    7.21922    221.979    7.21776   10.31490  0.000e+00
        484      0.951      1.380   3030.587   7443.501     8.0730   2.288186     2.6618     0.0073     0.4457     0.0098     2.6618     6.3901      0.943    21.0521    16.3352    5.16195    7.37694    226.827    7.21655   10.31317  0.000e+00
        485      0.951      1.380   3030.440   7442.313     8.0708   2.287323     2.6984     0.0073     0.4945     0.0085     2.6984     7.2165      0.943    21.0447    16.3297    5.25513    7.51011    230.923    7.21727   10.31420  0.000e+00
        486      0.996      1.444   3030.292   7441.123     8.0685   2.286459     2.7302     0.0073     0.4371     0.0073     2.7302     6.2455      0.988    21.0374    16.3242    5.33601    7.62569    234.478    7.21799   10.31523  0.000e+00
        487      0.996      1.444   3030.144   7439.932     8.0663   2.285593     2.7643     0.0073     0.4469     0.0085     2.7643     6.4108      0.988    21.0300    16.3187    5.42305    7.75008    238.304    7.21871   10.31626  0.000e+00
        488      0.996      1.444   3029.828   7438.592     8.0615   2.284620     2.7900     0.0073     0.5910     0.0085     2.7900     8.8486      0.988    21.0231    16.3138    5.48876    7.84399    241.193    7.21985   10.31788  0.000e+00
        489      0.996      1.444   3030.144   7435.913     8.0663   2.282675     2.8132     0.0073     0.3407     0.0085     2.8132     4.6134      0.988    21.0006    16.2957    5.54770    7.92822    243.788    7.22008   10.31821  0.000e+00
        490      0.996      1.444   3029.575   7434.125     8.0576   2.281378     2.8352     0.0073     0.5397     0.0098     2.8352     7.9809      0.988    20.9927    16.2905    5.60468    8.00965    246.293    7.22191   10.32083  0.000e+00
        491      0.951      1.380   3029.195   7433.230     8.0519   2.280728     2.8535     0.0073     0.4151     0.0085     2.8535     5.8736      0.943    20.9896    16.2888    5.65185    8.07706    248.366    7.22303   10.32243  0.000e+00
        492      0.996      1.444   3028.879   7432.111     8.0471   2.279917     2.8718     0.0061     0.4591     0.0085     2.8718     6.6174      0.988    20.9843    16.2852    5.69906    8.14453    250.442    7.22409   10.32395  0.000e+00
        493      0.996      1.444   3028.436   7431.662     8.0403   2.279591     2.8913     0.0073     0.3810     0.0098     2.8913     5.2952      0.988    20.9850    16.2866    5.74936    8.21641    252.652    7.22519   10.32552  0.000e+00
        494      0.996      1.444   3028.435   7430.990     8.0403   2.279104     2.9096     0.0061     0.3980     0.0085     2.9096     5.5844      0.988    20.9801    16.2827    5.79594    8.28297    254.699    7.22542   10.32585  0.000e+00
        495      0.951      1.380   3028.245   7430.094     8.0374   2.278454     2.9267     0.0073     0.3907     0.0085     2.9267     5.4604      0.943    20.9753    16.2793    5.83975    8.34559    256.626    7.22613   10.32687  0.000e+00
        496      0.951      1.380   3028.309   7430.092     8.0384   2.278452     2.9402     0.0061     0.4383     0.0085     2.9402     6.2661      0.943    20.9747    16.2787    5.87368    8.39407    258.117    7.22600   10.32668  0.000e+00
        497      0.996      1.444   3027.929   7428.973     8.0326   2.277641     2.9524     0.0073     0.4933     0.0098     2.9524     7.1958      0.988    20.9700    16.2757    5.90557    8.43966    259.519    7.22720   10.32839  0.000e+00
        498      0.996      1.444   3027.802   7428.523     8.0307   2.277315     2.9646     0.0073     0.3761     0.0085     2.9646     5.2125      0.988    20.9679    16.2743    5.93684    8.48434    260.894    7.22762   10.32900  0.000e+00
        499      0.996      1.444   3027.739   7428.744     8.0297   2.277475     2.9756     0.0073     0.3785     0.0085     2.9756     5.2538      0.988    20.9700    16.2761    5.96473    8.52419    262.119    7.22768   10.32908  0.000e+00
        500      0.996      1.444   3027.549   7428.741     8.0269   2.277473     2.9841     0.0073     0.5055     0.0098     2.9841     7.4024      0.988    20.9718    16.2778    5.98670    8.55559    263.084    7.22809   10.32967  0.000e+00
        501      0.996      1.444   3027.802   7428.292     8.0307   2.277147     2.9915     0.0073     0.4017     0.0085     2.9915     5.6464      0.988    20.9662    16.2729    6.00497    8.58170    263.888    7.22770   10.32911  0.000e+00
        502      0.996      1.444   3027.549   7428.513     8.0269   2.277307     2.9988     0.0073     0.5226     0.0085     2.9988     7.6916      0.988    20.9701    16.2765    6.02389    8.60874    264.718    7.22817   10.32978  0.000e+00
        503      0.951      1.380   3027.485   7428.733     8.0259   2.277467     3.0061     0.0073     0.5311     0.0098     3.0061     7.8363      0.943    20.9723    16.2783    6.04246    8.63528    265.534    7.22823   10.32987  0.000e+00
        504      0.996      1.444   3027.422   7428.507     8.0249   2.277303     3.0134     0.0073     0.6239     0.0085     3.0134     9.4064      0.988    20.9712    16.2775    6.06123    8.66211    266.359    7.22845   10.33017  0.000e+00
        505      0.996      1.444   3027.548   7428.281     8.0268   2.277139     3.0208     0.0073     0.4530     0.0085     3.0208     6.5141      0.988    20.9684    16.2751    6.07965    8.68843    267.169    7.22825   10.32990  0.000e+00
        506      0.996      1.444   3027.295   7427.609     8.0230   2.276652     3.0281     0.0073     0.5092     0.0085     3.0281     7.4644      0.988    20.9658    16.2735    6.09883    8.71584    268.012    7.22903   10.33100  0.000e+00
        507      0.996      1.444   3027.168   7428.722     8.0211   2.277459     3.0330     0.0061     0.5128     0.0085     3.0330     7.5264      0.988    20.9751    16.2810    6.11111    8.73338    268.550    7.22892   10.33085  0.000e+00
        508      1.130      1.639   3026.852   7429.166     8.0163   2.277781     3.0379     0.0073     0.5739     0.0098     3.0379     8.5593      1.121    20.9811    16.2863    6.12400    8.75181    269.115    7.22945   10.33161  0.000e+00
        509      1.219      1.769   3027.168   7434.520     8.0211   2.281665     3.0415     0.0073     0.5201     0.0085     3.0415     7.6503      1.209    21.0174    16.3141    6.13128    8.76221    269.427    7.22695   10.32803  0.000e+00
        510      1.354      1.963   3027.168   7440.762     8.0211   2.286196     3.0452     0.0061     0.4737     0.0085     3.0452     6.8653      1.342    21.0631    16.3498    6.13886    8.77305    269.751    7.22482   10.32500  0.000e+00
        511      1.443      2.093   3027.927   7443.433     8.0326   2.288137     3.0488     0.0073     0.3089     0.0098     3.0488     4.0763      1.431    21.0757    16.3584    6.14615    8.78347    270.069    7.22228   10.32137  0.000e+00
        512      1.577      2.287   3028.622   7444.322     8.0432   2.288783     3.0525     0.0073     0.4982     0.0098     3.0525     7.2785      1.564    21.0758    16.3572    6.15410    8.79483    270.419    7.22049   10.31880  0.000e+00
        513      1.711      2.482   3027.547   7449.442     8.0268   2.292505     3.0549     0.0073     0.4872     0.0085     3.0549     7.0925      1.697    21.1231    16.3961    6.16074    8.80431    270.700    7.22105   10.31961  0.000e+00
        514      1.845      2.677   3025.775   7460.341     7.9999   2.300437     3.0598     0.0073     0.3602     0.0085     3.0598     4.9439      1.830    21.2194    16.4746    6.17305    8.82190    271.220    7.22113   10.31972  0.000e+00
        515      1.980      2.871   3025.585   7481.874     7.9970   2.316140     3.0611     0.0073     0.3529     0.0085     3.0611     4.8200      1.963    21.3797    16.6003    6.17026    8.81792    271.064    7.21416   10.30976  0.000e+00
        516      2.069      3.001   3026.851   7484.531     8.0163   2.318081     3.0647     0.0061     0.4310     0.0085     3.0647     6.1422      2.052    21.3876    16.6042    6.17667    8.82708    271.345    7.21054   10.30459  0.000e+00
        517      2.203      3.195   3027.546   7610.669     8.0268   2.411030     3.0684     0.0073     0.5287     0.0098     3.0684     7.7949      2.185    22.3222    17.3340    6.14747    8.78535    269.868    7.16548   10.24019  0.000e+00
        518      2.382      3.455   3038.300   7818.147     8.1900   2.567340     3.0720     0.0061     0.4628     0.0085     3.0720     6.6793      2.362    23.8041    18.4730    6.07659    8.68405    266.458    7.07049   10.10443  0.000e+00
        519      2.516      3.649   3047.345   8166.585     8.3269   2.839432     3.0757     0.0073     0.4335     0.0098     3.0757     6.1835      2.495    26.4900    20.5563    5.96376    8.52280    260.977    6.92739    9.89993  0.000e+00
        520      2.650      3.844   3080.173   8251.645     8.8214   2.907675     3.0818     0.0073     0.6129     0.0085     3.0818     9.2204      2.628    26.8151    20.7426    5.90301    8.43598    258.271    6.83495    9.76782  0.000e+00
        521      2.740      3.974   3097.692   8384.444     9.0837   3.015656     3.0855     0.0073     0.4017     0.0085     3.0855     5.6464      2.717    27.7107    21.4048    5.84522    8.35341    255.577    6.75541    9.65416  0.000e+00
        522      2.874      4.168   3118.308   8487.858     9.3911   3.100952     3.0879     0.0073     0.5446     0.0098     3.0879     8.0635      2.850    28.3329    21.8451    5.79004    8.27455    253.055    6.68202    9.54927  0.000e+00
        523      3.053      4.428   3134.939   8531.515     9.6381   3.137277     3.0904     0.0073     0.5458     0.0085     3.0904     8.0842      3.027    28.5031    21.9404    5.75957    8.23100    251.700    6.63782    9.48611  0.000e+00
        524      3.187      4.622   3150.495   8512.438     9.8682   3.121377     3.0904     0.0073     0.5079     0.0098     3.0904     7.4437      3.160    28.1630    21.6399    5.74434    8.20924    251.108    6.61802    9.45781  0.000e+00
        525      3.410      4.946   3150.431   8524.313     9.8673   3.131268     3.0928     0.0073     0.4823     0.0098     3.0928     7.0099      3.382    28.2623    21.7174    5.74668    8.21258    251.191    6.61398    9.45204  0.000e+00
        526      3.500      5.076   3157.703   8595.230     9.9746   3.190630     3.0916     0.0073     0.4603     0.0085     3.0916     6.6380      3.471    28.7698    22.0960    5.71259    8.16386    249.609    6.57692    9.39908  0.000e+00
