unitTesting/processed_seabird_noalign/ORCA1_CAST0007.cnv
* Sea-Bird SBE 19 Data File:
* FileName =
* Software Version 4.234
* Temperature SN = 2835
* Conductivity SN = 2835
* System UpLoad Time = Thu Jan 20 17:50:07 2005

** Ship: ORCA
** Cruise: Mooring
** Station: Twanoh
** Latitude: 47 22.5
** Longitude: 123 0.5
# nquan = 22
# nvalues = 879                                   
# units = specified
# name 0 = scan: Scan Count
# name 1 = prSM: Pressure, Strain Gauge [db]
# name 2 = prSE: Pressure, Strain Gauge [psi]
# name 3 = f0: Frequency 0
# name 4 = f1: Frequency 1
# name 5 = t090C: Temperature [ITS-90, deg C]
# name 6 = c0S/m: Conductivity [S/m]
# name 7 = v0: Voltage 0
# name 8 = v1: Voltage 1
# name 9 = v2: Voltage 2
# name 10 = v3: Voltage 3
# name 11 = sbeox0V: Oxygen raw, SBE 43 [V]
# name 12 = wetStar: Fluorescence, WET Labs WETstar [mg/m^3]
# name 13 = depSM: Depth [salt water, m], lat = 47.28
# name 14 = sal00: Salinity, Practical [PSU]
# name 15 = sigma-t00: Density [sigma-t, Kg/m^3 ]
# name 16 = sbeox0ML/L: Oxygen, SBE 43 [ml/l]
# name 17 = sbeox0Mg/L: Oxygen, SBE 43 [mg/l]
# name 18 = sbeox0Mm/Kg: Oxygen, SBE 43 [umol/Kg]
# name 19 = oxsatML/L: Oxygen Saturation, Weiss [ml/l]
# name 20 = oxsatMg/L: Oxygen Saturation, Weiss [mg/l]
# name 21 = flag:  0.000e+00
# span 0 =          1,        879                 
# span 1 =      0.906,     29.627                 
# span 2 =      1.315,     42.970                 
# span 3 =   3066.410,   3234.227                 
# span 4 =   7186.503,   8912.282                 
# span 5 =     8.6145,    11.0934                 
# span 6 =   2.104717,   3.462113                 
# span 7 =     0.0000,     3.0611                 
# span 8 =     0.0000,     0.0073                 
# span 9 =     0.0000,     0.4847                 
# span 10 =     0.0000,     0.0098                
# span 11 =     0.0000,     3.0611                
# span 12 =    -1.1506,     7.0512                
# span 13 =      0.899,     29.378                
# span 14 =    18.8548,    30.5583                
# span 15 =    14.5401,    23.3085                
# span 16 =   -1.39439,    6.04614                
# span 17 =   -1.99272,    8.64054                
# span 18 =    -60.865,    266.100                
# span 19 =    6.34914,    7.20657                
# span 20 =    9.07355,   10.29891                
# span 21 = 0.0000e+00, 0.0000e+00                
# interval = seconds: 0.5
# start_time = Jan 31 2016 20:27:04 [DatCnv date, localtime]
# bad_flag = -9.990e-29
*END*
[from data line 396]
        397      7.167     10.395   3232.463   8877.344    11.0678   3.431700     1.1294     0.0073     0.1294     0.0085     1.1294     1.0393      7.107    30.2644    23.0789    1.13825    1.62668     49.688    6.36002    9.08911  0.000e+00
        398      7.077     10.265   3232.400   8876.786    11.0669   3.431216     1.1258     0.0073     0.1306     0.0085     1.1258     1.0600      7.018    30.2604    23.0760    1.13008    1.61500     49.331    6.36031    9.08952  0.000e+00
        399      6.943     10.070   3232.336   8876.602    11.0660   3.431056     1.1233     0.0073     0.1306     0.0085     1.1233     1.0600      6.885    30.2597    23.0756    1.12461    1.60719     49.092    6.36047    9.08974  0.000e+00
        400      6.854      9.940   3232.336   8876.604    11.0660   3.431058     1.1209     0.0061     0.1294     0.0085     1.1209     1.0393      6.797    30.2597    23.0756    1.11913    1.59934     48.853    6.36046    9.08974  0.000e+00
        401      6.720      9.746   3232.273   8876.047    11.0651   3.430573     1.1184     0.0073     0.1294     0.0098     1.1184     1.0393      6.664    30.2558    23.0727    1.11368    1.59156     48.615    6.36075    9.09015  0.000e+00
        402      6.585      9.551   3232.273   8875.676    11.0651   3.430251     1.1160     0.0073     0.1306     0.0085     1.1160     1.0600      6.530    30.2527    23.0703    1.10821    1.58375     48.377    6.36087    9.09032  0.000e+00
        403      6.496      9.422   3232.210   8875.305    11.0642   3.429929     1.1136     0.0073     0.1306     0.0085     1.1136     1.0600      6.442    30.2503    23.0687    1.10276    1.57596     48.139    6.36109    9.09064  0.000e+00
        404      6.362      9.227   3232.210   8874.560    11.0642   3.429282     1.1136     0.0073     0.1306     0.0098     1.1136     1.0600      6.309    30.2441    23.0638    1.10279    1.57599     48.140    6.36135    9.09100  0.000e+00
        405      6.272      9.097   3232.273   8874.750    11.0651   3.429447     1.1123     0.0073     0.1306     0.0085     1.1123     1.0600      6.220    30.2450    23.0643    1.10001    1.57202     48.019    6.36118    9.09077  0.000e+00
        406      6.049      8.773   3232.210   8874.005    11.0642   3.428800     1.1123     0.0073     0.1343     0.0085     1.1123     1.1220      5.998    30.2395    23.0602    1.10004    1.57206     48.020    6.36153    9.09126  0.000e+00
        407      5.959      8.643   3232.210   8874.007    11.0642   3.428803     1.1111     0.0073     0.1319     0.0085     1.1111     1.0806      5.910    30.2395    23.0603    1.09728    1.56813     47.900    6.36153    9.09126  0.000e+00
        408      5.780      8.384   3232.210   8873.636    11.0642   3.428480     1.1111     0.0073     0.1343     0.0085     1.1111     1.1220      5.732    30.2365    23.0579    1.09728    1.56812     47.900    6.36165    9.09144  0.000e+00
        409      5.691      8.254   3232.210   8872.891    11.0642   3.427834     1.1111     0.0073     0.1319     0.0085     1.1111     1.0806      5.644    30.2302    23.0530    1.09731    1.56817     47.902    6.36190    9.09180  0.000e+00
        410      5.602      8.124   3232.210   8872.146    11.0642   3.427187     1.1099     0.0073     0.1294     0.0085     1.1099     1.0393      5.555    30.2239    23.0481    1.09460    1.56430     47.784    6.36216    9.09216  0.000e+00
        411      5.423      7.865   3232.210   8871.588    11.0642   3.426703     1.1087     0.0073     0.1306     0.0085     1.1087     1.0600      5.377    30.2192    23.0445    1.09187    1.56040     47.665    6.36234    9.09242  0.000e+00
        412      5.333      7.735   3232.147   8870.656    11.0632   3.425894     1.1087     0.0073     0.1306     0.0085     1.1087     1.0600      5.289    30.2121    23.0391    1.09193    1.56048     47.667    6.36276    9.09301  0.000e+00
        413      5.199      7.541   3231.957   8869.537    11.0605   3.424922     1.1062     0.0073     0.1306     0.0085     1.1062     1.0600      5.156    30.2049    23.0340    1.08655    1.55278     47.433    6.36343    9.09397  0.000e+00
        414      5.110      7.411   3231.957   8869.540    11.0605   3.424925     1.1050     0.0061     0.1331     0.0085     1.1050     1.1013      5.067    30.2050    23.0340    1.08380    1.54885     47.313    6.36342    9.09397  0.000e+00
        415      4.975      7.216   3231.957   8868.047    11.0605   3.423629     1.1050     0.0073     0.1331     0.0085     1.1050     1.1013      4.934    30.1923    23.0242    1.08386    1.54895     47.316    6.36393    9.09469  0.000e+00
        416      4.886      7.087   3231.704   8863.934    11.0568   3.420061     1.1038     0.0073     0.1331     0.0085     1.1038     1.1013      4.845    30.1605    23.0001    1.08141    1.54544     47.210    6.36571    9.09724  0.000e+00
        417      4.752      6.892   3231.009   8857.010    11.0467   3.414060     1.1001     0.0073     0.1319     0.0085     1.1001     1.0806      4.712    30.1101    22.9627    1.07374    1.53448     46.877    6.36914    9.10213  0.000e+00
        418      4.662      6.762   3229.808   8848.020    11.0293   3.406274     1.0977     0.0073     0.1355     0.0085     1.0977     1.1426      4.624    30.0483    22.9176    1.06904    1.52777     46.674    6.37404    9.10914  0.000e+00
        419      4.528      6.568   3228.290   8846.898    11.0073   3.405303     1.0928     0.0073     0.1331     0.0085     1.0928     1.1013      4.491    30.0568    22.9280    1.05848    1.51267     46.212    6.37676    9.11302  0.000e+00
        420      4.394      6.373   3227.974   8848.400    11.0027   3.406603     1.0891     0.0073     0.1319     0.0098     1.0891     1.0806      4.358    30.0734    22.9417    1.05022    1.50087     45.851    6.37673    9.11298  0.000e+00
        421      4.305      6.243   3228.037   8846.154    11.0036   3.404659     1.0855     0.0073     0.1319     0.0085     1.0855     1.0806      4.269    30.0536    22.9262    1.04209    1.48925     45.497    6.37740    9.11394  0.000e+00
        422      4.171      6.049   3227.595   8839.029    10.9972   3.398495     1.0806     0.0073     0.1343     0.0085     1.0806     1.1220      4.136    29.9986    22.8845    1.03160    1.47426     45.040    6.38050    9.11838  0.000e+00
        423      4.081      5.919   3226.647   8832.461    10.9834   3.392818     1.0769     0.0073     0.1343     0.0098     1.0769     1.1220      4.047    29.9543    22.8524    1.02393    1.46329     44.707    6.38420    9.12366  0.000e+00
        424      3.947      5.725   3225.193   8821.378    10.9623   3.383248     1.0708     0.0073     0.1319     0.0085     1.0708     1.0806      3.914    29.8779    22.7966    1.01111    1.44497     44.150    6.39022    9.13227  0.000e+00
        425      3.813      5.530   3222.790   8817.996    10.9274   3.380330     1.0672     0.0073     0.1392     0.0085     1.0672     1.2046      3.781    29.8778    22.8025    1.00356    1.43419     43.820    6.39510    9.13924  0.000e+00
        426      3.679      5.335   3222.474   8817.810    10.9228   3.380170     1.0623     0.0073     0.1343     0.0085     1.0623     1.1220      3.648    29.8800    22.8050    0.99262    1.41856     43.342    6.39566    9.14003  0.000e+00
        427      3.589      5.206   3221.968   8809.533    10.9154   3.373033     1.0562     0.0061     0.1306     0.0085     1.0562     1.0600      3.559    29.8161    22.7565    0.97941    1.39967     42.767    6.39926    9.14519  0.000e+00
        428      3.500      5.076   3219.566   8790.500    10.8805   3.356648     1.0525     0.0073     0.1355     0.0085     1.0525     1.1426      3.471    29.6839    22.6597    0.97265    1.39001     42.476    6.40949    9.15981  0.000e+00
        429      3.321      4.817   3216.152   8780.119    10.8308   3.347728     1.0452     0.0061     0.1355     0.0085     1.0452     1.1426      3.293    29.6367    22.6314    0.95735    1.36815     41.809    6.41838    9.17250  0.000e+00
        430      3.142      4.557   3212.802   8760.832    10.7821   3.331181     1.0403     0.0073     0.1343     0.0085     1.0403     1.1220      3.116    29.5139    22.5440    0.94797    1.35475     41.403    6.43023    9.18944  0.000e+00
        431      3.142      4.557   3209.198   8757.237    10.7295   3.328102     1.0342     0.0073     0.1368     0.0085     1.0342     1.1633      3.116    29.5260    22.5622    0.93509    1.33634     40.840    6.43715    9.19933  0.000e+00
        432      3.053      4.428   3207.554   8753.830    10.7056   3.325184     1.0305     0.0073     0.1380     0.0085     1.0305     1.1839      3.027    29.5166    22.5590    0.92729    1.32519     40.499    6.44091    9.20471  0.000e+00
        433      2.874      4.168   3205.784   8741.319    10.6798   3.314478     1.0269     0.0073     0.1416     0.0085     1.0269     1.2459      2.850    29.4322    22.4976    0.91994    1.31469     40.181    6.44800    9.21484  0.000e+00
        434      2.784      4.038   3203.761   8737.716    10.6502   3.311399     1.0232     0.0073     0.1490     0.0085     1.0232     1.3699      2.761    29.4257    22.4975    0.91221    1.30364     39.843    6.45245    9.22120  0.000e+00
        435      2.650      3.844   3202.244   8736.959    10.6281   3.310752     1.0195     0.0073     0.1416     0.0085     1.0195     1.2459      2.628    29.4373    22.5101    0.90422    1.29222     39.493    6.45512    9.22502  0.000e+00
        436      2.516      3.649   3201.359   8734.303    10.6152   3.308483     1.0159     0.0073     0.1429     0.0085     1.0159     1.2666      2.495    29.4254    22.5030    0.89619    1.28074     39.143    6.45744    9.22833  0.000e+00
        437      2.516      3.649   3200.979   8726.897    10.6096   3.302158     1.0122     0.0073     0.1416     0.0085     1.0122     1.2459      2.495    29.3676    22.4589    0.88829    1.26946     38.800    6.46059    9.23283  0.000e+00
        438      2.382      3.455   3199.588   8728.420    10.5893   3.303459     1.0122     0.0073     0.1538     0.0085     1.0122     1.4525      2.362    29.3968    22.4850    0.88848    1.26973     38.807    6.46229    9.23525  0.000e+00
        439      2.248      3.260   3200.157   8738.488    10.5976   3.312059     1.0110     0.0073     0.1526     0.0085     1.0110     1.4319      2.229    29.4749    22.5444    0.88510    1.26490     38.657    6.45791    9.22900  0.000e+00
        440      2.158      3.130   3200.853   8717.017    10.6078   3.293729     1.0147     0.0073     0.1624     0.0085     1.0147     1.5971      2.140    29.2862    22.3959    0.89429    1.27804     39.064    6.46418    9.23796  0.000e+00
        441      2.024      2.936   3195.605   8672.190    10.5311   3.255608     1.0183     0.0073     0.1526     0.0085     1.0183     1.4319      2.007    28.9720    22.1641    0.90584    1.29453     39.577    6.48798    9.27198  0.000e+00
        442      1.890      2.741   3184.604   8642.881    10.3701   3.230792     1.0232     0.0061     0.1526     0.0085     1.0232     1.4319      1.874    28.8550    22.0993    0.92071    1.31579     40.230    6.51592    9.31190  0.000e+00
        443      1.801      2.612   3177.586   8638.277    10.2671   3.226902     1.0305     0.0073     0.1709     0.0098     1.0305     1.7417      1.786    28.8983    22.1496    0.93923    1.34226     41.037    6.52899    9.33058  0.000e+00
        444      1.756      2.547   3174.804   8623.290    10.2263   3.214252     1.0354     0.0061     0.1697     0.0085     1.0354     1.7211      1.741    28.8054    22.0838    0.95181    1.36023     41.589    6.53876    9.34454  0.000e+00
        445      1.622      2.352   3171.200   8609.625    10.1733   3.202738     1.0427     0.0073     0.1746     0.0098     1.0427     1.8037      1.608    28.7332    22.0361    0.97015    1.38644     42.393    6.54944    9.35981  0.000e+00
        446      1.488      2.158   3166.963   8549.893    10.1110   3.152620     1.0501     0.0061     0.1783     0.0085     1.0501     1.8657      1.475    28.2850    21.6970    0.99110    1.41638     43.323    6.57719    9.39947  0.000e+00
        447      1.354      1.963   3141.860   7706.100     9.7406   2.482383     1.0586     0.0073     0.1844     0.0098     1.0586     1.9690      1.342    21.9641    16.8322    1.06052    1.51559     46.579    6.90397    9.86646  0.000e+00
        448      1.219      1.769   3096.201   7609.720     9.0615   2.410317     1.0659     0.0073     0.1758     0.0085     1.0659     1.8244      1.209    21.6722    16.6966    1.09612    1.56647     48.149    7.02492   10.03932  0.000e+00
        449      1.130      1.639   3080.453   7351.641     8.8256   2.221854     1.0745     0.0061     0.1673     0.0085     1.0745     1.6798      1.121    19.9555    15.3880    1.13532    1.62249     49.935    7.14129   10.20561  0.000e+00
        450      0.996      1.444   3073.432   7300.022     8.7201   2.184950     1.0855     0.0073     0.1819     0.0085     1.0855     1.9277      0.988    19.6516    15.1639    1.16779    1.66889     51.374    7.17272   10.25053  0.000e+00
        451      0.906      1.315   3071.914   7275.672     8.6973   2.167633     1.1026     0.0061     0.1673     0.0085     1.1026     1.6798      0.899    19.4940    15.0437    1.21263    1.73296     53.353    7.18378   10.26634  0.000e+00
        452      0.951      1.380   3072.041   7361.792     8.6992   2.229144     1.1148     0.0073     0.1795     0.0085     1.1148     1.8864      0.943    20.0986    15.5152    1.23855    1.77001     54.469    7.15567   10.22617  0.000e+00
        453      0.951      1.380   3077.670   7401.790     8.7838   2.257960     1.1270     0.0073     0.1673     0.0085     1.1270     1.6798      0.943    20.3345    15.6888    1.26496    1.80775     55.620    7.13086   10.19072  0.000e+00
        454      0.951      1.380   3078.492   7452.930     8.7961   2.295036     1.1380     0.0073     0.1661     0.0085     1.1380     1.6591      0.943    20.6931    15.9669    1.28915    1.84232     56.668    7.11247   10.16443  0.000e+00
        455      0.951      1.380   3078.808   7295.714     8.8009   2.181881     1.1600     0.0073     0.1673     0.0098     1.1600     1.6798      0.943    19.5769    15.0957    1.35351    1.93430     59.549    7.16273   10.23625  0.000e+00
        456      0.951      1.380   3074.191   7277.050     8.7315   2.168611     1.2027     0.0073     0.1551     0.0085     1.2027     1.4732      0.943    19.4848    15.0324    1.46401    2.09221     64.414    7.17850   10.25879  0.000e+00
        457      0.906      1.315   3072.167   7273.405     8.7011   2.166023     1.2674     0.0073     0.1966     0.0085     1.2674     2.1756      0.899    19.4761    15.0292    1.62818    2.32683     71.638    7.18397   10.26661  0.000e+00
        458      0.951      1.380   3071.597   7261.539     8.6925   2.157608     1.3541     0.0073     0.1526     0.0085     1.3541     1.4319      0.943    19.3980    14.9694    1.84799    2.64097     81.314    7.18900   10.27379  0.000e+00
        459      0.951      1.380   3071.913   7260.856     8.6973   2.157124     1.4554     0.0061     0.1917     0.0085     1.4554     2.0930      0.943    19.3907    14.9631    2.10352    3.00613     92.558    7.18854   10.27314  0.000e+00
        460      0.951      1.380   3072.040   7258.573     8.6992   2.155507     1.5641     0.0073     0.2210     0.0085     1.5641     2.5888      0.943    19.3738    14.9497    2.37778    3.39809    104.628    7.18900   10.27381  0.000e+00
