unitTesting/processed_seabird_noalign/ORCA1_CAST0007.cnv
* Sea-Bird SBE 19 Data File:
* FileName =
* Software Version 4.234
* Temperature SN = 2835
* Conductivity SN = 2835
* System UpLoad Time = Thu Jan 20 17:50:07 2005

** Ship: ORCA
** Cruise: Mooring
** Station: Twanoh
** Latitude: 47 22.5
** Longitude: 123 0.5
# nquan = 22
# nvalues = 879                                   
# units = specified
# name 0 = scan: Scan Count
# name 1 = prSM: Pressure, Strain Gauge [db]
# name 2 = prSE: Pressure, Strain Gauge [psi]
# name 3 = f0: Frequency 0
# name 4 = f1: Frequency 1
# name 5 = t090C: Temperature [ITS-90, deg C]
# name 6 = c0S/m: Conductivity [S/m]
# name 7 = v0: Voltage 0
# name 8 = v1: Voltage 1
# name 9 = v2: Voltage 2
# name 10 = v3: Voltage 3
# name 11 = sbeox0V: Oxygen raw, SBE 43 [V]
# name 12 = wetStar: Fluorescence, WET Labs WETstar [mg/m^3]
# name 13 = depSM: Depth [salt water, m], lat = 47.28
# name 14 = sal00: Salinity, Practical [PSU]
# name 15 = sigma-t00: Density [sigma-t, Kg/m^3 ]
# name 16 = sbeox0ML/L: Oxygen, SBE 43 [ml/l]
# name 17 = sbeox0Mg/L: Oxygen, SBE 43 [mg/l]
# name 18 = sbeox0Mm/Kg: Oxygen, SBE 43 [umol/Kg]
# name 19 = oxsatML/L: Oxygen Saturation, Weiss [ml/l]
# name 20 = oxsatMg/L: Oxygen Saturation, Weiss [mg/l]
# name 21 = flag:  0.000e+00
# span 0 =          1,        879                 
# span 1 =      0.906,     29.627                 
# span 2 =      1.315,     42.970                 
# span 3 =   3066.410,   3234.227                 
# span 4 =   7186.503,   8912.282                 
# span 5 =     8.6145,    11.0934                 
# span 6 =   2.104717,   3.462113                 
# span 7 =     0.0000,     3.0611                 
# span 8 =     0.0000,     0.0073                 
# span 9 =     0.0000,     0.4847                 
# span 10 =     0.0000,     0.0098                
# span 11 =     0.0000,     3.0611                
# span 12 =    -1.1506,     7.0512                
# span 13 =      0.899,     29.378                
# span 14 =    18.8548,    30.5583                
# span 15 =    14.5401,    23.3085                
# span 16 =   -1.39439,    6.04614                
# span 17 =   -1.99272,    8.64054                
# span 18 =    -60.865,    266.100                
# span 19 =    6.34914,    7.20657                
# span 20 =    9.07355,   10.29891                
# span 21 = 0.0000e+00, 0.0000e+00                
# interval = seconds: 0.5
# start_time = Jan 31 2016 20:27:04 [DatCnv date, localtime]
# bad_flag = -9.990e-29
*END*
[from data line 132]
        133     19.021     27.587   3232.511   8895.245    11.0685   3.447268     1.2955     0.0073     0.1294     0.0085     1.2955     1.0393     18.862    30.4114    23.1931    1.51138    2.15991     65.968    6.35404    9.08056  0.000e+00
        134     19.021     27.587   3232.449   8895.622    11.0676   3.447595     1.2979     0.0061     0.1282     0.0085     1.2979     1.0187     18.862    30.4153    23.1963    1.51685    2.16772     66.207    6.35401    9.08051  0.000e+00
        135     19.021     27.587   3232.449   8895.625    11.0676   3.447599     1.2979     0.0061     0.1282     0.0085     1.2979     1.0187     18.862    30.4154    23.1963    1.51685    2.16772     66.207    6.35400    9.08051  0.000e+00
        136     19.021     27.587   3232.513   8895.443    11.0685   3.447440     1.2991     0.0073     0.1282     0.0085     1.2991     1.0187     18.862    30.4130    23.1944    1.51958    2.17163     66.326    6.35397    9.08046  0.000e+00
        137     19.021     27.587   3232.450   8895.447    11.0676   3.447443     1.3004     0.0061     0.1294     0.0085     1.3004     1.0393     18.862    30.4138    23.1951    1.52234    2.17557     66.446    6.35406    9.08059  0.000e+00
        138     19.021     27.587   3232.388   8895.637    11.0667   3.447609     1.3004     0.0073     0.1282     0.0085     1.3004     1.0187     18.862    30.4162    23.1971    1.52234    2.17558     66.446    6.35409    9.08064  0.000e+00
        139     19.021     27.587   3232.388   8895.454    11.0667   3.447450     1.3016     0.0073     0.1294     0.0098     1.3016     1.0393     18.862    30.4146    23.1959    1.52509    2.17951     66.567    6.35416    9.08072  0.000e+00
        140     19.021     27.587   3232.452   8895.645    11.0677   3.447615     1.3016     0.0073     0.1282     0.0085     1.3016     1.0187     18.862    30.4155    23.1964    1.52506    2.17946     66.565    6.35399    9.08049  0.000e+00
        141     19.021     27.587   3232.389   8895.462    11.0668   3.447456     1.3016     0.0073     0.1368     0.0098     1.3016     1.1633     18.862    30.4147    23.1959    1.52509    2.17951     66.567    6.35415    9.08072  0.000e+00
        142     19.021     27.587   3232.453   8895.466    11.0677   3.447460     1.3016     0.0073     0.1282     0.0085     1.3016     1.0187     18.862    30.4140    23.1952    1.52507    2.17948     66.566    6.35405    9.08058  0.000e+00
        143     19.021     27.587   3232.453   8895.469    11.0677   3.447463     1.3016     0.0073     0.1294     0.0085     1.3016     1.0393     18.862    30.4140    23.1952    1.52507    2.17948     66.566    6.35405    9.08057  0.000e+00
        144     19.021     27.587   3232.391   8895.473    11.0668   3.447466     1.3004     0.0073     0.1331     0.0085     1.3004     1.1013     18.862    30.4148    23.1960    1.52235    2.17560     66.447    6.35414    9.08071  0.000e+00
        145     19.021     27.587   3232.518   8895.477    11.0686   3.447469     1.3016     0.0061     0.1282     0.0085     1.3016     1.0187     18.862    30.4133    23.1945    1.52505    2.17945     66.565    6.35395    9.08043  0.000e+00
        146     19.021     27.587   3232.392   8895.667    11.0668   3.447635     1.3016     0.0073     0.1282     0.0085     1.3016     1.0187     18.862    30.4164    23.1973    1.52508    2.17948     66.566    6.35408    9.08061  0.000e+00
        147     19.021     27.587   3232.392   8895.671    11.0668   3.447638     1.3016     0.0073     0.1282     0.0085     1.3016     1.0187     18.862    30.4164    23.1973    1.52507    2.17948     66.566    6.35407    9.08061  0.000e+00
        148     19.021     27.587   3232.393   8895.488    11.0668   3.447479     1.3040     0.0073     0.1294     0.0085     1.3040     1.0393     18.862    30.4149    23.1961    1.53057    2.18733     66.805    6.35414    9.08070  0.000e+00
        149     19.021     27.587   3232.330   8895.492    11.0659   3.447483     1.3028     0.0073     0.1270     0.0085     1.3028     0.9980     18.862    30.4157    23.1968    1.52785    2.18345     66.687    6.35423    9.08083  0.000e+00
        150     19.021     27.587   3232.394   8895.683    11.0668   3.447648     1.3028     0.0061     0.1343     0.0085     1.3028     1.1220     18.862    30.4165    23.1973    1.52781    2.18339     66.685    6.35407    9.08060  0.000e+00
        151     19.021     27.587   3232.458   8895.686    11.0677   3.447652     1.3040     0.0061     0.1282     0.0085     1.3040     1.0187     18.862    30.4158    23.1966    1.53053    2.18728     66.804    6.35397    9.08046  0.000e+00
        152     19.021     27.587   3232.458   8895.504    11.0678   3.447493     1.3040     0.0061     0.1282     0.0085     1.3040     1.0187     18.862    30.4142    23.1954    1.53054    2.18730     66.804    6.35403    9.08055  0.000e+00
        153     19.021     27.587   3232.332   8895.507    11.0659   3.447496     1.3053     0.0061     0.1294     0.0085     1.3053     1.0393     18.862    30.4158    23.1969    1.53332    2.19127     66.926    6.35422    9.08082  0.000e+00
        154     19.021     27.587   3232.396   8895.511    11.0669   3.447499     1.3053     0.0073     0.1282     0.0098     1.3053     1.0187     18.862    30.4150    23.1962    1.53330    2.19124     66.925    6.35412    9.08068  0.000e+00
        155     19.021     27.587   3232.333   8895.329    11.0659   3.447340     1.3053     0.0073     0.1319     0.0085     1.3053     1.0806     18.862    30.4142    23.1957    1.53334    2.19129     66.926    6.35428    9.08090  0.000e+00
        156     19.021     27.587   3232.334   8895.519    11.0660   3.447506     1.3053     0.0061     0.1294     0.0085     1.3053     1.0393     18.862    30.4158    23.1970    1.53332    2.19127     66.926    6.35422    9.08081  0.000e+00
        157     19.021     27.587   3232.271   8895.523    11.0650   3.447509     1.3040     0.0073     0.1282     0.0085     1.3040     1.0187     18.862    30.4166    23.1977    1.53060    2.18739     66.807    6.35431    9.08094  0.000e+00
        158     19.021     27.587   3232.398   8895.527    11.0669   3.447512     1.3040     0.0061     0.1282     0.0085     1.3040     1.0187     18.862    30.4151    23.1963    1.53056    2.18732     66.805    6.35412    9.08067  0.000e+00
        159     19.021     27.587   3232.335   8895.530    11.0660   3.447516     1.3040     0.0073     0.1282     0.0098     1.3040     1.0187     18.862    30.4159    23.1970    1.53058    2.18735     66.806    6.35421    9.08080  0.000e+00
        160     19.021     27.587   3232.399   8895.348    11.0669   3.447357     1.3040     0.0073     0.1294     0.0085     1.3040     1.0393     18.862    30.4136    23.1951    1.53057    2.18734     66.806    6.35417    9.08075  0.000e+00
        161     19.021     27.587   3232.400   8895.351    11.0669   3.447360     1.3040     0.0061     0.1282     0.0085     1.3040     1.0187     18.862    30.4136    23.1951    1.53057    2.18734     66.806    6.35417    9.08075  0.000e+00
        162     19.021     27.587   3232.337   8895.542    11.0660   3.447526     1.3028     0.0073     0.1270     0.0085     1.3028     0.9980     18.862    30.4160    23.1971    1.52784    2.18344     66.686    6.35420    9.08079  0.000e+00
        163     19.021     27.587   3232.337   8895.359    11.0660   3.447367     1.3028     0.0061     0.1282     0.0085     1.3028     1.0187     18.862    30.4144    23.1959    1.52786    2.18346     66.687    6.35426    9.08088  0.000e+00
        164     19.066     27.652   3232.338   8895.363    11.0660   3.447370     1.3028     0.0073     0.1282     0.0085     1.3028     1.0187     18.906    30.4144    23.1959    1.52787    2.18347     66.688    6.35426    9.08088  0.000e+00
        165     19.021     27.587   3232.339   8895.367    11.0660   3.447373     1.3028     0.0073     0.1282     0.0085     1.3028     1.0187     18.862    30.4145    23.1959    1.52786    2.18346     66.687    6.35426    9.08087  0.000e+00
        166     19.021     27.587   3232.402   8895.370    11.0669   3.447377     1.3040     0.0073     0.1282     0.0085     1.3040     1.0187     18.862    30.4137    23.1952    1.53057    2.18734     66.806    6.35416    9.08073  0.000e+00
        167     19.021     27.587   3232.276   8895.188    11.0651   3.447218     1.3028     0.0073     0.1319     0.0085     1.3028     1.0806     18.862    30.4137    23.1955    1.52789    2.18351     66.689    6.35442    9.08110  0.000e+00
        168     19.021     27.587   3232.340   8895.378    11.0660   3.447383     1.3028     0.0061     0.1282     0.0085     1.3028     1.0187     18.862    30.4146    23.1960    1.52785    2.18346     66.687    6.35425    9.08086  0.000e+00
        169     19.021     27.587   3232.277   8895.382    11.0651   3.447387     1.3040     0.0073     0.1294     0.0098     1.3040     1.0393     18.862    30.4153    23.1967    1.53061    2.18740     66.807    6.35435    9.08100  0.000e+00
        170     19.021     27.587   3232.278   8895.386    11.0651   3.447390     1.3040     0.0061     0.1282     0.0085     1.3040     1.0187     18.862    30.4154    23.1968    1.53061    2.18740     66.807    6.35435    9.08100  0.000e+00
        171     19.021     27.587   3232.278   8895.389    11.0651   3.447393     1.3040     0.0061     0.1270     0.0085     1.3040     0.9980     18.862    30.4154    23.1968    1.53061    2.18740     66.807    6.35434    9.08099  0.000e+00
        172     19.021     27.587   3232.279   8895.207    11.0652   3.447234     1.3040     0.0073     0.1294     0.0085     1.3040     1.0393     18.862    30.4138    23.1956    1.53063    2.18742     66.808    6.35441    9.08108  0.000e+00
        173     19.021     27.587   3232.280   8895.211    11.0652   3.447238     1.3065     0.0073     0.1282     0.0098     1.3065     1.0187     18.862    30.4139    23.1956    1.53610    2.19524     67.047    6.35440    9.08108  0.000e+00
        174     19.021     27.587   3232.343   8895.214    11.0661   3.447241     1.3053     0.0073     0.1294     0.0085     1.3053     1.0393     18.862    30.4131    23.1948    1.53334    2.19130     66.927    6.35431    9.08094  0.000e+00
        175     19.021     27.587   3232.217   8895.405    11.0643   3.447407     1.3053     0.0061     0.1282     0.0085     1.3053     1.0187     18.862    30.4163    23.1976    1.53337    2.19134     66.928    6.35443    9.08112  0.000e+00
        176     19.021     27.587   3232.281   8895.222    11.0652   3.447248     1.3065     0.0073     0.1282     0.0085     1.3065     1.0187     18.862    30.4139    23.1956    1.53610    2.19524     67.047    6.35440    9.08107  0.000e+00
        177     19.021     27.587   3232.282   8895.226    11.0652   3.447251     1.3053     0.0061     0.1270     0.0085     1.3053     0.9980     18.862    30.4140    23.1957    1.53336    2.19133     66.928    6.35440    9.08107  0.000e+00
        178     19.021     27.587   3232.345   8895.230    11.0661   3.447254     1.3053     0.0061     0.1282     0.0085     1.3053     1.0187     18.862    30.4132    23.1949    1.53334    2.19130     66.927    6.35430    9.08093  0.000e+00
        179     19.021     27.587   3232.346   8895.233    11.0661   3.447257     1.3053     0.0073     0.1282     0.0085     1.3053     1.0187     18.862    30.4133    23.1949    1.53334    2.19130     66.927    6.35429    9.08092  0.000e+00
        180     19.021     27.587   3232.283   8895.237    11.0652   3.447261     1.3053     0.0061     0.1294     0.0098     1.3053     1.0393     18.862    30.4140    23.1957    1.53336    2.19133     66.927    6.35439    9.08106  0.000e+00
        181     19.021     27.587   3232.284   8895.241    11.0652   3.447264     1.3053     0.0073     0.1282     0.0085     1.3053     1.0187     18.862    30.4141    23.1957    1.53336    2.19133     66.927    6.35439    9.08105  0.000e+00
        182     19.021     27.587   3232.221   8895.245    11.0643   3.447267     1.3065     0.0061     0.1282     0.0085     1.3065     1.0187     18.862    30.4149    23.1965    1.53612    2.19527     67.048    6.35448    9.08119  0.000e+00
        183     19.021     27.587   3232.285   8895.249    11.0652   3.447271     1.3053     0.0073     0.1294     0.0085     1.3053     1.0393     18.862    30.4141    23.1958    1.53336    2.19132     66.927    6.35438    9.08105  0.000e+00
        184     19.021     27.587   3232.285   8895.066    11.0652   3.447112     1.3053     0.0073     0.1294     0.0085     1.3053     1.0393     18.862    30.4126    23.1945    1.53337    2.19135     66.928    6.35444    9.08114  0.000e+00
        185     19.021     27.587   3232.286   8895.070    11.0653   3.447115     1.3053     0.0061     0.1294     0.0085     1.3053     1.0393     18.862    30.4126    23.1946    1.53337    2.19134     66.928    6.35444    9.08113  0.000e+00
        186     19.021     27.587   3232.350   8895.074    11.0662   3.447118     1.3053     0.0073     0.1282     0.0085     1.3053     1.0187     18.862    30.4119    23.1938    1.53335    2.19131     66.927    6.35434    9.08099  0.000e+00
        187     19.021     27.587   3232.287   8895.264    11.0653   3.447284     1.3065     0.0073     0.1294     0.0085     1.3065     1.0393     18.862    30.4142    23.1958    1.53610    2.19523     67.047    6.35437    9.08104  0.000e+00
        188     19.021     27.587   3232.287   8895.268    11.0653   3.447287     1.3053     0.0061     0.1270     0.0085     1.3053     0.9980     18.862    30.4143    23.1959    1.53336    2.19132     66.927    6.35437    9.08103  0.000e+00
        189     19.021     27.587   3232.288   8895.271    11.0653   3.447291     1.3053     0.0061     0.1282     0.0085     1.3053     1.0187     18.862    30.4143    23.1959    1.53336    2.19132     66.927    6.35437    9.08103  0.000e+00
        190     19.021     27.587   3232.225   8895.275    11.0644   3.447294     1.3053     0.0073     0.1294     0.0098     1.3053     1.0393     18.862    30.4151    23.1966    1.53338    2.19135     66.928    6.35446    9.08117  0.000e+00
        191     19.021     27.587   3232.226   8895.279    11.0644   3.447297     1.3053     0.0061     0.1282     0.0085     1.3053     1.0187     18.862    30.4151    23.1967    1.53338    2.19135     66.928    6.35446    9.08116  0.000e+00
        192     19.021     27.587   3232.289   8895.283    11.0653   3.447300     1.3040     0.0061     0.1294     0.0085     1.3040     1.0393     18.862    30.4144    23.1959    1.53062    2.18741     66.808    6.35436    9.08102  0.000e+00
        193     19.021     27.587   3232.227   8895.287    11.0644   3.447304     1.3040     0.0073     0.1294     0.0098     1.3040     1.0393     18.862    30.4151    23.1967    1.53064    2.18743     66.809    6.35446    9.08116  0.000e+00
        194     19.021     27.587   3232.164   8895.290    11.0635   3.447307     1.3040     0.0073     0.1282     0.0085     1.3040     1.0187     18.862    30.4159    23.1975    1.53066    2.18746     66.809    6.35455    9.08129  0.000e+00
        195     19.021     27.587   3232.228   8895.294    11.0644   3.447310     1.3040     0.0073     0.1331     0.0085     1.3040     1.1013     18.862    30.4152    23.1967    1.53064    2.18743     66.808    6.35445    9.08115  0.000e+00
        196     19.021     27.587   3232.228   8895.298    11.0644   3.447314     1.3040     0.0061     0.1282     0.0085     1.3040     1.0187     18.862    30.4152    23.1968    1.53064    2.18743     66.808    6.35445    9.08115  0.000e+00
        197     19.021     27.587   3232.229   8895.302    11.0644   3.447317     1.3040     0.0073     0.1294     0.0085     1.3040     1.0393     18.862    30.4152    23.1968    1.53064    2.18743     66.808    6.35445    9.08114  0.000e+00
