unitTesting/processed_seabird_noalign/ORCA1_CAST0015.cnv
* Sea-Bird SBE 19 Data File:
* FileName =
* Software Version 4.234
* Temperature SN = 2835
* Conductivity SN = 2835
* System UpLoad Time = Sat Jan 22 17:54:41 2005

** Ship: ORCA
** Cruise: Mooring
** Station: Twanoh
** Latitude: 47 22.5
** Longitude: 123 0.5
# nquan = 22
# nvalues = 913                                   
# units = specified
# name 0 = scan: Scan Count
# name 1 = prSM: Pressure, Strain Gauge [db]
# name 2 = prSE: Pressure, Strain Gauge [psi]
# name 3 = f0: Frequency 0
# name 4 = f1: Frequency 1
# name 5 = t090C: Temperature [ITS-90, deg C]
# name 6 = c0S/m: Conductivity [S/m]
# name 7 = v0: Voltage 0
# name 8 = v1: Voltage 1
# name 9 = v2: Voltage 2
# name 10 = v3: Voltage 3
# name 11 = sbeox0V: Oxygen raw, SBE 43 [V]
# name 12 = wetStar: Fluorescence, WET Labs WETstar [mg/m^3]
# name 13 = depSM: Depth [salt water, m], lat = 47.28
# name 14 = sal00: Salinity, Practical [PSU]
# name 15 = sigma-t00: Density [sigma-t, Kg/m^3 ]
# name 16 = sbeox0ML/L: Oxygen, SBE 43 [ml/l]
# name 17 = sbeox0Mg/L: Oxygen, SBE 43 [mg/l]
# name 18 = sbeox0Mm/Kg: Oxygen, SBE 43 [umol/Kg]
# name 19 = oxsatML/L: Oxygen Saturation, Weiss [ml/l]
# name 20 = oxsatMg/L: Oxygen Saturation, Weiss [mg/l]
# name 21 = flag:  0.000e+00
# span 0 =          1,        913                 
# span 1 =      1.085,     29.672                 
# span 2 =      1.574,     43.035                 
# span 3 =   3064.339,   3232.838                 
# span 4 =   7072.476,   8909.669                 
# span 5 =     8.5833,    11.0733                 
# span 6 =   2.025406,   3.459835                 
# span 7 =     0.0000,     3.1343                 
# span 8 =     0.0000,     0.0073                 
# span 9 =     0.0000,     0.4359                 
# span 10 =     0.0000,     0.0098                
# span 11 =     0.0000,     3.1343                
# span 12 =    -1.1506,     6.2248                
# span 13 =      1.076,     29.422                
# span 14 =    17.9688,    30.5336                
# span 15 =    13.8225,    23.2888                
# span 16 =   -1.39495,    6.16960                
# span 17 =   -1.99352,    8.81698                
# span 18 =    -60.891,    271.740                
# span 19 =    6.34973,    7.21348                
# span 20 =    9.07439,   10.30879                
# span 21 = 0.0000e+00, 0.0000e+00                
# interval = seconds: 0.5
# start_time = Jan 31 2016 20:27:11 [DatCnv date, localtime]
# bad_flag = -9.990e-29
*END*
[from data line 527]
        528      3.545      5.141   3177.408   8614.025    10.2645   3.206443     3.0220     0.0073     0.3370     0.0098     3.0220     4.5514      3.515    28.6971    21.9934    5.52080    7.88977    241.253    6.53771    9.34303  0.000e+00
        529      3.634      5.271   3176.775   8618.449    10.2552   3.210171     2.9646     0.0073     0.2943     0.0085     2.9646     3.8283      3.604    28.7413    22.0293    5.38841    7.70057    235.459    6.53722    9.34234  0.000e+00
        530      3.768      5.465   3177.977   8642.468    10.2728   3.230444     2.8999     0.0073     0.4042     0.0085     2.8999     5.6877      3.737    28.9281    22.1719    5.23157    7.47643    228.574    6.52693    9.32764  0.000e+00
        531      3.858      5.595   3181.707   8651.671    10.3276   3.238227     2.8303     0.0073     0.3553     0.0098     2.8303     4.8613      3.825    28.9615    22.1891    5.06499    7.23838    221.292    6.51765    9.31437  0.000e+00
        532      3.992      5.789   3183.919   8655.884    10.3600   3.241793     2.7582     0.0073     0.2906     0.0085     2.7582     3.7664      3.958    28.9709    22.1912    4.89630    6.99731    213.922    6.51258    9.30713  0.000e+00
        533      4.126      5.984   3185.121   8658.371    10.3776   3.243899     2.6886     0.0073     0.3199     0.0085     2.6886     4.2622      4.091    28.9777    22.1936    4.73498    6.76676    206.873    6.50977    9.30311  0.000e+00
        534      4.260      6.179   3186.132   8667.941    10.3924   3.252007     2.6154     0.0073     0.3126     0.0085     2.6154     4.1382      4.224    29.0460    22.2443    4.56388    6.52224    199.388    6.50482    9.29604  0.000e+00
        535      4.394      6.373   3187.965   8688.005    10.4193   3.269037     2.5409     0.0073     0.3187     0.0085     2.5409     4.2415      4.358    29.1928    22.3542    4.38695    6.26940    191.637    6.49492    9.28190  0.000e+00
        536      4.528      6.568   3192.075   8700.974    10.4795   3.280065     2.4664     0.0073     0.3065     0.0085     2.4664     4.0349      4.491    29.2535    22.3916    4.20994    6.01643    183.898    6.48382    9.26602  0.000e+00
        537      4.662      6.762   3195.552   8726.476    10.5303   3.301800     2.3919     0.0073     0.2210     0.0085     2.3919     2.5888      4.624    29.4271    22.5183    4.03139    5.76126    176.077    6.46944    9.24548  0.000e+00
        538      4.752      6.892   3199.851   8734.262    10.5931   3.308448     2.3211     0.0073     0.2137     0.0098     2.3211     2.4648      4.712    29.4419    22.5195    3.86481    5.52319    168.801    6.45990    9.23184  0.000e+00
        539      4.931      7.151   3202.253   8746.972    10.6282   3.319315     2.2552     0.0073     0.2100     0.0085     2.2552     2.4028      4.890    29.5206    22.5749    3.71044    5.30259    162.050    6.45170    9.22013  0.000e+00
        540      5.020      7.281   3205.224   8764.396    10.6716   3.334237     2.1966     0.0073     0.2015     0.0085     2.1966     2.2582      4.978    29.6324    22.6547    3.57166    5.10425    155.977    6.44101    9.20484  0.000e+00
        541      5.154      7.476   3208.575   8777.818    10.7205   3.345753     2.1380     0.0073     0.2027     0.0085     2.1380     2.2789      5.111    29.7061    22.7038    3.43377    4.90720    149.948    6.43111    9.19070  0.000e+00
        542      5.289      7.670   3210.914   8789.899    10.7546   3.356134     2.0830     0.0073     0.2039     0.0085     2.0830     2.2995      5.244    29.7804    22.7559    3.30555    4.72396    144.341    6.42329    9.17952  0.000e+00
        543      5.423      7.865   3212.810   8799.136    10.7822   3.364081     2.0342     0.0073     0.2015     0.0085     2.0342     2.2582      5.377    29.8360    22.7945    3.19221    4.56199    139.387    6.41714    9.17074  0.000e+00
        544      5.557      8.060   3214.580   8807.234    10.8080   3.371054     1.9866     0.0061     0.1770     0.0085     1.9866     1.8450      5.510    29.8834    22.8271    3.08211    4.40465    134.575    6.41160    9.16282  0.000e+00
        545      5.691      8.254   3216.097   8810.243    10.8300   3.373647     1.9402     0.0073     0.1832     0.0098     1.9402     1.9483      5.644    29.8908    22.8291    2.97592    4.25289    129.938    6.40820    9.15796  0.000e+00
        546      5.780      8.384   3216.856   8810.616    10.8411   3.373968     1.8974     0.0073     0.1966     0.0085     1.8974     2.1756      5.732    29.8850    22.8226    2.87897    4.11433    125.706    6.40689    9.15609  0.000e+00
        547      5.959      8.643   3217.172   8811.742    10.8457   3.374939     1.8523     0.0073     0.1832     0.0085     1.8523     1.9483      5.910    29.8907    22.8263    2.77674    3.96824    121.242    6.40602    9.15484  0.000e+00
        548      6.049      8.773   3217.361   8812.491    10.8484   3.375585     1.8083     0.0073     0.2076     0.0085     1.8083     2.3615      5.998    29.8947    22.8290    2.67738    3.82625    116.903    6.40547    9.15405  0.000e+00
        549      6.272      9.097   3217.614   8812.864    10.8521   3.375906     1.7607     0.0073     0.2051     0.0098     1.7607     2.3202      6.220    29.8948    22.8284    2.56984    3.67255    112.207    6.40495    9.15331  0.000e+00
        550      6.407      9.292   3217.740   8813.425    10.8539   3.376390     1.7179     0.0073     0.2186     0.0085     1.7179     2.5475      6.353    29.8980    22.8306    2.47333    3.53464    107.994    6.40456    9.15276  0.000e+00
        551      6.496      9.422   3217.740   8813.045    10.8539   3.376062     1.6777     0.0073     0.2063     0.0085     1.6777     2.3409      6.442    29.8947    22.8281    2.38252    3.40486    104.029    6.40469    9.15295  0.000e+00
        552      6.675      9.681   3217.803   8813.795    10.8549   3.376708     1.6410     0.0061     0.1978     0.0085     1.6410     2.1963      6.619    29.9003    22.8322    2.29982    3.28667    100.417    6.40434    9.15245  0.000e+00
        553      6.764      9.811   3217.929   8815.108    10.8567   3.377841     1.6081     0.0073     0.1844     0.0098     1.6081     1.9690      6.708    29.9098    22.8394    2.22526    3.18012     97.161    6.40370    9.15153  0.000e+00
        554      6.898     10.005   3218.245   8815.857    10.8613   3.378487     1.5775     0.0073     0.1880     0.0085     1.5775     2.0310      6.841    29.9124    22.8405    2.15621    3.08145     94.146    6.40295    9.15046  0.000e+00
        555      6.988     10.135   3218.308   8816.982    10.8622   3.379457     1.5495     0.0073     0.1966     0.0098     1.5495     2.1756      6.930    29.9211    22.8472    2.09275    2.99074     91.374    6.40247    9.14977  0.000e+00
        556      7.122     10.330   3218.561   8818.107    10.8659   3.380428     1.5201     0.0061     0.1844     0.0085     1.5201     1.9690      7.063    29.9276    22.8516    2.02646    2.89601     88.480    6.40169    9.14866  0.000e+00
        557      7.256     10.524   3218.877   8819.420    10.8705   3.381561     1.4957     0.0073     0.1600     0.0085     1.4957     1.5558      7.196    29.9349    22.8565    1.97115    2.81697     86.065    6.40076    9.14732  0.000e+00
        558      7.390     10.719   3219.319   8824.493    10.8769   3.385938     1.4713     0.0073     0.1600     0.0085     1.4713     1.5558      7.329    29.9725    22.8847    1.91542    2.73733     83.629    6.39834    9.14386  0.000e+00
        559      7.480     10.849   3220.078   8829.750    10.8880   3.390478     1.4518     0.0073     0.1575     0.0085     1.4518     1.5145      7.417    30.0080    22.9104    1.87057    2.67323     81.668    6.39536    9.13961  0.000e+00
        560      7.614     11.043   3221.089   8834.441    10.9027   3.394531     1.4335     0.0073     0.1624     0.0098     1.4335     1.5971      7.550    30.0357    22.9294    1.82847    2.61306     79.829    6.39219    9.13508  0.000e+00
        561      7.748     11.238   3222.037   8837.629    10.9164   3.397287     1.4176     0.0073     0.1673     0.0085     1.4176     1.6798      7.684    30.0514    22.9393    1.79207    2.56105     78.239    6.38963    9.13142  0.000e+00
        562      7.838     11.368   3222.732   8841.378    10.9265   3.400529     1.4005     0.0073     0.1587     0.0085     1.4005     1.5352      7.772    30.0749    22.9558    1.75299    2.50520     76.532    6.38728    9.12806  0.000e+00
        563      7.972     11.562   3223.427   8844.563    10.9366   3.403284     1.3883     0.0073     0.1526     0.0098     1.3883     1.4319      7.905    30.0935    22.9686    1.72499    2.46518     75.308    6.38511    9.12497  0.000e+00
        564      8.106     11.757   3223.933   8845.872    10.9440   3.404417     1.3748     0.0073     0.1636     0.0085     1.3748     1.6178      8.038    30.0986    22.9713    1.69449    2.42160     73.977    6.38389    9.12321  0.000e+00
        565      8.195     11.886   3224.439   8848.867    10.9513   3.407010     1.3663     0.0073     0.1465     0.0085     1.3663     1.3286      8.127    30.1179    22.9851    1.67483    2.39350     73.117    6.38209    9.12064  0.000e+00
        566      8.330     12.081   3225.134   8851.300    10.9614   3.409116     1.3553     0.0073     0.1563     0.0085     1.3553     1.4938      8.260    30.1302    22.9929    1.64968    2.35756     72.019    6.38018    9.11792  0.000e+00
        567      8.464     12.276   3225.639   8855.605    10.9688   3.412845     1.3455     0.0061     0.1661     0.0085     1.3455     1.6591      8.393    30.1607    23.0153    1.62720    2.32543     71.036    6.37794    9.11471  0.000e+00
        568      8.553     12.405   3226.524   8859.721    10.9816   3.416411     1.3382     0.0073     0.1526     0.0098     1.3382     1.4319      8.482    30.1850    23.0321    1.61008    2.30097     70.287    6.37517    9.11075  0.000e+00
        569      8.687     12.600   3227.472   8863.086    10.9954   3.419329     1.3284     0.0073     0.1514     0.0085     1.3284     1.4112      8.615    30.2023    23.0431    1.58755    2.26877     69.303    6.37256    9.10703  0.000e+00
        570      8.822     12.795   3228.041   8864.580    11.0037   3.420623     1.3199     0.0073     0.1538     0.0085     1.3199     1.4525      8.748    30.2081    23.0462    1.56806    2.24092     68.452    6.37118    9.10506  0.000e+00
        571      8.911     12.924   3228.420   8866.073    11.0092   3.421918     1.3114     0.0073     0.1575     0.0085     1.3114     1.5145      8.837    30.2162    23.0516    1.54864    2.21316     67.604    6.37009    9.10350  0.000e+00
        572      9.090     13.184   3228.736   8866.817    11.0137   3.422564     1.3028     0.0073     0.1575     0.0085     1.3028     1.5145      9.014    30.2187    23.0527    1.52932    2.18555     66.760    6.36936    9.10245  0.000e+00
        573      9.224     13.378   3228.799   8867.188    11.0147   3.422886     1.2955     0.0073     0.1429     0.0085     1.2955     1.2666      9.147    30.2210    23.0544    1.51285    2.16202     66.041    6.36913    9.10213  0.000e+00
        574      9.314     13.508   3228.925   8868.306    11.0165   3.423856     1.2869     0.0073     0.1429     0.0085     1.2869     1.2666      9.236    30.2290    23.0603    1.49356    2.13444     65.199    6.36856    9.10131  0.000e+00
        575      9.448     13.703   3229.178   8870.360    11.0202   3.425638     1.2796     0.0073     0.1392     0.0098     1.2796     1.2046      9.369    30.2434    23.0708    1.47690    2.11063     64.471    6.36747    9.09976  0.000e+00
        576      9.537     13.832   3229.557   8871.104    11.0257   3.426284     1.2723     0.0073     0.1429     0.0085     1.2723     1.2666      9.458    30.2451    23.0712    1.46029    2.08690     63.746    6.36664    9.09857  0.000e+00
        577      9.671     14.027   3229.810   8871.288    11.0293   3.426443     1.2650     0.0073     0.1416     0.0085     1.2650     1.2459      9.591    30.2436    23.0694    1.44379    2.06331     63.025    6.36619    9.09792  0.000e+00
        578      9.806     14.222   3229.936   8871.658    11.0312   3.426765     1.2601     0.0073     0.1404     0.0085     1.2601     1.2253      9.724    30.2452    23.0703    1.43278    2.04759     62.545    6.36587    9.09747  0.000e+00
        579      9.940     14.416   3230.062   8872.215    11.0330   3.427248     1.2527     0.0073     0.1392     0.0085     1.2527     1.2046      9.857    30.2484    23.0725    1.41629    2.02402     61.825    6.36549    9.09693  0.000e+00
        580     10.074     14.611   3230.125   8872.585    11.0339   3.427570     1.2466     0.0073     0.1392     0.0085     1.2466     1.2046      9.990    30.2507    23.0741    1.40257    2.00442     61.226    6.36527    9.09661  0.000e+00
        581     10.163     14.741   3230.188   8872.769    11.0348   3.427729     1.2418     0.0073     0.1416     0.0085     1.2418     1.2459     10.078    30.2515    23.0746    1.39160    1.98873     60.747    6.36511    9.09638  0.000e+00
        582     10.298     14.935   3230.251   8872.952    11.0357   3.427888     1.2369     0.0061     0.1380     0.0085     1.2369     1.1839     10.212    30.2522    23.0750    1.38063    1.97306     60.268    6.36496    9.09616  0.000e+00
        583     10.432     15.130   3230.314   8873.135    11.0367   3.428047     1.2344     0.0073     0.1380     0.0098     1.2344     1.1839     10.345    30.2530    23.0754    1.37515    1.96522     60.029    6.36480    9.09594  0.000e+00
        584     10.521     15.260   3230.314   8873.693    11.0367   3.428531     1.2320     0.0061     0.1355     0.0085     1.2320     1.1426     10.433    30.2577    23.0791    1.36965    1.95736     59.788    6.36461    9.09567  0.000e+00
        585     10.655     15.454   3230.440   8873.876    11.0385   3.428690     1.2283     0.0073     0.1416     0.0085     1.2283     1.2459     10.566    30.2577    23.0788    1.36140    1.94558     59.429    6.36436    9.09530  0.000e+00
        586     10.745     15.584   3230.504   8874.059    11.0394   3.428849     1.2259     0.0073     0.1416     0.0085     1.2259     1.2459     10.655    30.2585    23.0792    1.35591    1.93773     59.189    6.36420    9.09508  0.000e+00
        587     10.879     15.779   3230.503   8874.242    11.0394   3.429009     1.2210     0.0073     0.1331     0.0085     1.2210     1.1013     10.788    30.2600    23.0804    1.34496    1.92208     58.711    6.36414    9.09499  0.000e+00
        588     11.013     15.973   3230.630   8874.239    11.0412   3.429005     1.2198     0.0073     0.1331     0.0085     1.2198     1.1013     10.921    30.2584    23.0788    1.34221    1.91815     58.591    6.36395    9.09472  0.000e+00
        589     11.147     16.168   3230.629   8874.235    11.0412   3.429002     1.2173     0.0073     0.1380     0.0085     1.2173     1.1839     11.054    30.2583    23.0788    1.33676    1.91036     58.353    6.36395    9.09473  0.000e+00
        590     11.237     16.298   3230.629   8874.419    11.0412   3.429162     1.2137     0.0073     0.1331     0.0085     1.2137     1.1013     11.143    30.2598    23.0800    1.32854    1.89862     57.994    6.36389    9.09464  0.000e+00
        591     11.371     16.492   3230.629   8874.602    11.0412   3.429321     1.2112     0.0073     0.1368     0.0085     1.2112     1.1633     11.276    30.2613    23.0811    1.32307    1.89081     57.755    6.36383    9.09455  0.000e+00
        592     11.505     16.687   3230.692   8874.972    11.0421   3.429642     1.2076     0.0073     0.1355     0.0085     1.2076     1.1426     11.409    30.2637    23.0828    1.31484    1.87903     57.396    6.36361    9.09424  0.000e+00
