unitTesting/processed_seabird_noalign/ORCA1_CAST0040.cnv
* Sea-Bird SBE 19 Data File:
* FileName =
* Software Version 4.234
* Temperature SN = 2835
* Conductivity SN = 2835
* System UpLoad Time = Sat Jan 29 00:08:08 2005

** Ship: ORCA
** Cruise: Mooring
** Station: Twanoh
** Latitude: 47 22.5
** Longitude: 123 0.5
# nquan = 22
# nvalues = 933                                   
# units = specified
# name 0 = scan: Scan Count
# name 1 = prSM: Pressure, Strain Gauge [db]
# name 2 = prSE: Pressure, Strain Gauge [psi]
# name 3 = f0: Frequency 0
# name 4 = f1: Frequency 1
# name 5 = t090C: Temperature [ITS-90, deg C]
# name 6 = c0S/m: Conductivity [S/m]
# name 7 = v0: Voltage 0
# name 8 = v1: Voltage 1
# name 9 = v2: Voltage 2
# name 10 = v3: Voltage 3
# name 11 = sbeox0V: Oxygen raw, SBE 43 [V]
# name 12 = wetStar: Fluorescence, WET Labs WETstar [mg/m^3]
# name 13 = depSM: Depth [salt water, m], lat = 47.28
# name 14 = sal00: Salinity, Practical [PSU]
# name 15 = sigma-t00: Density [sigma-t, Kg/m^3 ]
# name 16 = sbeox0ML/L: Oxygen, SBE 43 [ml/l]
# name 17 = sbeox0Mg/L: Oxygen, SBE 43 [mg/l]
# name 18 = sbeox0Mm/Kg: Oxygen, SBE 43 [umol/Kg]
# name 19 = oxsatML/L: Oxygen Saturation, Weiss [ml/l]
# name 20 = oxsatMg/L: Oxygen Saturation, Weiss [mg/l]
# name 21 = flag:  0.000e+00
# span 0 =          1,        933                 
# span 1 =      0.951,     29.582                 
# span 2 =      1.380,     42.905                 
# span 3 =   3085.024,   3233.512                 
# span 4 =   7271.091,   8901.081                 
# span 5 =     8.8941,    11.0830                 
# span 6 =   2.164380,   3.452352                 
# span 7 =     0.0000,     2.7863                 
# span 8 =     0.0000,     0.0073                 
# span 9 =     0.0000,     0.3199                 
# span 10 =     0.0000,     0.0098                
# span 11 =     0.0000,     2.7863                
# span 12 =    -1.1506,     4.2622                
# span 13 =      0.943,     29.334                
# span 14 =    19.3519,    30.4666                
# span 15 =    14.9082,    23.2380                
# span 16 =   -1.39674,    5.41874                
# span 17 =   -1.99608,    7.74392                
# span 18 =    -60.979,    238.436                
# span 19 =    6.35344,    7.15679                
# span 20 =    9.07971,   10.22777                
# span 21 = 0.0000e+00, 0.0000e+00                
# interval = seconds: 0.5
# start_time = Jan 31 2016 20:27:32 [DatCnv date, localtime]
# bad_flag = -9.990e-29
*END*
[from data line 198]
        199     19.021     27.587   3231.913   8867.854    11.0598   3.423466     0.9084     0.0073     0.1429     0.0085     0.9084     1.2666     18.862    30.1857    23.0192    0.64445    0.92098     28.133    6.36428    9.09520  0.000e+00
        200     19.021     27.587   3231.977   8867.672    11.0608   3.423309     0.9084     0.0073     0.1392     0.0085     0.9084     1.2046     18.862    30.1834    23.0172    0.64444    0.92098     28.133    6.36425    9.09515  0.000e+00
        201     19.021     27.587   3231.914   8867.865    11.0599   3.423476     0.9084     0.0073     0.1392     0.0085     0.9084     1.2046     18.862    30.1858    23.0192    0.64445    0.92098     28.133    6.36428    9.09519  0.000e+00
        202     19.021     27.587   3231.915   8867.870    11.0599   3.423480     0.9096     0.0073     0.1380     0.0085     0.9096     1.1839     18.862    30.1858    23.0192    0.64719    0.92490     28.253    6.36428    9.09519  0.000e+00
        203     19.021     27.587   3231.915   8867.875    11.0599   3.423485     0.9084     0.0073     0.1368     0.0085     0.9084     1.1633     18.862    30.1859    23.0193    0.64445    0.92098     28.133    6.36427    9.09518  0.000e+00
        204     19.021     27.587   3231.916   8867.694    11.0599   3.423327     0.9096     0.0061     0.1392     0.0085     0.9096     1.2046     18.862    30.1843    23.0181    0.64720    0.92491     28.253    6.36433    9.09527  0.000e+00
        205     19.021     27.587   3231.916   8868.073    11.0599   3.423656     0.9084     0.0073     0.1368     0.0085     0.9084     1.1633     18.862    30.1875    23.0206    0.64444    0.92097     28.133    6.36420    9.09508  0.000e+00
        206     19.021     27.587   3231.917   8867.891    11.0599   3.423499     0.9096     0.0061     0.1368     0.0085     0.9096     1.1633     18.862    30.1860    23.0194    0.64719    0.92490     28.253    6.36427    9.09517  0.000e+00
        207     19.021     27.587   3231.917   8867.897    11.0599   3.423503     0.9084     0.0073     0.1380     0.0085     0.9084     1.1839     18.862    30.1860    23.0194    0.64445    0.92098     28.133    6.36426    9.09517  0.000e+00
        208     19.021     27.587   3231.918   8868.089    11.0599   3.423670     0.9084     0.0061     0.1368     0.0085     0.9084     1.1633     18.862    30.1876    23.0206    0.64444    0.92097     28.133    6.36420    9.09507  0.000e+00
        209     19.021     27.587   3231.792   8867.907    11.0581   3.423513     0.9084     0.0073     0.1380     0.0085     0.9084     1.1839     18.862    30.1876    23.0209    0.64446    0.92100     28.134    6.36445    9.09544  0.000e+00
        210     19.021     27.587   3231.856   8868.287    11.0590   3.423842     0.9072     0.0061     0.1355     0.0085     0.9072     1.1426     18.862    30.1901    23.0227    0.64170    0.91705     28.013    6.36422    9.09511  0.000e+00
        211     19.021     27.587   3231.793   8868.105    11.0581   3.423684     0.9084     0.0073     0.1368     0.0098     0.9084     1.1633     18.862    30.1893    23.0222    0.64446    0.92099     28.134    6.36438    9.09534  0.000e+00
        212     19.021     27.587   3231.920   8868.297    11.0600   3.423851     0.9096     0.0061     0.1380     0.0085     0.9096     1.1839     18.862    30.1894    23.0220    0.64717    0.92488     28.252    6.36412    9.09497  0.000e+00
        213     19.021     27.587   3231.858   8868.116    11.0590   3.423694     0.9084     0.0073     0.1404     0.0098     0.9084     1.2253     18.862    30.1886    23.0215    0.64445    0.92098     28.133    6.36428    9.09519  0.000e+00
        214     19.021     27.587   3231.921   8867.934    11.0600   3.423536     0.9084     0.0061     0.1404     0.0085     0.9084     1.2253     18.862    30.1863    23.0196    0.64444    0.92097     28.133    6.36424    9.09514  0.000e+00
        215     19.021     27.587   3231.922   8868.313    11.0600   3.423865     0.9084     0.0073     0.1404     0.0085     0.9084     1.2253     18.862    30.1895    23.0221    0.64443    0.92096     28.133    6.36411    9.09495  0.000e+00
        216     19.021     27.587   3231.859   8868.319    11.0591   3.423870     0.9084     0.0061     0.1392     0.0085     0.9084     1.2046     18.862    30.1903    23.0229    0.64444    0.92097     28.133    6.36421    9.09509  0.000e+00
        217     19.021     27.587   3231.860   8868.137    11.0591   3.423712     0.9096     0.0073     0.1392     0.0085     0.9096     1.2046     18.862    30.1887    23.0216    0.64719    0.92490     28.253    6.36427    9.09518  0.000e+00
        218     19.021     27.587   3231.671   8868.329    11.0563   3.423879     0.9084     0.0061     0.1380     0.0085     0.9084     1.1839     18.862    30.1926    23.0251    0.64447    0.92101     28.134    6.36449    9.09550  0.000e+00
        219     19.021     27.587   3231.924   8868.148    11.0600   3.423721     0.9084     0.0073     0.1380     0.0085     0.9084     1.1839     18.862    30.1881    23.0210    0.64444    0.92096     28.133    6.36417    9.09503  0.000e+00
        220     19.021     27.587   3231.798   8868.153    11.0582   3.423726     0.9084     0.0061     0.1392     0.0085     0.9084     1.2046     18.862    30.1896    23.0225    0.64445    0.92099     28.134    6.36436    9.09530  0.000e+00
        221     19.021     27.587   3231.862   8868.158    11.0591   3.423731     0.9084     0.0061     0.1380     0.0085     0.9084     1.1839     18.862    30.1889    23.0218    0.64444    0.92098     28.133    6.36426    9.09516  0.000e+00
        222     19.021     27.587   3231.863   8868.164    11.0591   3.423735     0.9072     0.0061     0.1380     0.0085     0.9072     1.1839     18.862    30.1889    23.0218    0.64170    0.91706     28.013    6.36426    9.09516  0.000e+00
        223     19.021     27.587   3231.863   8868.169    11.0591   3.423740     0.9084     0.0061     0.1380     0.0085     0.9084     1.1839     18.862    30.1890    23.0218    0.64444    0.92097     28.133    6.36425    9.09515  0.000e+00
        224     19.021     27.587   3231.801   8868.361    11.0582   3.423907     0.9084     0.0061     0.1416     0.0085     0.9084     1.2459     18.862    30.1913    23.0238    0.64445    0.92098     28.133    6.36428    9.09520  0.000e+00
        225     19.021     27.587   3231.864   8868.367    11.0591   3.423911     0.9084     0.0061     0.1380     0.0085     0.9084     1.1839     18.862    30.1906    23.0231    0.64444    0.92096     28.133    6.36418    9.09506  0.000e+00
        226     19.021     27.587   3231.928   8868.372    11.0601   3.423916     0.9084     0.0061     0.1380     0.0085     0.9084     1.1839     18.862    30.1899    23.0224    0.64443    0.92095     28.132    6.36408    9.09491  0.000e+00
        227     19.021     27.587   3231.739   8868.377    11.0573   3.423921     0.9084     0.0061     0.1380     0.0085     0.9084     1.1839     18.862    30.1922    23.0247    0.64445    0.92099     28.134    6.36437    9.09532  0.000e+00
        228     19.021     27.587   3231.803   8868.383    11.0582   3.423925     0.9096     0.0061     0.1392     0.0085     0.9096     1.2046     18.862    30.1915    23.0239    0.64719    0.92490     28.253    6.36427    9.09518  0.000e+00
        229     19.021     27.587   3231.740   8868.388    11.0573   3.423930     0.9084     0.0073     0.1380     0.0085     0.9084     1.1839     18.862    30.1923    23.0247    0.64445    0.92099     28.134    6.36437    9.09532  0.000e+00
        230     19.021     27.587   3231.867   8868.393    11.0592   3.423934     0.9096     0.0061     0.1368     0.0085     0.9096     1.1633     18.862    30.1908    23.0233    0.64718    0.92488     28.252    6.36417    9.09504  0.000e+00
        231     19.021     27.587   3231.868   8868.212    11.0592   3.423777     0.9096     0.0061     0.1392     0.0085     0.9096     1.2046     18.862    30.1893    23.0220    0.64718    0.92489     28.253    6.36423    9.09512  0.000e+00
        232     19.021     27.587   3231.868   8868.404    11.0592   3.423944     0.9084     0.0061     0.1392     0.0085     0.9084     1.2046     18.862    30.1909    23.0233    0.64444    0.92096     28.133    6.36417    9.09503  0.000e+00
        233     19.021     27.587   3231.806   8868.596    11.0583   3.424111     0.9084     0.0061     0.1368     0.0085     0.9084     1.1633     18.862    30.1933    23.0253    0.64444    0.92097     28.133    6.36420    9.09507  0.000e+00
        234     19.021     27.587   3231.869   8868.415    11.0592   3.423953     0.9096     0.0061     0.1392     0.0085     0.9096     1.2046     18.862    30.1910    23.0234    0.64718    0.92488     28.252    6.36416    9.09502  0.000e+00
        235     19.021     27.587   3231.870   8868.607    11.0592   3.424120     0.9096     0.0061     0.1380     0.0085     0.9096     1.1839     18.862    30.1926    23.0246    0.64717    0.92487     28.252    6.36409    9.09493  0.000e+00
        236     19.021     27.587   3231.807   8868.612    11.0583   3.424125     0.9096     0.0061     0.1380     0.0085     0.9096     1.1839     18.862    30.1934    23.0254    0.64718    0.92488     28.252    6.36419    9.09506  0.000e+00
        237     19.021     27.587   3231.808   8868.618    11.0583   3.424129     0.9096     0.0061     0.1368     0.0085     0.9096     1.1633     18.862    30.1934    23.0254    0.64718    0.92488     28.252    6.36418    9.09506  0.000e+00
        238     18.976     27.522   3231.745   8868.623    11.0574   3.424134     0.9096     0.0061     0.1392     0.0085     0.9096     1.2046     18.817    30.1942    23.0262    0.64718    0.92489     28.253    6.36428    9.09519  0.000e+00
        239     19.021     27.587   3231.872   8868.629    11.0593   3.424138     0.9096     0.0073     0.1380     0.0085     0.9096     1.1839     18.862    30.1928    23.0247    0.64717    0.92487     28.252    6.36408    9.09491  0.000e+00
        240     19.021     27.587   3231.810   8868.634    11.0583   3.424143     0.9096     0.0061     0.1368     0.0085     0.9096     1.1633     18.862    30.1935    23.0255    0.64718    0.92488     28.252    6.36418    9.09505  0.000e+00
        241     19.021     27.587   3231.747   8868.639    11.0574   3.424148     0.9096     0.0061     0.1368     0.0085     0.9096     1.1633     18.862    30.1943    23.0263    0.64719    0.92489     28.253    6.36427    9.09518  0.000e+00
        242     19.021     27.587   3231.811   8868.458    11.0584   3.423990     0.9096     0.0061     0.1380     0.0085     0.9096     1.1839     18.862    30.1920    23.0243    0.64718    0.92489     28.253    6.36424    9.09513  0.000e+00
        243     19.021     27.587   3231.875   8868.650    11.0593   3.424157     0.9096     0.0061     0.1368     0.0085     0.9096     1.1633     18.862    30.1929    23.0249    0.64717    0.92487     28.252    6.36407    9.09490  0.000e+00
        244     19.021     27.587   3231.875   8868.655    11.0593   3.424162     0.9096     0.0061     0.1368     0.0085     0.9096     1.1633     18.862    30.1930    23.0249    0.64717    0.92487     28.252    6.36407    9.09489  0.000e+00
        245     19.021     27.587   3231.791   8868.595    11.0581   3.424109     0.9096     0.0073     0.1404     0.0085     0.9096     1.2253     18.862    30.1934    23.0255    0.64718    0.92489     28.253    6.36422    9.09511  0.000e+00
        246     19.021     27.587   3231.707   8868.535    11.0569   3.424057     0.9084     0.0061     0.1368     0.0073     0.9084     1.1633     18.862    30.1939    23.0261    0.64445    0.92099     28.133    6.36437    9.09532  0.000e+00
        247     19.066     27.652   3231.623   8868.476    11.0556   3.424006     0.9109     0.0073     0.1380     0.0085     0.9109     1.1839     18.906    30.1944    23.0266    0.64996    0.92885     28.374    6.36452    9.09553  0.000e+00
        248     19.021     27.587   3231.876   8868.664    11.0593   3.424169     0.9109     0.0073     0.1380     0.0085     0.9109     1.1839     18.862    30.1930    23.0249    0.64991    0.92879     28.372    6.36406    9.09488  0.000e+00
        249     19.021     27.587   3231.750   8868.665    11.0575   3.424170     0.9109     0.0073     0.1368     0.0085     0.9109     1.1633     18.862    30.1945    23.0264    0.64993    0.92881     28.372    6.36426    9.09516  0.000e+00
        250     19.021     27.587   3231.813   8868.666    11.0584   3.424171     0.9096     0.0061     0.1368     0.0085     0.9096     1.1633     18.862    30.1938    23.0257    0.64718    0.92488     28.252    6.36416    9.09502  0.000e+00
        251     19.021     27.587   3231.814   8868.667    11.0584   3.424172     0.9096     0.0073     0.1368     0.0085     0.9096     1.1633     18.862    30.1938    23.0257    0.64718    0.92488     28.252    6.36416    9.09502  0.000e+00
        252     19.021     27.587   3231.814   8868.669    11.0584   3.424173     0.9096     0.0061     0.1380     0.0085     0.9096     1.1839     18.862    30.1938    23.0257    0.64718    0.92488     28.252    6.36416    9.09502  0.000e+00
        253     19.021     27.587   3231.877   8868.857    11.0593   3.424336     0.9096     0.0061     0.1368     0.0085     0.9096     1.1633     18.862    30.1946    23.0262    0.64716    0.92486     28.252    6.36400    9.09479  0.000e+00
        254     19.021     27.587   3231.877   8868.484    11.0593   3.424013     0.9084     0.0061     0.1368     0.0085     0.9084     1.1633     18.862    30.1915    23.0237    0.64443    0.92096     28.133    6.36412    9.09497  0.000e+00
        255     19.021     27.587   3231.941   8868.485    11.0602   3.424014     0.9096     0.0073     0.1368     0.0085     0.9096     1.1633     18.862    30.1907    23.0230    0.64716    0.92486     28.252    6.36403    9.09483  0.000e+00
        256     19.021     27.587   3231.815   8868.673    11.0584   3.424177     0.9084     0.0061     0.1380     0.0085     0.9084     1.1839     18.862    30.1938    23.0257    0.64443    0.92096     28.133    6.36416    9.09502  0.000e+00
        257     19.021     27.587   3231.815   8868.674    11.0584   3.424178     0.9072     0.0073     0.1392     0.0085     0.9072     1.2046     18.862    30.1938    23.0257    0.64169    0.91704     28.013    6.36416    9.09501  0.000e+00
        258     19.021     27.587   3231.815   8868.676    11.0584   3.424179     0.9072     0.0061     0.1429     0.0085     0.9072     1.2666     18.862    30.1938    23.0257    0.64169    0.91704     28.013    6.36415    9.09501  0.000e+00
        259     19.021     27.587   3231.752   8868.677    11.0575   3.424180     0.9084     0.0061     0.1392     0.0085     0.9084     1.2046     18.862    30.1946    23.0265    0.64444    0.92097     28.133    6.36425    9.09515  0.000e+00
        260     19.021     27.587   3231.815   8868.865    11.0584   3.424344     0.9084     0.0061     0.1355     0.0085     0.9084     1.1426     18.862    30.1954    23.0270    0.64443    0.92095     28.132    6.36409    9.09492  0.000e+00
        261     19.021     27.587   3231.815   8868.679    11.0584   3.424182     0.9084     0.0061     0.1380     0.0085     0.9084     1.1839     18.862    30.1939    23.0257    0.64443    0.92096     28.133    6.36415    9.09501  0.000e+00
        262     19.021     27.587   3231.816   8868.680    11.0584   3.424183     0.9096     0.0073     0.1380     0.0085     0.9096     1.1839     18.862    30.1939    23.0257    0.64718    0.92488     28.252    6.36415    9.09501  0.000e+00
        263     19.021     27.587   3231.816   8868.868    11.0584   3.424347     0.9084     0.0061     0.1368     0.0085     0.9084     1.1633     18.862    30.1955    23.0270    0.64443    0.92095     28.132    6.36409    9.09492  0.000e+00
