unitTesting/processed_seabird_noalign/ORCA1_CAST0007.cnv
* Sea-Bird SBE 19 Data File:
* FileName =
* Software Version 4.234
* Temperature SN = 2835
* Conductivity SN = 2835
* System UpLoad Time = Thu Jan 20 17:50:07 2005

** Ship: ORCA
** Cruise: Mooring
** Station: Twanoh
** Latitude: 47 22.5
** Longitude: 123 0.5
# nquan = 22
# nvalues = 879                                   
# units = specified
# name 0 = scan: Scan Count
# name 1 = prSM: Pressure, Strain Gauge [db]
# name 2 = prSE: Pressure, Strain Gauge [psi]
# name 3 = f0: Frequency 0
# name 4 = f1: Frequency 1
# name 5 = t090C: Temperature [ITS-90, deg C]
# name 6 = c0S/m: Conductivity [S/m]
# name 7 = v0: Voltage 0
# name 8 = v1: Voltage 1
# name 9 = v2: Voltage 2
# name 10 = v3: Voltage 3
# name 11 = sbeox0V: Oxygen raw, SBE 43 [V]
# name 12 = wetStar: Fluorescence, WET Labs WETstar [mg/m^3]
# name 13 = depSM: Depth [salt water, m], lat = 47.28
# name 14 = sal00: Salinity, Practical [PSU]
# name 15 = sigma-t00: Density [sigma-t, Kg/m^3 ]
# name 16 = sbeox0ML/L: Oxygen, SBE 43 [ml/l]
# name 17 = sbeox0Mg/L: Oxygen, SBE 43 [mg/l]
# name 18 = sbeox0Mm/Kg: Oxygen, SBE 43 [umol/Kg]
# name 19 = oxsatML/L: Oxygen Saturation, Weiss [ml/l]
# name 20 = oxsatMg/L: Oxygen Saturation, Weiss [mg/l]
# name 21 = flag:  0.000e+00
# span 0 =          1,        879                 
# span 1 =      0.906,     29.627                 
# span 2 =      1.315,     42.970                 
# span 3 =   3066.410,   3234.227                 
# span 4 =   7186.503,   8912.282                 
# span 5 =     8.6145,    11.0934                 
# span 6 =   2.104717,   3.462113                 
# span 7 =     0.0000,     3.0611                 
# span 8 =     0.0000,     0.0073                 
# span 9 =     0.0000,     0.4847                 
# span 10 =     0.0000,     0.0098                
# span 11 =     0.0000,     3.0611                
# span 12 =    -1.1506,     7.0512                
# span 13 =      0.899,     29.378                
# span 14 =    18.8548,    30.5583                
# span 15 =    14.5401,    23.3085                
# span 16 =   -1.39439,    6.04614                
# span 17 =   -1.99272,    8.64054                
# span 18 =    -60.865,    266.100                
# span 19 =    6.34914,    7.20657                
# span 20 =    9.07355,   10.29891                
# span 21 = 0.0000e+00, 0.0000e+00                
# interval = seconds: 0.5
# start_time = Jan 31 2016 20:27:04 [DatCnv date, localtime]
# bad_flag = -9.990e-29
*END*
[from data line 659]
        660     21.661     31.416   3232.282   8901.526    11.0652   3.452737     1.3040     0.0073     0.1306     0.0085     1.3040     1.0600     21.479    30.4666    23.2366    1.53066    2.18747     66.807    6.35229    9.07805  0.000e+00
        661     21.750     31.546   3232.282   8901.339    11.0652   3.452574     1.3053     0.0073     0.1294     0.0085     1.3053     1.0393     21.568    30.4650    23.2353    1.53343    2.19143     66.928    6.35235    9.07815  0.000e+00
        662     21.884     31.741   3232.219   8901.152    11.0643   3.452411     1.3065     0.0073     0.1294     0.0085     1.3065     1.0393     21.701    30.4641    23.2348    1.53624    2.19544     67.050    6.35251    9.07838  0.000e+00
        663     21.929     31.806   3232.219   8901.524    11.0643   3.452735     1.3065     0.0061     0.1282     0.0085     1.3065     1.0187     21.745    30.4672    23.2372    1.53622    2.19541     67.049    6.35239    9.07820  0.000e+00
        664     22.063     32.000   3232.282   8901.710    11.0652   3.452897     1.3065     0.0061     0.1270     0.0085     1.3065     0.9980     21.879    30.4680    23.2377    1.53621    2.19540     67.049    6.35223    9.07797  0.000e+00
        665     22.153     32.130   3232.282   8901.710    11.0652   3.452897     1.3077     0.0073     0.1282     0.0098     1.3077     1.0187     21.967    30.4680    23.2376    1.53897    2.19934     67.169    6.35223    9.07798  0.000e+00
        666     22.242     32.260   3232.219   8901.895    11.0643   3.453059     1.3077     0.0073     0.1319     0.0085     1.3077     1.0806     22.056    30.4703    23.2396    1.53899    2.19937     67.170    6.35227    9.07802  0.000e+00
        667     22.377     32.455   3232.219   8901.895    11.0643   3.453058     1.3077     0.0073     0.1294     0.0085     1.3077     1.0393     22.189    30.4702    23.2395    1.53902    2.19941     67.172    6.35227    9.07803  0.000e+00
        668     22.466     32.584   3232.345   8901.708    11.0661   3.452895     1.3101     0.0073     0.1282     0.0098     1.3101     1.0187     22.278    30.4671    23.2368    1.54449    2.20723     67.410    6.35214    9.07785  0.000e+00
        669     22.600     32.779   3232.219   8902.080    11.0643   3.453220     1.3101     0.0061     0.1294     0.0085     1.3101     1.0393     22.411    30.4717    23.2407    1.54453    2.20729     67.412    6.35221    9.07794  0.000e+00
        670     22.690     32.909   3232.282   8902.079    11.0652   3.453219     1.3114     0.0061     0.1282     0.0085     1.3114     1.0187     22.500    30.4709    23.2399    1.54726    2.21120     67.531    6.35211    9.07781  0.000e+00
        671     22.824     33.104   3232.219   8902.265    11.0643   3.453381     1.3138     0.0073     0.1282     0.0098     1.3138     1.0187     22.633    30.4732    23.2419    1.55278    2.21907     67.772    6.35215    9.07786  0.000e+00
        672     22.914     33.233   3232.282   8902.451    11.0652   3.453543     1.3150     0.0073     0.1294     0.0085     1.3150     1.0393     22.722    30.4740    23.2423    1.55550    2.22296     67.891    6.35199    9.07763  0.000e+00
        673     23.003     33.363   3232.408   8902.450    11.0670   3.453542     1.3150     0.0073     0.1294     0.0085     1.3150     1.0393     22.810    30.4724    23.2408    1.55547    2.22293     67.890    6.35180    9.07736  0.000e+00
        674     23.137     33.558   3232.282   8902.450    11.0652   3.453542     1.3150     0.0073     0.1306     0.0098     1.3150     1.0600     22.943    30.4739    23.2422    1.55555    2.22303     67.893    6.35200    9.07764  0.000e+00
        675     23.272     33.753   3232.345   8902.636    11.0661   3.453704     1.3162     0.0073     0.1282     0.0085     1.3162     1.0187     23.077    30.4747    23.2427    1.55828    2.22693     68.012    6.35184    9.07741  0.000e+00
        676     23.451     34.012   3232.345   8902.635    11.0661   3.453703     1.3138     0.0073     0.1282     0.0085     1.3138     1.0187     23.254    30.4746    23.2426    1.55284    2.21916     67.774    6.35184    9.07742  0.000e+00
        677     23.540     34.142   3232.345   8902.821    11.0661   3.453865     1.3162     0.0061     0.1282     0.0085     1.3162     1.0187     23.343    30.4761    23.2438    1.55832    2.22699     68.014    6.35178    9.07733  0.000e+00
        678     23.630     34.272   3232.408   8903.006    11.0670   3.454027     1.3162     0.0073     0.1294     0.0098     1.3162     1.0393     23.432    30.4769    23.2443    1.55830    2.22697     68.013    6.35162    9.07710  0.000e+00
        679     23.764     34.467   3232.345   8903.006    11.0661   3.454026     1.3162     0.0061     0.1282     0.0085     1.3162     1.0187     23.565    30.4776    23.2450    1.55835    2.22704     68.015    6.35172    9.07724  0.000e+00
        680     23.853     34.596   3232.471   8903.005    11.0679   3.454026     1.3175     0.0061     0.1282     0.0085     1.3175     1.0187     23.653    30.4761    23.2434    1.56106    2.23092     68.133    6.35153    9.07697  0.000e+00
        681     23.988     34.791   3232.408   8903.377    11.0670   3.454350     1.3175     0.0073     0.1294     0.0085     1.3175     1.0393     23.787    30.4799    23.2466    1.56108    2.23095     68.134    6.35150    9.07693  0.000e+00
        682     24.077     34.921   3232.471   8903.191    11.0679   3.454187     1.3187     0.0073     0.1306     0.0085     1.3187     1.0600     23.875    30.4776    23.2446    1.56384    2.23488     68.254    6.35147    9.07689  0.000e+00
        683     24.211     35.116   3232.471   8903.376    11.0679   3.454349     1.3187     0.0073     0.1294     0.0085     1.3187     1.0393     24.008    30.4791    23.2458    1.56385    2.23490     68.255    6.35141    9.07680  0.000e+00
        684     24.301     35.245   3232.534   8903.562    11.0689   3.454511     1.3199     0.0073     0.1282     0.0085     1.3199     1.0187     24.097    30.4799    23.2463    1.56657    2.23879     68.374    6.35125    9.07657  0.000e+00
        685     24.435     35.440   3232.471   8903.748    11.0679   3.454673     1.3211     0.0073     0.1282     0.0085     1.3211     1.0187     24.230    30.4822    23.2482    1.56934    2.24275     68.494    6.35129    9.07662  0.000e+00
        686     24.525     35.570   3232.597   8904.120    11.0698   3.454997     1.3211     0.0061     0.1270     0.0085     1.3211     0.9980     24.319    30.4838    23.2491    1.56929    2.24267     68.492    6.35097    9.07617  0.000e+00
        687     24.659     35.765   3232.534   8904.492    11.0689   3.455321     1.3223     0.0073     0.1294     0.0085     1.3223     1.0393     24.452    30.4877    23.2523    1.57205    2.24661     68.612    6.35094    9.07613  0.000e+00
        688     24.748     35.895   3232.597   8905.050    11.0698   3.455807     1.3223     0.0073     0.1306     0.0085     1.3223     1.0600     24.541    30.4916    23.2552    1.57200    2.24654     68.610    6.35065    9.07572  0.000e+00
        689     24.883     36.089   3232.534   8904.863    11.0689   3.455644     1.3236     0.0073     0.1294     0.0085     1.3236     1.0393     24.674    30.4907    23.2547    1.57480    2.25055     68.732    6.35082    9.07595  0.000e+00
        690     24.972     36.219   3232.407   8905.421    11.0670   3.456131     1.3248     0.0073     0.1294     0.0098     1.3248     1.0393     24.763    30.4970    23.2599    1.57756    2.25449     68.852    6.35082    9.07596  0.000e+00
        691     25.106     36.414   3232.534   8905.421    11.0689   3.456130     1.3272     0.0073     0.1306     0.0098     1.3272     1.0600     24.896    30.4954    23.2583    1.58302    2.26229     69.091    6.35063    9.07568  0.000e+00
        692     25.196     36.544   3232.407   8905.606    11.0670   3.456292     1.3284     0.0073     0.1282     0.0085     1.3284     1.0187     24.985    30.4985    23.2610    1.58581    2.26628     69.212    6.35076    9.07587  0.000e+00
        693     25.330     36.738   3232.470   8905.978    11.0679   3.456616     1.3297     0.0061     0.1282     0.0085     1.3297     1.0187     25.118    30.5008    23.2627    1.58852    2.27016     69.331    6.35054    9.07555  0.000e+00
        694     25.420     36.868   3232.344   8905.978    11.0661   3.456616     1.3309     0.0073     0.1355     0.0085     1.3309     1.1426     25.206    30.5023    23.2642    1.59132    2.27416     69.453    6.35073    9.07583  0.000e+00
        695     25.554     37.063   3232.407   8905.977    11.0670   3.456615     1.3321     0.0073     0.1294     0.0085     1.3321     1.0393     25.340    30.5015    23.2634    1.59407    2.27809     69.573    6.35064    9.07570  0.000e+00
        696     25.643     37.193   3232.344   8905.976    11.0661   3.456615     1.3333     0.0073     0.1270     0.0085     1.3333     0.9980     25.428    30.5022    23.2641    1.59685    2.28206     69.694    6.35074    9.07584  0.000e+00
        697     25.733     37.322   3232.407   8905.976    11.0670   3.456614     1.3333     0.0073     0.1294     0.0085     1.3333     1.0393     25.517    30.5014    23.2633    1.59685    2.28206     69.694    6.35064    9.07570  0.000e+00
        698     25.822     37.452   3232.344   8906.534    11.0661   3.457101     1.3358     0.0073     0.1282     0.0098     1.3358     1.0187     25.606    30.5069    23.2677    1.60232    2.28988     69.932    6.35055    9.07557  0.000e+00
        699     25.957     37.647   3232.344   8906.347    11.0661   3.456938     1.3358     0.0073     0.1331     0.0085     1.3358     1.1013     25.739    30.5053    23.2665    1.60237    2.28994     69.935    6.35062    9.07566  0.000e+00
        700     26.046     37.777   3232.344   8906.533    11.0661   3.457100     1.3358     0.0061     0.1270     0.0085     1.3358     0.9980     25.828    30.5068    23.2677    1.60237    2.28995     69.935    6.35055    9.07558  0.000e+00
        701     26.136     37.907   3232.407   8906.719    11.0670   3.457262     1.3370     0.0073     0.1392     0.0085     1.3370     1.2046     25.916    30.5076    23.2681    1.60509    2.29384     70.053    6.35040    9.07535  0.000e+00
        702     26.360     38.231   3232.280   8906.904    11.0652   3.457424     1.3382     0.0073     0.1294     0.0085     1.3382     1.0393     26.138    30.5106    23.2708    1.60791    2.29786     70.176    6.35053    9.07554  0.000e+00
        703     26.449     38.361   3232.217   8906.904    11.0643   3.457423     1.3382     0.0073     0.1282     0.0085     1.3382     1.0187     26.227    30.5113    23.2715    1.60795    2.29792     70.178    6.35063    9.07568  0.000e+00
        704     26.539     38.491   3232.344   8907.089    11.0661   3.457585     1.3370     0.0073     0.1294     0.0098     1.3370     1.0393     26.316    30.5114    23.2712    1.60517    2.29395     70.057    6.35037    9.07532  0.000e+00
        705     26.628     38.621   3232.280   8907.275    11.0652   3.457747     1.3382     0.0073     0.1294     0.0098     1.3382     1.0393     26.405    30.5137    23.2732    1.60794    2.29790     70.177    6.35041    9.07537  0.000e+00
        706     26.718     38.751   3232.280   8907.274    11.0652   3.457746     1.3370     0.0073     0.1294     0.0085     1.3370     1.0393     26.493    30.5136    23.2731    1.60522    2.29401     70.058    6.35041    9.07537  0.000e+00
        707     26.807     38.880   3232.217   8907.460    11.0643   3.457908     1.3370     0.0061     0.1270     0.0085     1.3370     0.9980     26.582    30.5159    23.2751    1.60524    2.29405     70.059    6.35044    9.07542  0.000e+00
        708     26.897     39.010   3232.280   8907.459    11.0652   3.457908     1.3382     0.0073     0.1282     0.0098     1.3382     1.0187     26.671    30.5151    23.2743    1.60798    2.29796     70.179    6.35035    9.07528  0.000e+00
        709     27.031     39.205   3232.343   8907.459    11.0661   3.457907     1.3382     0.0073     0.1319     0.0085     1.3382     1.0806     26.804    30.5143    23.2735    1.60799    2.29797     70.179    6.35025    9.07515  0.000e+00
        710     27.165     39.400   3232.280   8907.644    11.0652   3.458069     1.3382     0.0061     0.1294     0.0085     1.3382     1.0393     26.937    30.5166    23.2754    1.60802    2.29802     70.181    6.35029    9.07520  0.000e+00
        711     27.255     39.529   3232.280   8907.644    11.0652   3.458069     1.3394     0.0073     0.1282     0.0098     1.3394     1.0187     27.026    30.5166    23.2754    1.61078    2.30197     70.301    6.35029    9.07520  0.000e+00
        712     27.344     39.659   3232.280   8907.643    11.0652   3.458068     1.3407     0.0073     0.1282     0.0098     1.3407     1.0187     27.115    30.5165    23.2754    1.61354    2.30591     70.422    6.35029    9.07520  0.000e+00
        713     27.434     39.789   3232.217   8907.457    11.0643   3.457905     1.3407     0.0073     0.1282     0.0085     1.3407     1.0187     27.203    30.5157    23.2749    1.61360    2.30599     70.424    6.35045    9.07543  0.000e+00
        714     27.523     39.919   3232.280   8907.642    11.0652   3.458067     1.3431     0.0061     0.1270     0.0085     1.3431     0.9980     27.292    30.5165    23.2753    1.61906    2.31380     70.662    6.35030    9.07521  0.000e+00
        715     27.613     40.049   3232.217   8907.455    11.0643   3.457904     1.3431     0.0073     0.1355     0.0085     1.3431     1.1426     27.381    30.5156    23.2748    1.61912    2.31388     70.665    6.35046    9.07544  0.000e+00
        716     27.747     40.244   3232.217   8907.827    11.0643   3.458229     1.3443     0.0073     0.1294     0.0085     1.3443     1.0393     27.514    30.5187    23.2772    1.62186    2.31779     70.784    6.35033    9.07526  0.000e+00
        717     27.836     40.373   3232.217   8907.827    11.0642   3.458228     1.3443     0.0061     0.1306     0.0085     1.3443     1.0600     27.603    30.5187    23.2772    1.62188    2.31782     70.785    6.35033    9.07526  0.000e+00
        718     27.926     40.503   3232.280   8908.198    11.0652   3.458552     1.3443     0.0073     0.1282     0.0098     1.3443     1.0187     27.692    30.5210    23.2789    1.62184    2.31777     70.784    6.35011    9.07495  0.000e+00
        719     28.060     40.698   3232.216   8908.012    11.0642   3.458389     1.3455     0.0073     0.1282     0.0085     1.3455     1.0187     27.825    30.5202    23.2784    1.62465    2.32179     70.906    6.35027    9.07518  0.000e+00
        720     28.150     40.828   3232.153   8908.197    11.0633   3.458551     1.3443     0.0073     0.1270     0.0085     1.3443     0.9980     27.913    30.5225    23.2803    1.62194    2.31791     70.788    6.35031    9.07523  0.000e+00
        721     28.284     41.023   3232.153   8908.197    11.0633   3.458551     1.3443     0.0061     0.1331     0.0085     1.3443     1.1013     28.047    30.5224    23.2803    1.62197    2.31795     70.789    6.35031    9.07523  0.000e+00
        722     28.374     41.152   3232.216   8908.196    11.0642   3.458550     1.3455     0.0073     0.1294     0.0098     1.3455     1.0393     28.135    30.5216    23.2795    1.62470    2.32186     70.908    6.35022    9.07510  0.000e+00
        723     28.463     41.282   3232.279   8908.196    11.0652   3.458550     1.3455     0.0061     0.1294     0.0085     1.3455     1.0393     28.224    30.5208    23.2787    1.62470    2.32186     70.908    6.35012    9.07496  0.000e+00
        724     28.553     41.412   3232.216   8908.009    11.0642   3.458387     1.3443     0.0073     0.1282     0.0085     1.3443     1.0187     28.313    30.5199    23.2782    1.62202    2.31803     70.791    6.35028    9.07519  0.000e+00
