unitTesting/processed_seabird_noalign/ORCA1_CAST0002.cnv
* Sea-Bird SBE 19 Data File:
* FileName =
* Software Version 4.234
* Temperature SN = 2835
* Conductivity SN = 2835
* System UpLoad Time = Wed Jan 19 11:48:56 2005

** Ship: ORCA
** Cruise: Mooring
** Station: Twanoh
** Latitude: 47 22.5
** Longitude: 123 0.5
# nquan = 22
# nvalues = 911                                   
# units = specified
# name 0 = scan: Scan Count
# name 1 = prSM: Pressure, Strain Gauge [db]
# name 2 = prSE: Pressure, Strain Gauge [psi]
# name 3 = f0: Frequency 0
# name 4 = f1: Frequency 1
# name 5 = t090C: Temperature [ITS-90, deg C]
# name 6 = c0S/m: Conductivity [S/m]
# name 7 = v0: Voltage 0
# name 8 = v1: Voltage 1
# name 9 = v2: Voltage 2
# name 10 = v3: Voltage 3
# name 11 = sbeox0V: Oxygen raw, SBE 43 [V]
# name 12 = wetStar: Fluorescence, WET Labs WETstar [mg/m^3]
# name 13 = depSM: Depth [salt water, m], lat = 47.28
# name 14 = sal00: Salinity, Practical [PSU]
# name 15 = sigma-t00: Density [sigma-t, Kg/m^3 ]
# name 16 = sbeox0ML/L: Oxygen, SBE 43 [ml/l]
# name 17 = sbeox0Mg/L: Oxygen, SBE 43 [mg/l]
# name 18 = sbeox0Mm/Kg: Oxygen, SBE 43 [umol/Kg]
# name 19 = oxsatML/L: Oxygen Saturation, Weiss [ml/l]
# name 20 = oxsatMg/L: Oxygen Saturation, Weiss [mg/l]
# name 21 = flag:  0.000e+00
# span 0 =          1,        911                 
# span 1 =      0.996,     29.672                 
# span 2 =      1.444,     43.035                 
# span 3 =   3000.188,   3234.552                 
# span 4 =   7386.109,   8925.680                 
# span 5 =     7.6099,    11.0981                 
# span 6 =   2.246650,   3.473804                 
# span 7 =     0.0000,     3.0611                 
# span 8 =     0.0000,     0.0073                 
# span 9 =     0.0000,     0.5690                 
# span 10 =     0.0000,     0.0098                
# span 11 =     0.0000,     3.0611                
# span 12 =    -1.1506,     8.4767                
# span 13 =      0.988,     29.422                
# span 14 =    20.6960,    30.6715                
# span 15 =    16.0689,    23.3962                
# span 16 =   -1.39548,    6.20272                
# span 17 =   -1.99428,    8.86430                
# span 18 =    -60.917,    272.416                
# span 19 =    6.34439,    7.25824                
# span 20 =    9.06677,   10.37274                
# span 21 = 0.0000e+00, 0.0000e+00                
# interval = seconds: 0.5
# start_time = Jan 31 2016 20:26:59 [DatCnv date, localtime]
# bad_flag = -9.990e-29
*END*
[from data line 527]
        528      3.053      4.428   3016.318   7960.096     7.8560   2.676739     3.0562     0.0073     0.4408     0.0085     3.0562     6.3075      3.027    25.1593    19.5756    6.02918    8.61630    264.093    7.06372   10.09476  0.000e+00
        529      3.187      4.622   3032.196   8122.017     8.0974   2.803961     3.0549     0.0073     0.4029     0.0098     3.0549     5.6670      3.160    26.2965    20.4352    5.95079    8.50428    260.440    6.97290    9.96497  0.000e+00
        530      3.410      4.946   3054.715   8298.780     8.4382   2.945806     3.0549     0.0061     0.5690     0.0085     3.0549     8.4767      3.382    27.4989    21.3305    5.86169    8.37694    256.316    6.86501    9.81078  0.000e+00
        531      3.545      5.141   3086.087   8424.932     8.9101   3.048927     3.0549     0.0073     0.5043     0.0085     3.0549     7.3817      3.515    28.1853    21.8007    5.77727    8.25630    252.508    6.76155    9.66293  0.000e+00
        532      3.679      5.335   3115.369   8484.566     9.3474   3.098221     3.0549     0.0073     0.4493     0.0085     3.0549     6.4521      3.648    28.3396    21.8569    5.71831    8.17204    249.917    6.68832    9.55828  0.000e+00
        533      3.813      5.530   3130.230   8510.327     9.5682   3.119623     3.0549     0.0073     0.3761     0.0085     3.0549     5.2125      3.781    28.3807    21.8556    5.69033    8.13205    248.695    6.65342    9.50840  0.000e+00
        534      3.947      5.725   3139.462   8531.151     9.7051   3.136972     3.0525     0.0073     0.4359     0.0085     3.0525     6.2248      3.914    28.4467    21.8862    5.66601    8.09729    247.624    6.63024    9.47528  0.000e+00
        535      4.081      5.919   3145.911   8549.014     9.8005   3.151889     3.0501     0.0073     0.4554     0.0085     3.0501     6.5554      4.047    28.5206    21.9291    5.64644    8.06933    246.759    6.61299    9.45062  0.000e+00
        536      4.215      6.114   3151.601   8570.905     9.8846   3.170213     3.0427     0.0073     0.5092     0.0098     3.0427     7.4644      4.180    28.6372    22.0068    5.61545    8.02504    245.386    6.59569    9.42590  0.000e+00
        537      4.349      6.308   3159.125   8610.865     9.9956   3.203785     3.0305     0.0061     0.4530     0.0085     3.0305     6.5141      4.313    28.8839    22.1817    5.56556    7.95374    243.164    6.56909    9.38788  0.000e+00
        538      4.439      6.438   3166.649   8624.718    10.1064   3.215459     3.0110     0.0061     0.3810     0.0085     3.0110     5.2952      4.402    28.9117    22.1858    5.50678    7.86975    240.595    6.55176    9.36312  0.000e+00
        539      4.618      6.697   3171.707   8649.869    10.1808   3.236704     2.9817     0.0073     0.5543     0.0098     2.9817     8.2288      4.579    29.0634    22.2921    5.42575    7.75394    237.030    6.53466    9.33868  0.000e+00
        540      4.752      6.892   3180.432   8688.703    10.3089   3.269631     2.9414     0.0073     0.4530     0.0098     2.9414     6.5141      4.712    29.2873    22.4457    5.31151    7.59069    232.005    6.50690    9.29901  0.000e+00
        541      4.841      7.022   3188.714   8702.622    10.4303   3.281468     2.8864     0.0073     0.4274     0.0085     2.8864     6.0802      4.801    29.3067    22.4411    5.17213    7.39149    225.917    6.48867    9.27296  0.000e+00
        542      4.975      7.216   3193.328   8729.638    10.4978   3.304501     2.8217     0.0073     0.4249     0.0085     2.8217     6.0389      4.934    29.4799    22.5648    5.01195    7.16257    218.894    6.47192    9.24902  0.000e+00
        543      5.110      7.411   3200.029   8758.844    10.5958   3.329481     2.7473     0.0073     0.3297     0.0098     2.7473     4.4275      5.067    29.6470    22.6787    4.82750    6.89898    210.815    6.45115    9.21934  0.000e+00
        544      5.244      7.605   3206.857   8782.478    10.6954   3.349756     2.6716     0.0073     0.2759     0.0085     2.6716     3.5185      5.200    29.7658    22.7545    4.64265    6.63481    202.728    6.43222    9.19228  0.000e+00
        545      5.378      7.800   3212.483   8793.797    10.7774   3.359486     2.5910     0.0073     0.3028     0.0085     2.5910     3.9730      5.333    29.7947    22.7632    4.45191    6.36223    194.397    6.41949    9.17409  0.000e+00
        546      5.467      7.930   3216.022   8804.536    10.8289   3.368730     2.5079     0.0073     0.2418     0.0085     2.5079     2.9400      5.422    29.8435    22.7925    4.25847    6.08578    185.945    6.41027    9.16092  0.000e+00
        547      5.602      8.124   3218.550   8782.651    10.8657   3.349903     2.4298     0.0073     0.2357     0.0098     2.4298     2.8367      5.555    29.6290    22.6195    4.08459    5.83729    178.383    6.41379    9.16595  0.000e+00
        548      5.691      8.254   3216.969   8811.493    10.8427   3.374724     2.3443     0.0073     0.2112     0.0085     2.3443     2.4235      5.644    29.8911    22.8271    3.88698    5.55488    169.718    6.40642    9.15541  0.000e+00
        549      5.825      8.449   3219.750   8791.135    10.8832   3.357195     2.2601     0.0073     0.1844     0.0085     2.2601     1.9690      5.777    29.6862    22.6610    3.69868    5.28578    161.523    6.40903    9.15914  0.000e+00
        550      5.959      8.643   3217.410   8823.521    10.8491   3.385100     2.1795     0.0073     0.1832     0.0098     2.1795     1.9483      5.910    29.9876    22.9011    3.51261    5.01986    153.361    6.40161    9.14855  0.000e+00
        551      6.138      8.903   3220.696   8828.966    10.8970   3.389800     2.1038     0.0073     0.2076     0.0085     2.1038     2.3615      6.087    29.9946    22.8984    3.33860    4.77119    145.764    6.39465    9.13859  0.000e+00
        552      6.317      9.162   3222.086   8826.518    10.9172   3.387686     2.0269     0.0073     0.1978     0.0085     2.0269     2.1963      6.264    29.9572    22.8660    3.16485    4.52289    138.183    6.39333    9.13671  0.000e+00
        553      6.407      9.292   3222.655   8832.524    10.9254   3.392874     1.9524     0.0073     0.1783     0.0085     1.9524     1.8657      6.353    30.0013    22.8988    2.99582    4.28133    130.798    6.39040    9.13252  0.000e+00
        554      6.541      9.486   3223.160   8833.457    10.9328   3.393680     1.8791     0.0073     0.1832     0.0085     1.8791     1.9483      6.486    30.0032    22.8990    2.83050    4.04507    123.580    6.38930    9.13095  0.000e+00
        555      6.675      9.681   3223.348   8835.142    10.9355   3.395136     1.8071     0.0073     0.1795     0.0085     1.8071     1.8864      6.619    30.0151    22.9078    2.66806    3.81293    116.487    6.38843    9.12971  0.000e+00
        556      6.764      9.811   3223.601   8834.761    10.9392   3.394807     1.7387     0.0073     0.1734     0.0085     1.7387     1.7831      6.708    30.0089    22.9024    2.51413    3.59294    109.767    6.38817    9.12934  0.000e+00
        557      6.898     10.005   3223.663   8839.260    10.9401   3.398697     1.6764     0.0073     0.1746     0.0085     1.6764     1.8037      6.841    30.0462    22.9312    2.37344    3.39188    103.622    6.38654    9.12701  0.000e+00
        558      7.033     10.200   3224.610   8842.632    10.9538   3.401613     1.6215     0.0073     0.1600     0.0085     1.6215     1.5558      6.974    30.0635    22.9423    2.24898    3.21402     98.187    6.38393    9.12327  0.000e+00
        559      7.122     10.330   3225.052   8835.308    10.9603   3.395280     1.5739     0.0073     0.1758     0.0085     1.5739     1.8244      7.063    29.9961    22.8889    2.14254    3.06191     93.545    6.38575    9.12587  0.000e+00
        560      7.256     10.524   3224.799   8847.497    10.9566   3.405823     1.5287     0.0073     0.1551     0.0085     1.5287     1.4732      7.196    30.1024    22.9721    2.03973    2.91498     89.049    6.38198    9.12049  0.000e+00
        561      7.390     10.719   3225.999   8850.678    10.9740   3.408576     1.4933     0.0073     0.1795     0.0085     1.4933     1.8864      7.329    30.1150    22.9789    1.95930    2.80003     85.537    6.37905    9.11630  0.000e+00
        562      7.480     10.849   3226.504   8851.984    10.9813   3.409708     1.4591     0.0073     0.1587     0.0085     1.4591     1.5352      7.417    30.1200    22.9816    1.88214    2.68977     82.168    6.37782    9.11455  0.000e+00
        563      7.614     11.043   3226.693   8853.665    10.9841   3.411163     1.4298     0.0073     0.1465     0.0085     1.4298     1.3286      7.550    30.1320    22.9904    1.81609    2.59537     79.284    6.37696    9.11332  0.000e+00
        564      7.748     11.238   3227.008   8854.784    10.9887   3.412132     1.4042     0.0073     0.1502     0.0085     1.4042     1.3905      7.684    30.1377    22.9940    1.75828    2.51276     76.760    6.37610    9.11208  0.000e+00
        565      7.882     11.432   3227.197   8856.089    10.9914   3.413264     1.3810     0.0073     0.1600     0.0085     1.3810     1.5558      7.817    30.1465    23.0004    1.70601    2.43805     74.477    6.37536    9.11103  0.000e+00
        566      7.972     11.562   3227.322   8857.208    10.9932   3.414233     1.3602     0.0073     0.1575     0.0085     1.3602     1.5145      7.905    30.1544    23.0063    1.65925    2.37124     72.436    6.37479    9.11021  0.000e+00
        567      8.106     11.757   3227.511   8857.202    10.9960   3.414228     1.3419     0.0073     0.1477     0.0085     1.3419     1.3492      8.038    30.1521    23.0040    1.61808    2.31239     70.638    6.37450    9.10980  0.000e+00
        568      8.195     11.886   3227.510   8858.508    10.9960   3.415359     1.3260     0.0073     0.1453     0.0085     1.3260     1.3079      8.127    30.1631    23.0126    1.58233    2.26131     69.077    6.37406    9.10917  0.000e+00
        569      8.330     12.081   3227.573   8858.503    10.9969   3.415355     1.3089     0.0073     0.1514     0.0098     1.3089     1.4112      8.260    30.1623    23.0118    1.54395    2.20646     67.402    6.37397    9.10904  0.000e+00
        570      8.464     12.276   3227.888   8858.310    11.0014   3.415188     1.2967     0.0061     0.1685     0.0085     1.2967     1.7004      8.393    30.1568    23.0067    1.51646    2.16717     66.202    6.37355    9.10844  0.000e+00
        571      8.553     12.405   3227.887   8858.492    11.0014   3.415346     1.2845     0.0073     0.1392     0.0085     1.2845     1.2046      8.482    30.1583    23.0079    1.48904    2.12799     65.005    6.37349    9.10836  0.000e+00
        572      8.687     12.600   3227.887   8858.487    11.0014   3.415341     1.2747     0.0073     0.1368     0.0098     1.2747     1.1633      8.615    30.1583    23.0079    1.46713    2.09668     64.048    6.37350    9.10836  0.000e+00
        573      8.822     12.795   3227.949   8858.856    11.0023   3.415661     1.2662     0.0073     0.1404     0.0085     1.2662     1.2253      8.748    30.1606    23.0095    1.44791    2.06921     63.209    6.37328    9.10805  0.000e+00
        574      8.911     12.924   3227.822   8860.348    11.0005   3.416955     1.2564     0.0073     0.1404     0.0085     1.2564     1.2253      8.837    30.1747    23.0208    1.42592    2.03778     62.249    6.37296    9.10760  0.000e+00
        575      9.135     13.249   3228.074   8861.466    11.0041   3.417924     1.2515     0.0061     0.1392     0.0085     1.2515     1.2046      9.058    30.1811    23.0252    1.41483    2.02193     61.764    6.37220    9.10651  0.000e+00
        576      9.269     13.443   3228.452   8862.022    11.0096   3.418406     1.2479     0.0073     0.1465     0.0098     1.2479     1.3286      9.191    30.1813    23.0243    1.40647    2.00999     61.399    6.37143    9.10541  0.000e+00
        577      9.358     13.573   3228.452   8863.140    11.0096   3.419375     1.2418     0.0061     0.1331     0.0085     1.2418     1.1013      9.280    30.1908    23.0317    1.39270    1.99030     60.798    6.37105    9.10487  0.000e+00
        578      9.537     13.832   3228.451   8862.947    11.0096   3.419208     1.2381     0.0061     0.1355     0.0085     1.2381     1.1426      9.458    30.1891    23.0304    1.38452    1.97862     60.441    6.37112    9.10497  0.000e+00
        579      9.627     13.962   3228.387   8862.942    11.0087   3.419204     1.2344     0.0073     0.1331     0.0085     1.2344     1.1013      9.546    30.1897    23.0311    1.37633    1.96692     60.083    6.37122    9.10511  0.000e+00
        580      9.761     14.157   3228.702   8862.750    11.0133   3.419037     1.2320     0.0073     0.1355     0.0085     1.2320     1.1426      9.679    30.1843    23.0261    1.37079    1.95900     59.842    6.37081    9.10452  0.000e+00
        581      9.895     14.351   3228.701   8864.054    11.0132   3.420168     1.2283     0.0073     0.1343     0.0085     1.2283     1.1220      9.812    30.1953    23.0346    1.36250    1.94715     59.479    6.37036    9.10389  0.000e+00
        582     10.029     14.546   3228.700   8864.610    11.0132   3.420650     1.2259     0.0073     0.1343     0.0085     1.2259     1.1220      9.945    30.2000    23.0383    1.35700    1.93929     59.239    6.37018    9.10362  0.000e+00
        583     10.163     14.741   3228.889   8865.353    11.0160   3.421295     1.2247     0.0073     0.1331     0.0085     1.2247     1.1013     10.078    30.2040    23.0409    1.35417    1.93525     59.115    6.36964    9.10285  0.000e+00
        584     10.298     14.935   3229.078   8866.283    11.0187   3.422101     1.2222     0.0061     0.1331     0.0085     1.2222     1.1013     10.212    30.2096    23.0448    1.34859    1.92727     58.871    6.36903    9.10198  0.000e+00
        585     10.387     15.065   3229.141   8867.587    11.0196   3.423233     1.2186     0.0073     0.1331     0.0085     1.2186     1.1013     10.300    30.2199    23.0526    1.34027    1.91538     58.508    6.36849    9.10121  0.000e+00
        586     10.521     15.260   3229.456   8868.704    11.0242   3.424202     1.2161     0.0073     0.1343     0.0098     1.2161     1.1220     10.433    30.2256    23.0563    1.33464    1.90734     58.262    6.36763    9.09998  0.000e+00
        587     10.655     15.454   3229.645   8868.699    11.0269   3.424197     1.2149     0.0073     0.1343     0.0085     1.2149     1.1220     10.566    30.2232    23.0540    1.33187    1.90338     58.141    6.36734    9.09957  0.000e+00
        588     10.790     15.649   3230.086   8870.003    11.0333   3.425328     1.2112     0.0073     0.1355     0.0085     1.2112     1.1426     10.699    30.2290    23.0573    1.32345    1.89135     57.773    6.36622    9.09797  0.000e+00
        589     10.924     15.843   3230.149   8870.745    11.0343   3.425973     1.2100     0.0061     0.1368     0.0085     1.2100     1.1633     10.832    30.2345    23.0615    1.32067    1.88737     57.651    6.36588    9.09747  0.000e+00
        590     11.013     15.973   3230.274   8871.675    11.0361   3.426779     1.2076     0.0073     0.1343     0.0085     1.2076     1.1220     10.921    30.2408    23.0661    1.31510    1.87941     57.408    6.36537    9.09675  0.000e+00
        591     11.103     16.103   3230.463   8872.043    11.0388   3.427099     1.2051     0.0073     0.1343     0.0085     1.2051     1.1220     11.010    30.2417    23.0663    1.30956    1.87149     57.166    6.36495    9.09616  0.000e+00
        592     11.237     16.298   3230.399   8873.159    11.0379   3.428068     1.2051     0.0073     0.1380     0.0085     1.2051     1.1839     11.143    30.2519    23.0744    1.30952    1.87144     57.164    6.36467    9.09576  0.000e+00
