unitTesting/processed_seabird_noalign/ORCA1_CAST0039.cnv
* Sea-Bird SBE 19 Data File:
* FileName =
* Software Version 4.234
* Temperature SN = 2835
* Conductivity SN = 2835
* System UpLoad Time = Fri Jan 28 18:07:32 2005

** Ship: ORCA
** Cruise: Mooring
** Station: Twanoh
** Latitude: 47 22.5
** Longitude: 123 0.5
# nquan = 22
# nvalues = 925                                   
# units = specified
# name 0 = scan: Scan Count
# name 1 = prSM: Pressure, Strain Gauge [db]
# name 2 = prSE: Pressure, Strain Gauge [psi]
# name 3 = f0: Frequency 0
# name 4 = f1: Frequency 1
# name 5 = t090C: Temperature [ITS-90, deg C]
# name 6 = c0S/m: Conductivity [S/m]
# name 7 = v0: Voltage 0
# name 8 = v1: Voltage 1
# name 9 = v2: Voltage 2
# name 10 = v3: Voltage 3
# name 11 = sbeox0V: Oxygen raw, SBE 43 [V]
# name 12 = wetStar: Fluorescence, WET Labs WETstar [mg/m^3]
# name 13 = depSM: Depth [salt water, m], lat = 47.28
# name 14 = sal00: Salinity, Practical [PSU]
# name 15 = sigma-t00: Density [sigma-t, Kg/m^3 ]
# name 16 = sbeox0ML/L: Oxygen, SBE 43 [ml/l]
# name 17 = sbeox0Mg/L: Oxygen, SBE 43 [mg/l]
# name 18 = sbeox0Mm/Kg: Oxygen, SBE 43 [umol/Kg]
# name 19 = oxsatML/L: Oxygen Saturation, Weiss [ml/l]
# name 20 = oxsatMg/L: Oxygen Saturation, Weiss [mg/l]
# name 21 = flag:  0.000e+00
# span 0 =          1,        925                 
# span 1 =      0.951,     29.627                 
# span 2 =      1.380,     42.970                 
# span 3 =   3069.976,   3233.284                 
# span 4 =   7083.643,   8897.883                 
# span 5 =     8.6682,    11.0797                 
# span 6 =   2.033118,   3.449568                 
# span 7 =     0.0000,     2.8425                 
# span 8 =     0.0000,     0.0073                 
# span 9 =     0.0000,     0.3065                 
# span 10 =     0.0000,     0.0098                
# span 11 =     0.0000,     2.8425                
# span 12 =    -1.1506,     4.0349                
# span 13 =      0.943,     29.378                
# span 14 =    18.1850,    30.4651                
# span 15 =    14.0246,    23.2422                
# span 16 =   -1.39674,    5.56255                
# span 17 =   -1.99608,    7.94943                
# span 18 =    -60.978,    244.878                
# span 19 =    6.35780,    7.24814                
# span 20 =    9.08594,   10.35832                
# span 21 = 0.0000e+00, 0.0000e+00                
# interval = seconds: 0.5
# start_time = Jan 31 2016 20:27:31 [DatCnv date, localtime]
# bad_flag = -9.990e-29
*END*
[from data line 856]
        857     25.464     36.933   3229.383   8885.224    11.0231   3.438554     1.1697     0.0073     0.1331     0.0085     1.1697     1.1013     25.251    30.3610    23.1617    1.23196    1.76059     53.774    6.36234    9.09242  0.000e+00
        858     25.375     36.803   3229.256   8884.664    11.0213   3.438067     1.1697     0.0073     0.1355     0.0085     1.1697     1.1426     25.162    30.3578    23.1595    1.23202    1.76067     53.776    6.36273    9.09297  0.000e+00
        859     25.285     36.673   3229.320   8884.104    11.0222   3.437580     1.1685     0.0061     0.1343     0.0085     1.1685     1.1220     25.073    30.3523    23.1551    1.22928    1.75676     53.657    6.36282    9.09310  0.000e+00
        860     25.241     36.608   3229.256   8884.664    11.0213   3.438067     1.1697     0.0073     0.1331     0.0085     1.1697     1.1013     25.029    30.3578    23.1596    1.23199    1.76064     53.775    6.36272    9.09297  0.000e+00
        861     25.106     36.414   3229.320   8884.291    11.0222   3.437743     1.1685     0.0073     0.1343     0.0085     1.1685     1.1220     24.896    30.3540    23.1564    1.22923    1.75670     53.655    6.36275    9.09301  0.000e+00
        862     25.017     36.284   3229.193   8883.917    11.0204   3.437418     1.1685     0.0061     0.1343     0.0085     1.1685     1.1220     24.807    30.3523    23.1555    1.22928    1.75676     53.657    6.36307    9.09347  0.000e+00
        863     24.927     36.154   3229.193   8884.104    11.0204   3.437580     1.1685     0.0073     0.1343     0.0085     1.1685     1.1220     24.718    30.3540    23.1567    1.22925    1.75672     53.656    6.36301    9.09337  0.000e+00
        864     24.838     36.024   3229.256   8884.104    11.0213   3.437580     1.1673     0.0061     0.1355     0.0085     1.1673     1.1426     24.630    30.3532    23.1560    1.22647    1.75275     53.535    6.36291    9.09323  0.000e+00
        865     24.748     35.895   3229.193   8883.917    11.0204   3.437418     1.1661     0.0073     0.1355     0.0085     1.1661     1.1426     24.541    30.3524    23.1555    1.22374    1.74885     53.416    6.36307    9.09346  0.000e+00
        866     24.659     35.765   3229.256   8883.731    11.0213   3.437256     1.1661     0.0073     0.1343     0.0085     1.1661     1.1220     24.452    30.3501    23.1536    1.22372    1.74883     53.415    6.36303    9.09341  0.000e+00
        867     24.569     35.635   3229.320   8883.917    11.0222   3.437418     1.1636     0.0073     0.1355     0.0085     1.1636     1.1426     24.363    30.3510    23.1541    1.21819    1.74092     53.173    6.36287    9.09318  0.000e+00
        868     24.480     35.505   3229.320   8883.544    11.0222   3.437093     1.1636     0.0073     0.1343     0.0085     1.1636     1.1220     24.275    30.3478    23.1517    1.21820    1.74093     53.174    6.36300    9.09336  0.000e+00
        869     24.390     35.375   3229.320   8883.544    11.0222   3.437093     1.1624     0.0073     0.1355     0.0085     1.1624     1.1426     24.186    30.3479    23.1517    1.21544    1.73699     53.053    6.36300    9.09336  0.000e+00
        870     24.301     35.245   3229.320   8883.171    11.0222   3.436769     1.1624     0.0061     0.1355     0.0085     1.1624     1.1426     24.097    30.3447    23.1492    1.21545    1.73700     53.054    6.36312    9.09354  0.000e+00
        871     24.211     35.116   3229.193   8883.171    11.0204   3.436769     1.1612     0.0073     0.1355     0.0085     1.1612     1.1426     24.008    30.3463    23.1508    1.21273    1.73311     52.935    6.36331    9.09381  0.000e+00
        872     24.122     34.986   3229.193   8882.611    11.0204   3.436282     1.1587     0.0061     0.1355     0.0085     1.1587     1.1426     23.920    30.3416    23.1471    1.20726    1.72530     52.697    6.36350    9.09408  0.000e+00
        873     24.032     34.856   3229.256   8882.611    11.0213   3.436282     1.1587     0.0073     0.1343     0.0085     1.1587     1.1220     23.831    30.3408    23.1464    1.20723    1.72525     52.695    6.36341    9.09394  0.000e+00
        874     23.943     34.726   3229.193   8882.424    11.0204   3.436120     1.1575     0.0073     0.1355     0.0085     1.1575     1.1426     23.742    30.3400    23.1459    1.20450    1.72135     52.576    6.36356    9.09417  0.000e+00
        875     23.853     34.596   3229.256   8881.864    11.0213   3.435633     1.1563     0.0061     0.1343     0.0085     1.1563     1.1220     23.653    30.3346    23.1415    1.20176    1.71744     52.457    6.36366    9.09430  0.000e+00
        876     23.764     34.467   3229.383   8881.303    11.0231   3.435146     1.1563     0.0073     0.1355     0.0085     1.1563     1.1426     23.565    30.3283    23.1363    1.20175    1.71742     52.456    6.36365    9.09430  0.000e+00
        877     23.674     34.337   3229.256   8880.930    11.0213   3.434821     1.1563     0.0073     0.1355     0.0085     1.1563     1.1426     23.476    30.3267    23.1354    1.20179    1.71748     52.458    6.36397    9.09475  0.000e+00
        878     23.585     34.207   3229.383   8880.743    11.0231   3.434659     1.1538     0.0073     0.1355     0.0085     1.1538     1.1426     23.387    30.3236    23.1327    1.19627    1.70959     52.217    6.36384    9.09457  0.000e+00
        879     23.495     34.077   3229.383   8880.183    11.0231   3.434172     1.1551     0.0073     0.1355     0.0085     1.1551     1.1426     23.298    30.3189    23.1290    1.19903    1.71354     52.338    6.36403    9.09484  0.000e+00
        880     23.406     33.947   3229.320   8880.370    11.0222   3.434335     1.1526     0.0073     0.1355     0.0085     1.1526     1.1426     23.210    30.3213    23.1310    1.19354    1.70568     52.098    6.36406    9.09488  0.000e+00
        881     23.227     33.688   3229.320   8879.996    11.0222   3.434010     1.1538     0.0073     0.1355     0.0085     1.1538     1.1426     23.032    30.3182    23.1286    1.19627    1.70960     52.218    6.36419    9.09506  0.000e+00
        882     23.137     33.558   3229.193   8879.809    11.0204   3.433848     1.1526     0.0073     0.1368     0.0085     1.1526     1.1633     22.943    30.3181    23.1289    1.19356    1.70572     52.099    6.36444    9.09543  0.000e+00
        883     23.048     33.428   3229.193   8879.249    11.0204   3.433361     1.1514     0.0073     0.1343     0.0085     1.1514     1.1220     22.855    30.3134    23.1252    1.19084    1.70183     51.981    6.36463    9.09570  0.000e+00
        884     22.958     33.298   3229.193   8878.876    11.0204   3.433036     1.1514     0.0073     0.1355     0.0085     1.1514     1.1426     22.766    30.3102    23.1227    1.19085    1.70184     51.981    6.36476    9.09588  0.000e+00
        885     22.869     33.169   3229.004   8878.876    11.0176   3.433036     1.1502     0.0073     0.1355     0.0085     1.1502     1.1426     22.677    30.3125    23.1250    1.18814    1.69797     51.863    6.36505    9.09629  0.000e+00
        886     22.779     33.039   3229.004   8878.689    11.0176   3.432874     1.1490     0.0073     0.1355     0.0085     1.1490     1.1426     22.588    30.3110    23.1238    1.18539    1.69404     51.743    6.36511    9.09638  0.000e+00
        887     22.690     32.909   3229.067   8878.502    11.0185   3.432712     1.1477     0.0073     0.1368     0.0098     1.1477     1.1633     22.500    30.3087    23.1218    1.18263    1.69009     51.623    6.36508    9.09633  0.000e+00
        888     22.600     32.779   3228.940   8878.502    11.0167   3.432712     1.1477     0.0073     0.1355     0.0085     1.1477     1.1426     22.411    30.3102    23.1234    1.18265    1.69012     51.623    6.36527    9.09661  0.000e+00
        889     22.511     32.649   3228.877   8878.315    11.0158   3.432549     1.1465     0.0073     0.1368     0.0085     1.1465     1.1633     22.322    30.3094    23.1229    1.17992    1.68622     51.504    6.36543    9.09683  0.000e+00
        890     22.421     32.519   3228.877   8878.128    11.0158   3.432387     1.1465     0.0073     0.1355     0.0085     1.1465     1.1426     22.234    30.3079    23.1217    1.17991    1.68622     51.504    6.36549    9.09692  0.000e+00
        891     22.332     32.390   3228.751   8878.128    11.0140   3.432387     1.1441     0.0073     0.1368     0.0085     1.1441     1.1633     22.145    30.3094    23.1232    1.17444    1.67840     51.265    6.36568    9.09720  0.000e+00
        892     22.242     32.260   3228.814   8877.568    11.0149   3.431900     1.1441     0.0073     0.1343     0.0085     1.1441     1.1220     22.056    30.3039    23.1188    1.17445    1.67840     51.266    6.36578    9.09733  0.000e+00
        893     22.153     32.130   3228.751   8877.568    11.0140   3.431900     1.1441     0.0073     0.1355     0.0085     1.1441     1.1426     21.967    30.3047    23.1196    1.17445    1.67841     51.266    6.36587    9.09747  0.000e+00
        894     22.063     32.000   3228.814   8877.942    11.0149   3.432225     1.1429     0.0061     0.1355     0.0085     1.1429     1.1426     21.879    30.3072    23.1213    1.17165    1.67441     51.143    6.36565    9.09714  0.000e+00
        895     21.929     31.806   3228.751   8877.381    11.0140   3.431738     1.1416     0.0073     0.1368     0.0085     1.1416     1.1633     21.745    30.3032    23.1184    1.16894    1.67053     51.025    6.36593    9.09755  0.000e+00
        896     21.884     31.741   3228.624   8877.381    11.0121   3.431738     1.1416     0.0073     0.1355     0.0085     1.1416     1.1426     21.701    30.3048    23.1199    1.16896    1.67057     51.026    6.36613    9.09783  0.000e+00
        897     21.795     31.611   3228.561   8877.568    11.0112   3.431900     1.1404     0.0073     0.1355     0.0085     1.1404     1.1426     21.612    30.3071    23.1219    1.16621    1.66663     50.906    6.36616    9.09787  0.000e+00
        898     21.705     31.481   3228.687   8877.381    11.0130   3.431738     1.1404     0.0061     0.1355     0.0085     1.1404     1.1426     21.524    30.3041    23.1192    1.16617    1.66658     50.904    6.36603    9.09769  0.000e+00
        899     21.616     31.351   3228.687   8877.381    11.0130   3.431738     1.1404     0.0073     0.1355     0.0085     1.1404     1.1426     21.435    30.3041    23.1192    1.16616    1.66656     50.904    6.36602    9.09768  0.000e+00
        900     21.526     31.221   3228.687   8877.381    11.0130   3.431738     1.1380     0.0073     0.1355     0.0085     1.1380     1.1426     21.346    30.3041    23.1193    1.16066    1.65870     50.664    6.36602    9.09768  0.000e+00
        901     21.437     31.092   3228.687   8877.194    11.0130   3.431576     1.1404     0.0073     0.1355     0.0085     1.1404     1.1426     21.257    30.3026    23.1181    1.16614    1.66654     50.903    6.36608    9.09777  0.000e+00
        902     21.347     30.962   3228.687   8876.821    11.0130   3.431251     1.1404     0.0073     0.1355     0.0085     1.1404     1.1426     21.169    30.2995    23.1156    1.16615    1.66655     50.904    6.36621    9.09795  0.000e+00
        903     21.258     30.832   3228.687   8876.821    11.0130   3.431251     1.1404     0.0061     0.1355     0.0085     1.1404     1.1426     21.080    30.2995    23.1156    1.16614    1.66653     50.903    6.36621    9.09795  0.000e+00
        904     21.168     30.702   3228.624   8876.821    11.0121   3.431251     1.1404     0.0073     0.1355     0.0085     1.1404     1.1426     20.991    30.3003    23.1164    1.16614    1.66653     50.903    6.36631    9.09809  0.000e+00
        905     21.124     30.637   3228.687   8876.634    11.0130   3.431089     1.1404     0.0061     0.1343     0.0085     1.1404     1.1220     20.947    30.2979    23.1144    1.16613    1.66651     50.903    6.36627    9.09804  0.000e+00
        906     21.034     30.508   3228.624   8876.821    11.0121   3.431251     1.1404     0.0061     0.1343     0.0085     1.1404     1.1220     20.858    30.3003    23.1165    1.16612    1.66650     50.902    6.36630    9.09808  0.000e+00
        907     20.945     30.378   3228.687   8876.447    11.0130   3.430926     1.1416     0.0073     0.1355     0.0085     1.1416     1.1426     20.769    30.2964    23.1133    1.16885    1.67041     51.022    6.36633    9.09813  0.000e+00
        908     20.811     30.183   3228.877   8876.260    11.0158   3.430764     1.1416     0.0073     0.1355     0.0085     1.1416     1.1426     20.636    30.2926    23.1098    1.16880    1.67033     51.019    6.36610    9.09780  0.000e+00
        909     20.721     30.053   3228.877   8876.260    11.0158   3.430764     1.1416     0.0073     0.1355     0.0085     1.1416     1.1426     20.547    30.2927    23.1099    1.16878    1.67031     51.019    6.36610    9.09780  0.000e+00
        910     20.632     29.924   3228.940   8876.073    11.0167   3.430602     1.1404     0.0073     0.1343     0.0085     1.1404     1.1220     20.459    30.2904    23.1079    1.16602    1.66636     50.898    6.36607    9.09775  0.000e+00
        911     20.542     29.794   3229.004   8876.260    11.0176   3.430764     1.1404     0.0073     0.1368     0.0085     1.1404     1.1633     20.370    30.2912    23.1084    1.16598    1.66630     50.896    6.36590    9.09751  0.000e+00
        912     20.363     29.534   3228.940   8875.886    11.0167   3.430439     1.1416     0.0073     0.1416     0.0085     1.1416     1.2459     20.193    30.2889    23.1068    1.16873    1.67023     51.017    6.36613    9.09783  0.000e+00
        913     20.274     29.404   3229.383   8876.073    11.0231   3.430601     1.1404     0.0073     0.1368     0.0085     1.1404     1.1633     20.104    30.2852    23.1028    1.16585    1.66611     50.891    6.36538    9.09677  0.000e+00
        914     20.184     29.275   3229.383   8876.073    11.0231   3.430601     1.1416     0.0061     0.1355     0.0085     1.1416     1.1426     20.015    30.2852    23.1028    1.16858    1.67001     51.010    6.36538    9.09677  0.000e+00
        915     20.095     29.145   3229.636   8876.260    11.0268   3.430764     1.1429     0.0073     0.1368     0.0098     1.1429     1.1633     19.926    30.2838    23.1011    1.17123    1.67380     51.126    6.36493    9.09612  0.000e+00
        916     20.005     29.015   3229.888   8876.073    11.0305   3.430601     1.1416     0.0061     0.1368     0.0085     1.1416     1.1633     19.838    30.2793    23.0969    1.16842    1.66979     51.003    6.36460    9.09565  0.000e+00
        917     19.916     28.885   3230.141   8876.073    11.0341   3.430601     1.1429     0.0073     0.1355     0.0085     1.1429     1.1426     19.749    30.2763    23.0940    1.17108    1.67359     51.120    6.36421    9.09510  0.000e+00
        918     19.826     28.755   3230.331   8875.700    11.0369   3.430277     1.1429     0.0073     0.1368     0.0085     1.1429     1.1633     19.660    30.2709    23.0893    1.17104    1.67353     51.118    6.36405    9.09486  0.000e+00
        919     19.737     28.626   3230.394   8875.886    11.0378   3.430439     1.1429     0.0073     0.1355     0.0085     1.1429     1.1426     19.571    30.2717    23.0898    1.17100    1.67347     51.116    6.36389    9.09463  0.000e+00
        920     19.602     28.431   3230.521   8875.886    11.0396   3.430439     1.1429     0.0073     0.1380     0.0085     1.1429     1.1839     19.438    30.2703    23.0884    1.17094    1.67340     51.114    6.36369    9.09435  0.000e+00
        921     19.513     28.301   3230.584   8875.326    11.0406   3.429952     1.1416     0.0073     0.1355     0.0085     1.1416     1.1426     19.350    30.2648    23.0839    1.16821    1.66948     50.995    6.36378    9.09448  0.000e+00
