unitTesting/processed_seabird_noalign/ORCA1_CAST0020.cnv
* Sea-Bird SBE 19 Data File:
* FileName =
* Software Version 4.234
* Temperature SN = 2835
* Conductivity SN = 2835
* System UpLoad Time = Sun Jan 23 23:57:17 2005

** Ship: ORCA
** Cruise: Mooring
** Station: Twanoh
** Latitude: 47 22.5
** Longitude: 123 0.5
# nquan = 22
# nvalues = 908                                   
# units = specified
# name 0 = scan: Scan Count
# name 1 = prSM: Pressure, Strain Gauge [db]
# name 2 = prSE: Pressure, Strain Gauge [psi]
# name 3 = f0: Frequency 0
# name 4 = f1: Frequency 1
# name 5 = t090C: Temperature [ITS-90, deg C]
# name 6 = c0S/m: Conductivity [S/m]
# name 7 = v0: Voltage 0
# name 8 = v1: Voltage 1
# name 9 = v2: Voltage 2
# name 10 = v3: Voltage 3
# name 11 = sbeox0V: Oxygen raw, SBE 43 [V]
# name 12 = wetStar: Fluorescence, WET Labs WETstar [mg/m^3]
# name 13 = depSM: Depth [salt water, m], lat = 47.28
# name 14 = sal00: Salinity, Practical [PSU]
# name 15 = sigma-t00: Density [sigma-t, Kg/m^3 ]
# name 16 = sbeox0ML/L: Oxygen, SBE 43 [ml/l]
# name 17 = sbeox0Mg/L: Oxygen, SBE 43 [mg/l]
# name 18 = sbeox0Mm/Kg: Oxygen, SBE 43 [umol/Kg]
# name 19 = oxsatML/L: Oxygen Saturation, Weiss [ml/l]
# name 20 = oxsatMg/L: Oxygen Saturation, Weiss [mg/l]
# name 21 = flag:  0.000e+00
# span 0 =          1,        908                 
# span 1 =      0.996,     29.627                 
# span 2 =      1.444,     42.970                 
# span 3 =   3071.824,   3233.278                 
# span 4 =   7308.606,   8905.210                 
# span 5 =     8.6960,    11.0796                 
# span 6 =   2.191069,   3.455949                 
# span 7 =     0.0000,     3.1734                 
# span 8 =     0.0000,     0.0073                 
# span 9 =     0.0000,     0.3700                 
# span 10 =     0.0000,     0.0098                
# span 11 =     0.0000,     3.1734                
# span 12 =    -1.1506,     5.1092                
# span 13 =      0.988,     29.378                
# span 14 =    19.7252,    30.4985                
# span 15 =    15.2243,    23.2621                
# span 16 =   -1.39596,    6.29798                
# span 17 =   -1.99497,    9.00045                
# span 18 =    -60.940,    276.868                
# span 19 =    6.35162,    7.17336                
# span 20 =    9.07710,   10.25145                
# span 21 = 0.0000e+00, 0.0000e+00                
# interval = seconds: 0.5
# start_time = Jan 31 2016 20:27:15 [DatCnv date, localtime]
# bad_flag = -9.990e-29
*END*
[from data line 527]
        528      4.439      6.438   3170.540   8619.712    10.1636   3.211237     2.3028     0.0073     0.3468     0.0085     2.3028     4.7167      4.402    28.8242    22.1085    3.87226    5.53385    169.194    6.54707    9.35642  0.000e+00
        529      4.528      6.568   3172.184   8626.248    10.1878   3.216749     2.2466     0.0073     0.2857     0.0085     2.2466     3.6837      4.491    28.8597    22.1323    3.74023    5.34516    163.422    6.54209    9.34930  0.000e+00
        530      4.707      6.827   3173.385   8627.206    10.2054   3.217557     2.1978     0.0073     0.2564     0.0085     2.1978     3.1879      4.668    28.8536    22.1247    3.62672    5.18294    158.463    6.53978    9.34600  0.000e+00
        531      4.797      6.957   3173.891   8627.394    10.2128   3.217716     2.1526     0.0073     0.2332     0.0098     2.1526     2.7954      4.757    28.8492    22.1201    3.52237    5.03382    153.905    6.53889    9.34472  0.000e+00
        532      4.931      7.151   3174.080   8627.967    10.2156   3.218199     2.1160     0.0061     0.2466     0.0085     2.1160     3.0226      4.890    28.8517    22.1216    3.43791    4.91312    150.214    6.53838    9.34399  0.000e+00
        533      5.065      7.346   3173.954   8628.540    10.2138   3.218683     2.0769     0.0073     0.2332     0.0098     2.0769     2.7954      5.023    28.8580    22.1268    3.34809    4.78476    146.289    6.53839    9.34401  0.000e+00
        534      5.154      7.476   3173.890   8629.305    10.2128   3.219328     2.0415     0.0073     0.2405     0.0085     2.0415     2.9193      5.111    28.8651    22.1325    3.26659    4.66828    142.727    6.53823    9.34378  0.000e+00
        535      5.289      7.670   3173.700   8630.070    10.2100   3.219974     2.0085     0.0073     0.2173     0.0085     2.0085     2.5268      5.244    28.8736    22.1396    3.19082    4.56000    139.415    6.53828    9.34385  0.000e+00
        536      5.423      7.865   3173.574   8630.066    10.2082   3.219971     1.9768     0.0073     0.1929     0.0085     1.9768     2.1136      5.377    28.8750    22.1410    3.11794    4.45585    136.231    6.53849    9.34416  0.000e+00
        537      5.557      8.060   3173.321   8634.674    10.2045   3.223861     1.9475     0.0073     0.1929     0.0085     1.9475     2.1136      5.510    28.9166    22.1739    3.05001    4.35877    133.259    6.53731    9.34247  0.000e+00
        538      5.646      8.189   3174.648   8646.379    10.2240   3.233753     1.9219     0.0073     0.1978     0.0098     1.9219     2.1963      5.599    28.9991    22.2351    2.98829    4.27057    130.554    6.53106    9.33354  0.000e+00
        539      5.780      8.384   3177.367   8660.176    10.2639   3.245429     1.9011     0.0073     0.1880     0.0085     1.9011     2.0310      5.732    29.0830    22.2939    2.93665    4.19677    128.291    6.52182    9.32033  0.000e+00
        540      5.915      8.578   3180.275   8666.490    10.3066   3.250779     1.8816     0.0073     0.2051     0.0073     1.8816     2.3202      5.865    29.1018    22.3017    2.88896    4.12862    126.206    6.51488    9.31042  0.000e+00
        541      6.004      8.708   3181.919   8668.591    10.3307   3.252560     1.8608     0.0073     0.2027     0.0085     1.8608     2.2789      5.954    29.1001    22.2965    2.84002    4.05867    124.069    6.51148    9.30555  0.000e+00
        542      6.228      9.032   3182.614   8670.883    10.3409   3.254503     1.8437     0.0061     0.1893     0.0085     1.8437     2.0516      6.176    29.1111    22.3034    2.80014    4.00169    122.326    6.50956    9.30281  0.000e+00
        543      6.362      9.227   3183.120   8671.836    10.3483   3.255311     1.8303     0.0073     0.1905     0.0098     1.8303     2.0723      6.309    29.1131    22.3037    2.76896    3.95712    120.964    6.50841    9.30116  0.000e+00
        544      6.451      9.357   3183.373   8672.215    10.3520   3.255632     1.8156     0.0073     0.2039     0.0085     1.8156     2.2995      6.397    29.1133    22.3033    2.73522    3.90890    119.490    6.50786    9.30039  0.000e+00
        545      6.585      9.551   3183.689   8673.167    10.3566   3.256440     1.8010     0.0073     0.1905     0.0098     1.8010     2.0723      6.530    29.1175    22.3058    2.70138    3.86054    118.011    6.50702    9.29919  0.000e+00
        546      6.720      9.746   3183.878   8674.119    10.3594   3.257248     1.7814     0.0061     0.1954     0.0085     1.7814     2.1549      6.664    29.1232    22.3098    2.65643    3.79631    116.047    6.50639    9.29828  0.000e+00
        547      6.809      9.876   3184.194   8674.307    10.3641   3.257407     1.7643     0.0073     0.2149     0.0085     1.7643     2.4855      6.752    29.1211    22.3074    2.61710    3.74010    114.329    6.50581    9.29746  0.000e+00
        548      6.943     10.070   3184.194   8674.303    10.3640   3.257404     1.7460     0.0073     0.2015     0.0085     1.7460     2.2582      6.885    29.1210    22.3073    2.57521    3.68023    112.499    6.50582    9.29746  0.000e+00
        549      7.033     10.200   3184.257   8674.299    10.3650   3.257400     1.7228     0.0073     0.2027     0.0085     1.7228     2.2789      6.974    29.1202    22.3065    2.52208    3.60430    110.178    6.50572    9.29732  0.000e+00
        550      7.167     10.395   3184.257   8674.104    10.3650   3.257235     1.6972     0.0073     0.1905     0.0085     1.6972     2.0723      7.107    29.1185    22.3052    2.46343    3.52048    107.616    6.50579    9.29742  0.000e+00
        551      7.256     10.524   3184.320   8674.674    10.3659   3.257718     1.6703     0.0073     0.1795     0.0085     1.6703     1.8864      7.196    29.1225    22.3082    2.40183    3.43246    104.925    6.50549    9.29699  0.000e+00
        552      7.346     10.654   3184.383   8675.052    10.3668   3.258039     1.6447     0.0073     0.1880     0.0085     1.6447     2.0310      7.284    29.1249    22.3099    2.34306    3.34847    102.358    6.50526    9.29666  0.000e+00
        553      7.480     10.849   3184.510   8677.342    10.3687   3.259983     1.6178     0.0073     0.2076     0.0085     1.6178     2.3615      7.417    29.1426    22.3234    2.28125    3.26013     99.656    6.50426    9.29524  0.000e+00
        554      7.569     10.978   3184.889   8678.294    10.3742   3.260791     1.5946     0.0073     0.2100     0.0085     1.5946     2.4028      7.506    29.1461    22.3252    2.22785    3.18382     97.323    6.50332    9.29389  0.000e+00
        555      7.703     11.173   3185.142   8678.481    10.3779   3.260950     1.5726     0.0073     0.1966     0.0085     1.5726     2.1756      7.639    29.1447    22.3235    2.17743    3.11176     95.120    6.50284    9.29321  0.000e+00
        556      7.793     11.303   3185.268   8679.242    10.3798   3.261595     1.5507     0.0073     0.1954     0.0085     1.5507     2.1549      7.728    29.1495    22.3270    2.12699    3.03969     92.917    6.50238    9.29255  0.000e+00
        557      7.882     11.432   3185.458   8680.576    10.3826   3.262728     1.5324     0.0073     0.2039     0.0085     1.5324     2.2995      7.817    29.1585    22.3335    2.08485    2.97947     91.076    6.50161    9.29145  0.000e+00
        558      7.972     11.562   3185.837   8684.201    10.3881   3.265807     1.5165     0.0073     0.1832     0.0085     1.5165     1.9483      7.905    29.1844    22.3528    2.04798    2.92676     89.463    6.49974    9.28878  0.000e+00
        559      8.061     11.692   3186.785   8689.544    10.4020   3.270346     1.5031     0.0073     0.2076     0.0085     1.5031     2.3615      7.994    29.2182    22.3768    2.01626    2.88143     88.075    6.49636    9.28395  0.000e+00
        560      8.195     11.886   3187.986   8692.593    10.4196   3.272938     1.4908     0.0073     0.2002     0.0085     1.4908     2.2376      8.127    29.2296    22.3828    1.98750    2.84033     86.818    6.49337    9.27967  0.000e+00
        561      8.285     12.016   3188.049   8692.780    10.4205   3.273097     1.4786     0.0061     0.2027     0.0085     1.4786     2.2789      8.216    29.2304    22.3833    1.95956    2.80041     85.598    6.49320    9.27943  0.000e+00
        562      8.419     12.211   3187.164   8694.875    10.4076   3.274878     1.4676     0.0073     0.2015     0.0085     1.4676     2.2582      8.349    29.2584    22.4072    1.93465    2.76480     84.508    6.49391    9.28045  0.000e+00
        563      8.508     12.341   3186.848   8697.922    10.4029   3.277470     1.4603     0.0061     0.1954     0.0085     1.4603     2.1549      8.437    29.2877    22.4308    1.91775    2.74065     83.768    6.49337    9.27967  0.000e+00
        564      8.598     12.470   3187.606   8705.733    10.4140   3.284118     1.4567     0.0073     0.2076     0.0098     1.4567     2.3615      8.526    29.3445    22.4732    1.90827    2.72711     83.350    6.48944    9.27406  0.000e+00
        565      8.687     12.600   3189.124   8710.491    10.4363   3.288171     1.4542     0.0061     0.2198     0.0085     1.4542     2.5681      8.615    29.3667    22.4868    1.90157    2.71754     83.057    6.48535    9.26821  0.000e+00
        566      8.777     12.730   3190.514   8716.388    10.4566   3.293196     1.4518     0.0073     0.2063     0.0098     1.4518     2.3409      8.704    29.3999    22.5093    1.89482    2.70789     82.760    6.48107    9.26210  0.000e+00
        567      8.866     12.859   3191.905   8720.189    10.4770   3.296437     1.4505     0.0073     0.1929     0.0085     1.4505     2.1136      8.792    29.4155    22.5181    1.89108    2.70254     82.596    6.47753    9.25703  0.000e+00
        568      9.045     13.119   3193.233   8735.008    10.4964   3.309088     1.4505     0.0073     0.2112     0.0085     1.4505     2.4235      8.970    29.5247    22.5999    1.88906    2.69966     82.501    6.47028    9.24668  0.000e+00
        569      9.179     13.314   3195.761   8745.062    10.5334   3.317683     1.4505     0.0073     0.1929     0.0085     1.4505     2.1136      9.103    29.5796    22.6365    1.88700    2.69671     82.408    6.46277    9.23594  0.000e+00
        570      9.314     13.508   3198.164   8759.081    10.5685   3.329685     1.4518     0.0073     0.2112     0.0085     1.4518     2.4235      9.236    29.6695    22.7007    1.88737    2.69724     82.419    6.45410    9.22356  0.000e+00
        571      9.358     13.573   3201.388   8771.377    10.6156   3.340227     1.4579     0.0073     0.2088     0.0085     1.4579     2.3822      9.280    29.7352    22.7440    1.89863    2.71333     82.907    6.44474    9.21019  0.000e+00
        572      9.492     13.768   3204.485   8781.200    10.6608   3.348660     1.4628     0.0061     0.1966     0.0085     1.4628     2.1756      9.413    29.7815    22.7724    1.90742    2.72589     83.289    6.43646    9.19835  0.000e+00
        573      9.627     13.962   3206.698   8785.350    10.6931   3.352226     1.4689     0.0073     0.2039     0.0098     1.4689     2.2995      9.546    29.7903    22.7739    1.91991    2.74375     83.834    6.43155    9.19133  0.000e+00
        574      9.716     14.092   3208.152   8790.819    10.7143   3.356927     1.4750     0.0073     0.2076     0.0085     1.4750     2.3615      9.635    29.8192    22.7929    1.93257    2.76184     84.385    6.42738    9.18537  0.000e+00
        575      9.850     14.287   3209.669   8796.662    10.7364   3.361953     1.4786     0.0073     0.2076     0.0085     1.4786     2.3615      9.768    29.8506    22.8136    1.93964    2.77194     84.692    6.42299    9.17910  0.000e+00
        576      9.940     14.416   3210.870   8798.544    10.7539   3.363572     1.4847     0.0073     0.2271     0.0085     1.4847     2.6921      9.857    29.8522    22.8119    1.95276    2.79068     85.265    6.42046    9.17548  0.000e+00
        577     10.074     14.611   3211.502   8798.728    10.7631   3.363731     1.4872     0.0073     0.2100     0.0085     1.4872     2.4028      9.990    29.8462    22.8057    1.95802    2.79821     85.495    6.41941    9.17398  0.000e+00
        578     10.208     14.806   3211.628   8800.609    10.7650   3.365350     1.4908     0.0073     0.2100     0.0098     1.4908     2.4028     10.123    29.8606    22.8165    1.96609    2.80974     85.847    6.41857    9.17278  0.000e+00
        579     10.342     15.000   3212.260   8802.490    10.7742   3.366969     1.4921     0.0073     0.2137     0.0085     1.4921     2.4648     10.256    29.8690    22.8215    1.96841    2.81305     85.948    6.41693    9.17044  0.000e+00
        580     10.432     15.130   3212.702   8805.500    10.7806   3.369562     1.4933     0.0073     0.2161     0.0085     1.4933     2.5061     10.345    29.8892    22.8361    1.97068    2.81630     86.046    6.41521    9.16798  0.000e+00
        581     10.521     15.260   3213.271   8806.814    10.7889   3.370694     1.4933     0.0073     0.2161     0.0085     1.4933     2.5061     10.433    29.8935    22.8381    1.97032    2.81578     86.030    6.41387    9.16606  0.000e+00
        582     10.655     15.454   3213.714   8810.388    10.7953   3.373774     1.4872     0.0061     0.2381     0.0085     1.4872     2.8780     10.566    29.9184    22.8564    1.95599    2.79530     85.402    6.41196    9.16333  0.000e+00
        583     10.790     15.649   3214.472   8817.158    10.8064   3.379611     1.4847     0.0073     0.2210     0.0098     1.4847     2.5888     10.699    29.9667    22.8921    1.94947    2.78599     85.115    6.40845    9.15832  0.000e+00
        584     10.924     15.843   3216.558   8828.246    10.8367   3.389180     1.4774     0.0061     0.1954     0.0085     1.4774     2.1549     10.832    30.0358    22.9407    1.93092    2.75947     84.301    6.40140    9.14824  0.000e+00
        585     11.058     16.038   3218.960   8832.937    10.8717   3.393233     1.4701     0.0073     0.1868     0.0085     1.4701     2.0103     10.966    30.0469    22.9434    1.91292    2.73375     83.515    6.39606    9.14061  0.000e+00
        586     11.147     16.168   3220.477   8839.315    10.8938   3.398746     1.4628     0.0073     0.1929     0.0085     1.4628     2.1136     11.054    30.0829    22.9677    1.89514    2.70835     82.737    6.39153    9.13413  0.000e+00
        587     11.282     16.362   3222.184   8843.063    10.9186   3.401988     1.4542     0.0073     0.1697     0.0085     1.4542     1.7211     11.187    30.0943    22.9723    1.87484    2.67933     81.850    6.38760    9.12852  0.000e+00
        588     11.371     16.492   3223.195   8844.184    10.9333   3.402958     1.4469     0.0073     0.1697     0.0085     1.4469     1.7211     11.276    30.0918    22.9678    1.85784    2.65503     81.108    6.38566    9.12574  0.000e+00
        589     11.505     16.687   3223.890   8845.305    10.9434   3.403928     1.4396     0.0073     0.1697     0.0085     1.4396     1.7211     11.409    30.0929    22.9670    1.84099    2.63095     80.372    6.38420    9.12366  0.000e+00
        590     11.684     16.946   3224.080   8846.801    10.9461   3.405222     1.4310     0.0073     0.1612     0.0098     1.4310     1.5765     11.586    30.1033    22.9746    1.82157    2.60321     79.524    6.38340    9.12252  0.000e+00
        591     11.774     17.076   3224.649   8847.547    10.9544   3.405868     1.4249     0.0073     0.1624     0.0085     1.4249     1.5971     11.675    30.1028    22.9728    1.80756    2.58318     78.913    6.38227    9.12090  0.000e+00
        592     11.952     17.336   3224.838   8848.293    10.9571   3.406513     1.4164     0.0073     0.1575     0.0085     1.4164     1.5145     11.853    30.1068    22.9754    1.78823    2.55555     78.069    6.38172    9.12012  0.000e+00
