unitTesting/processed_seabird_noalign/ORCA1_CAST0019.cnv
* Sea-Bird SBE 19 Data File:
* FileName =
* Software Version 4.234
* Temperature SN = 2835
* Conductivity SN = 2835
* System UpLoad Time = Sun Jan 23 17:56:53 2005

** Ship: ORCA
** Cruise: Mooring
** Station: Twanoh
** Latitude: 47 22.5
** Longitude: 123 0.5
# nquan = 22
# nvalues = 916                                   
# units = specified
# name 0 = scan: Scan Count
# name 1 = prSM: Pressure, Strain Gauge [db]
# name 2 = prSE: Pressure, Strain Gauge [psi]
# name 3 = f0: Frequency 0
# name 4 = f1: Frequency 1
# name 5 = t090C: Temperature [ITS-90, deg C]
# name 6 = c0S/m: Conductivity [S/m]
# name 7 = v0: Voltage 0
# name 8 = v1: Voltage 1
# name 9 = v2: Voltage 2
# name 10 = v3: Voltage 3
# name 11 = sbeox0V: Oxygen raw, SBE 43 [V]
# name 12 = wetStar: Fluorescence, WET Labs WETstar [mg/m^3]
# name 13 = depSM: Depth [salt water, m], lat = 47.28
# name 14 = sal00: Salinity, Practical [PSU]
# name 15 = sigma-t00: Density [sigma-t, Kg/m^3 ]
# name 16 = sbeox0ML/L: Oxygen, SBE 43 [ml/l]
# name 17 = sbeox0Mg/L: Oxygen, SBE 43 [mg/l]
# name 18 = sbeox0Mm/Kg: Oxygen, SBE 43 [umol/Kg]
# name 19 = oxsatML/L: Oxygen Saturation, Weiss [ml/l]
# name 20 = oxsatMg/L: Oxygen Saturation, Weiss [mg/l]
# name 21 = flag:  0.000e+00
# span 0 =          1,        916                 
# span 1 =      0.951,     29.672                 
# span 2 =      1.380,     43.035                 
# span 3 =   3069.993,   3234.459                 
# span 4 =   7212.979,   8905.950                 
# span 5 =     8.6684,    11.0968                 
# span 6 =   2.123315,   3.456593                 
# span 7 =     0.0000,     3.2063                 
# span 8 =     0.0000,     0.0073                 
# span 9 =     0.0000,     0.3895                 
# span 10 =     0.0000,     0.0098                
# span 11 =     0.0000,     3.2063                
# span 12 =    -1.1506,     5.4398                
# span 13 =      0.943,     29.422                
# span 14 =    18.9857,    30.5002                
# span 15 =    14.6307,    23.2625                
# span 16 =   -1.39503,    6.44322                
# span 17 =   -1.99364,    9.20800                
# span 18 =    -60.898,    283.425                
# span 19 =    6.35078,    7.19011                
# span 20 =    9.07590,   10.27538                
# span 21 = 0.0000e+00, 0.0000e+00                
# interval = seconds: 0.5
# start_time = Jan 31 2016 20:27:15 [DatCnv date, localtime]
# bad_flag = -9.990e-29
*END*
[from data line 593]
        594     11.326     16.427   3223.950   8849.181    10.9442   3.407282     1.3455     0.0073     0.1416     0.0085     1.3455     1.2459     11.232    30.1252    22.9919    1.62901    2.32801     71.116    6.38278    9.12163  0.000e+00
        595     11.460     16.622   3224.077   8849.552    10.9461   3.407603     1.3407     0.0073     0.1416     0.0098     1.3407     1.2459     11.365    30.1268    22.9928    1.61797    2.31224     70.634    6.38246    9.12118  0.000e+00
        596     11.595     16.817   3224.203   8849.736    10.9479   3.407763     1.3346     0.0073     0.1416     0.0085     1.3346     1.2459     11.498    30.1268    22.9925    1.60421    2.29257     70.034    6.38221    9.12081  0.000e+00
        597     11.684     16.946   3223.950   8850.857    10.9442   3.408734     1.3321     0.0073     0.1368     0.0085     1.3321     1.1633     11.586    30.1393    23.0029    1.59872    2.28474     69.794    6.38222    9.12082  0.000e+00
        598     11.818     17.141   3224.455   8851.603    10.9516   3.409380     1.3272     0.0073     0.1380     0.0085     1.3272     1.1839     11.720    30.1395    23.0018    1.58752    2.26873     69.305    6.38118    9.11935  0.000e+00
        599     11.997     17.400   3224.645   8853.848    10.9543   3.411324     1.3223     0.0073     0.1465     0.0085     1.3223     1.3286     11.897    30.1562    23.0143    1.57632    2.25272     68.815    6.38013    9.11784  0.000e+00
        600     12.131     17.595   3225.276   8856.467    10.9635   3.413592     1.3187     0.0073     0.1380     0.0085     1.3187     1.1839     12.030    30.1709    23.0241    1.56767    2.24036     68.437    6.37826    9.11517  0.000e+00
        601     12.266     17.790   3225.782   8857.961    10.9709   3.414887     1.3150     0.0061     0.1380     0.0085     1.3150     1.1839     12.163    30.1775    23.0280    1.55917    2.22820     68.065    6.37697    9.11333  0.000e+00
        602     12.400     17.984   3226.414   8860.766    10.9800   3.417318     1.3126     0.0073     0.1368     0.0098     1.3126     1.1633     12.296    30.1937    23.0391    1.55325    2.21975     67.806    6.37504    9.11057  0.000e+00
        603     12.489     18.114   3226.919   8861.699    10.9874   3.418127     1.3114     0.0073     0.1416     0.0085     1.3114     1.2459     12.385    30.1956    23.0393    1.55028    2.21550     67.676    6.37395    9.10901  0.000e+00
        604     12.623     18.309   3227.362   8862.444    10.9938   3.418773     1.3089     0.0073     0.1416     0.0085     1.3089     1.2459     12.518    30.1966    23.0389    1.54461    2.20740     67.429    6.37302    9.10768  0.000e+00
        605     12.713     18.438   3227.530   8863.066    10.9962   3.419313     1.3065     0.0073     0.1380     0.0085     1.3065     1.1839     12.607    30.1998    23.0410    1.53903    2.19943     67.185    6.37255    9.10700  0.000e+00
        606     12.892     18.698   3227.699   8863.689    10.9987   3.419852     1.3040     0.0073     0.1404     0.0073     1.3040     1.2253     12.784    30.2030    23.0431    1.53347    2.19148     66.942    6.37208    9.10634  0.000e+00
        607     13.026     18.893   3227.867   8864.312    11.0011   3.420392     1.3028     0.0073     0.1441     0.0085     1.3028     1.2872     12.917    30.2062    23.0452    1.53065    2.18745     66.819    6.37161    9.10566  0.000e+00
        608     13.115     19.022   3227.930   8865.621    11.0021   3.421528     1.3004     0.0073     0.1368     0.0085     1.3004     1.1633     13.006    30.2166    23.0531    1.52505    2.17945     66.574    6.37107    9.10489  0.000e+00
        609     13.205     19.152   3228.562   8868.801    11.0112   3.424286     1.2955     0.0073     0.1368     0.0085     1.2955     1.1633     13.095    30.2360    23.0666    1.51363    2.16313     66.075    6.36901    9.10195  0.000e+00
        610     13.339     19.347   3229.321   8871.418    11.0222   3.426558     1.2918     0.0073     0.1368     0.0098     1.2918     1.1633     13.228    30.2491    23.0749    1.50497    2.15075     65.696    6.36696    9.09902  0.000e+00
        611     13.473     19.541   3229.763   8872.727    11.0287   3.427694     1.2869     0.0073     0.1355     0.0085     1.2869     1.1426     13.361    30.2549    23.0783    1.49378    2.13476     65.207    6.36583    9.09741  0.000e+00
        612     13.563     19.671   3230.079   8873.474    11.0332   3.428343     1.2845     0.0073     0.1355     0.0085     1.2845     1.1426     13.449    30.2574    23.0795    1.48815    2.12672     64.962    6.36509    9.09636  0.000e+00
        613     13.697     19.866   3230.206   8874.222    11.0351   3.428992     1.2784     0.0073     0.1392     0.0085     1.2784     1.2046     13.583    30.2622    23.0829    1.47438    2.10703     64.360    6.36465    9.09572  0.000e+00
        614     13.831     20.060   3230.332   8874.596    11.0369   3.429316     1.2735     0.0061     0.1392     0.0085     1.2735     1.2046     13.716    30.2638    23.0838    1.46337    2.09131     63.880    6.36433    9.09526  0.000e+00
        615     13.921     20.190   3230.521   8875.904    11.0397   3.430452     1.2686     0.0073     0.1404     0.0098     1.2686     1.2253     13.804    30.2727    23.0902    1.45227    2.07543     63.394    6.36359    9.09421  0.000e+00
        616     14.010     20.320   3230.837   8877.398    11.0442   3.431750     1.2613     0.0073     0.1429     0.0085     1.2613     1.2666     13.893    30.2816    23.0963    1.43563    2.05166     62.668    6.36260    9.09280  0.000e+00
        617     14.144     20.515   3231.027   8878.893    11.0470   3.433048     1.2552     0.0073     0.1404     0.0085     1.2552     1.2253     14.026    30.2919    23.1039    1.42178    2.03187     62.063    6.36180    9.09166  0.000e+00
        618     14.234     20.644   3231.406   8879.640    11.0525   3.433697     1.2479     0.0061     0.1465     0.0085     1.2479     1.3286     14.115    30.2937    23.1044    1.40519    2.00815     61.338    6.36097    9.09046  0.000e+00
        619     14.413     20.904   3231.469   8879.640    11.0534   3.433697     1.2405     0.0061     0.1355     0.0085     1.2405     1.1426     14.292    30.2929    23.1036    1.38877    1.98469     60.622    6.36088    9.09033  0.000e+00
        620     14.502     21.034   3231.533   8879.640    11.0543   3.433697     1.2332     0.0073     0.1343     0.0098     1.2332     1.1220     14.381    30.2921    23.1028    1.37233    1.96120     59.904    6.36078    9.09019  0.000e+00
        621     14.592     21.163   3231.722   8879.827    11.0571   3.433859     1.2271     0.0073     0.1331     0.0085     1.2271     1.1013     14.470    30.2914    23.1018    1.35858    1.94155     59.304    6.36043    9.08969  0.000e+00
        622     14.771     21.423   3231.596   8880.013    11.0552   3.434022     1.2198     0.0073     0.1343     0.0085     1.2198     1.1220     14.647    30.2944    23.1044    1.34220    1.91814     58.589    6.36056    9.08988  0.000e+00
        623     14.905     21.618   3231.532   8879.827    11.0543   3.433859     1.2137     0.0073     0.1392     0.0098     1.2137     1.2046     14.780    30.2935    23.1039    1.32856    1.89865     57.994    6.36073    9.09011  0.000e+00
        624     15.039     21.812   3231.722   8880.200    11.0571   3.434184     1.2063     0.0073     0.1343     0.0085     1.2063     1.1220     14.913    30.2944    23.1041    1.31207    1.87508     57.274    6.36031    9.08952  0.000e+00
        625     15.129     21.942   3231.532   8880.200    11.0543   3.434184     1.2015     0.0073     0.1331     0.0085     1.2015     1.1013     15.002    30.2966    23.1063    1.30118    1.85952     56.798    6.36060    9.08994  0.000e+00
        626     15.218     22.072   3231.722   8880.387    11.0571   3.434346     1.1954     0.0073     0.1343     0.0085     1.1954     1.1220     15.091    30.2959    23.1053    1.28744    1.83987     56.198    6.36025    9.08943  0.000e+00
        627     15.352     22.266   3231.722   8880.760    11.0571   3.434671     1.1917     0.0073     0.1343     0.0085     1.1917     1.1220     15.224    30.2990    23.1077    1.27922    1.82813     55.839    6.36012    9.08925  0.000e+00
        628     15.442     22.396   3231.722   8877.585    11.0571   3.431912     1.1856     0.0073     0.1355     0.0085     1.1856     1.1426     15.313    30.2720    23.0867    1.26575    1.80888     55.253    6.36121    9.09080  0.000e+00
        629     15.531     22.526   3232.164   8880.573    11.0635   3.434508     1.1807     0.0061     0.1331     0.0085     1.1807     1.1013     15.401    30.2921    23.1012    1.25448    1.79278     54.760    6.35951    9.08838  0.000e+00
        630     15.665     22.721   3231.722   8881.507    11.0571   3.435320     1.1758     0.0061     0.1331     0.0085     1.1758     1.1013     15.534    30.3053    23.1126    1.24361    1.77724     54.285    6.35988    9.08890  0.000e+00
        631     15.800     22.915   3231.848   8881.694    11.0589   3.435482     1.1709     0.0073     0.1331     0.0085     1.1709     1.1013     15.667    30.3053    23.1123    1.23263    1.76155     53.806    6.35962    9.08853  0.000e+00
        632     15.844     22.980   3231.721   8881.880    11.0571   3.435644     1.1661     0.0061     0.1343     0.0085     1.1661     1.1220     15.712    30.3084    23.1150    1.22170    1.74593     53.328    6.35975    9.08872  0.000e+00
        633     15.934     23.110   3231.848   8882.254    11.0589   3.435969     1.1624     0.0073     0.1331     0.0098     1.1624     1.1013     15.800    30.3100    23.1159    1.21344    1.73413     52.968    6.35943    9.08826  0.000e+00
        634     16.068     23.305   3231.974   8882.254    11.0607   3.435969     1.1600     0.0073     0.1331     0.0085     1.1600     1.1013     15.934    30.3084    23.1144    1.20795    1.72628     52.728    6.35924    9.08799  0.000e+00
        635     16.157     23.434   3231.974   8882.254    11.0607   3.435969     1.1575     0.0073     0.1319     0.0085     1.1575     1.0806     16.022    30.3084    23.1144    1.20249    1.71847     52.490    6.35924    9.08799  0.000e+00
        636     16.292     23.629   3231.911   8882.440    11.0598   3.436131     1.1551     0.0073     0.1343     0.0085     1.1551     1.1220     16.155    30.3107    23.1163    1.19703    1.71068     52.252    6.35928    9.08804  0.000e+00
        637     16.381     23.759   3231.911   8882.627    11.0598   3.436293     1.1526     0.0073     0.1331     0.0085     1.1526     1.1013     16.244    30.3122    23.1175    1.19156    1.70286     52.013    6.35922    9.08795  0.000e+00
        638     16.515     23.953   3231.974   8882.440    11.0607   3.436131     1.1526     0.0073     0.1331     0.0085     1.1526     1.1013     16.377    30.3098    23.1155    1.19158    1.70288     52.013    6.35918    9.08791  0.000e+00
        639     16.560     24.018   3231.911   8882.814    11.0598   3.436456     1.1502     0.0073     0.1343     0.0085     1.1502     1.1220     16.422    30.3138    23.1187    1.18610    1.69505     51.774    6.35915    9.08787  0.000e+00
        640     16.694     24.213   3232.037   8882.814    11.0616   3.436456     1.1477     0.0061     0.1331     0.0085     1.1477     1.1013     16.555    30.3122    23.1172    1.18061    1.68721     51.535    6.35896    9.08759  0.000e+00
        641     16.784     24.343   3231.974   8882.440    11.0607   3.436131     1.1465     0.0073     0.1319     0.0085     1.1465     1.0806     16.643    30.3097    23.1154    1.17792    1.68337     51.417    6.35919    9.08792  0.000e+00
        642     16.873     24.473   3232.100   8882.814    11.0626   3.436456     1.1441     0.0061     0.1319     0.0085     1.1441     1.0806     16.732    30.3114    23.1164    1.17240    1.67548     51.176    6.35887    9.08746  0.000e+00
        643     17.052     24.732   3232.037   8883.000    11.0616   3.436618     1.1441     0.0073     0.1331     0.0085     1.1441     1.1013     16.910    30.3136    23.1183    1.17244    1.67553     51.178    6.35891    9.08751  0.000e+00
        644     17.142     24.862   3232.100   8883.000    11.0626   3.436618     1.1429     0.0061     0.1306     0.0085     1.1429     1.0600     16.998    30.3128    23.1175    1.16969    1.67161     51.058    6.35881    9.08738  0.000e+00
        645     17.231     24.992   3232.163   8883.374    11.0635   3.436942     1.1416     0.0073     0.1331     0.0085     1.1416     1.1013     17.087    30.3152    23.1192    1.16693    1.66766     50.937    6.35859    9.08706  0.000e+00
        646     17.365     25.186   3232.100   8883.747    11.0626   3.437267     1.1416     0.0073     0.1331     0.0085     1.1416     1.1013     17.220    30.3191    23.1224    1.16694    1.66768     50.938    6.35856    9.08702  0.000e+00
        647     17.455     25.316   3232.163   8884.120    11.0635   3.437591     1.1392     0.0073     0.1331     0.0085     1.1392     1.1013     17.309    30.3215    23.1241    1.16144    1.65982     50.698    6.35834    9.08670  0.000e+00
        648     17.679     25.641   3232.226   8884.494    11.0644   3.437916     1.1380     0.0061     0.1319     0.0085     1.1380     1.0806     17.531    30.3238    23.1257    1.15870    1.65590     50.578    6.35812    9.08639  0.000e+00
        649     17.768     25.770   3232.226   8884.867    11.0644   3.438240     1.1392     0.0073     0.1368     0.0085     1.1392     1.1633     17.619    30.3270    23.1282    1.16143    1.65980     50.697    6.35799    9.08621  0.000e+00
        650     17.902     25.965   3232.226   8885.614    11.0644   3.438890     1.1380     0.0073     0.1319     0.0085     1.1380     1.0806     17.752    30.3333    23.1331    1.15866    1.65585     50.576    6.35774    9.08585  0.000e+00
        651     17.992     26.095   3232.226   8885.987    11.0644   3.439214     1.1380     0.0073     0.1306     0.0085     1.1380     1.0600     17.841    30.3364    23.1355    1.15866    1.65583     50.575    6.35761    9.08567  0.000e+00
        652     18.126     26.289   3232.289   8886.173    11.0653   3.439376     1.1380     0.0073     0.1331     0.0098     1.1380     1.1013     17.974    30.3372    23.1360    1.15865    1.65583     50.575    6.35746    9.08544  0.000e+00
        653     18.215     26.419   3232.226   8886.360    11.0644   3.439539     1.1355     0.0073     0.1343     0.0085     1.1355     1.1220     18.063    30.3395    23.1379    1.15319    1.64802     50.337    6.35749    9.08549  0.000e+00
        654     18.350     26.614   3232.352   8886.173    11.0662   3.439376     1.1355     0.0073     0.1331     0.0085     1.1355     1.1013     18.196    30.3363    23.1351    1.15319    1.64802     50.337    6.35736    9.08531  0.000e+00
        655     18.484     26.809   3232.289   8886.360    11.0653   3.439539     1.1331     0.0073     0.1319     0.0085     1.1331     1.0806     18.329    30.3386    23.1371    1.14774    1.64023     50.099    6.35740    9.08536  0.000e+00
        656     18.573     26.938   3232.226   8886.547    11.0644   3.439701     1.1331     0.0073     0.1319     0.0085     1.1331     1.0806     18.418    30.3409    23.1390    1.14776    1.64026     50.100    6.35743    9.08541  0.000e+00
        657     18.663     27.068   3232.289   8886.547    11.0653   3.439701     1.1331     0.0073     0.1404     0.0085     1.1331     1.2253     18.507    30.3401    23.1383    1.14775    1.64026     50.099    6.35734    9.08527  0.000e+00
        658     18.797     27.263   3232.289   8887.106    11.0653   3.440188     1.1331     0.0073     0.1343     0.0085     1.1331     1.1220     18.640    30.3449    23.1419    1.14774    1.64024     50.099    6.35715    9.08500  0.000e+00
