unitTesting/processed_seabird_noalign/ORCA1_CAST0032.cnv
* Sea-Bird SBE 19 Data File:
* FileName =
* Software Version 4.234
* Temperature SN = 2835
* Conductivity SN = 2835
* System UpLoad Time = Thu Jan 27 00:03:45 2005

** Ship: ORCA
** Cruise: Mooring
** Station: Twanoh
** Latitude: 47 22.5
** Longitude: 123 0.5
# nquan = 22
# nvalues = 915                                   
# units = specified
# name 0 = scan: Scan Count
# name 1 = prSM: Pressure, Strain Gauge [db]
# name 2 = prSE: Pressure, Strain Gauge [psi]
# name 3 = f0: Frequency 0
# name 4 = f1: Frequency 1
# name 5 = t090C: Temperature [ITS-90, deg C]
# name 6 = c0S/m: Conductivity [S/m]
# name 7 = v0: Voltage 0
# name 8 = v1: Voltage 1
# name 9 = v2: Voltage 2
# name 10 = v3: Voltage 3
# name 11 = sbeox0V: Oxygen raw, SBE 43 [V]
# name 12 = wetStar: Fluorescence, WET Labs WETstar [mg/m^3]
# name 13 = depSM: Depth [salt water, m], lat = 47.28
# name 14 = sal00: Salinity, Practical [PSU]
# name 15 = sigma-t00: Density [sigma-t, Kg/m^3 ]
# name 16 = sbeox0ML/L: Oxygen, SBE 43 [ml/l]
# name 17 = sbeox0Mg/L: Oxygen, SBE 43 [mg/l]
# name 18 = sbeox0Mm/Kg: Oxygen, SBE 43 [umol/Kg]
# name 19 = oxsatML/L: Oxygen Saturation, Weiss [ml/l]
# name 20 = oxsatMg/L: Oxygen Saturation, Weiss [mg/l]
# name 21 = flag:  0.000e+00
# span 0 =          1,        915                 
# span 1 =      0.906,     29.582                 
# span 2 =      1.315,     42.905                 
# span 3 =   3098.208,   3234.053                 
# span 4 =   6866.621,   8900.675                 
# span 5 =     9.0914,    11.0909                 
# span 6 =   1.885481,   3.451998                 
# span 7 =     0.0000,     2.9243                 
# span 8 =     0.0000,     0.0073                 
# span 9 =     0.0000,     0.3199                 
# span 10 =     0.0000,     0.0098                
# span 11 =     0.0000,     2.9243                
# span 12 =    -1.1506,     4.2622                
# span 13 =      0.899,     29.334                
# span 14 =    16.5509,    30.4494                
# span 15 =    12.7005,    23.2218                
# span 16 =   -1.39818,    5.74896                
# span 17 =   -1.99814,    8.21585                
# span 18 =    -61.043,    253.428                
# span 19 =    6.35184,    7.25135                
# span 20 =    9.07742,   10.36291                
# span 21 = 0.0000e+00, 0.0000e+00                
# interval = seconds: 0.5
# start_time = Jan 31 2016 20:27:26 [DatCnv date, localtime]
# bad_flag = -9.990e-29
*END*
[from data line 593]
        594     11.192     16.233   3191.152   8733.963    10.4660   3.308196     1.8510     0.0073     0.2088     0.0098     1.8510     2.3822     11.099    29.5397    22.6166    2.80392    4.00708    122.453    6.47401    9.25201  0.000e+00
        595     11.326     16.427   3190.266   8734.340    10.4530   3.308519     1.8486     0.0073     0.2088     0.0085     1.8486     2.3822     11.232    29.5534    22.6293    2.79890    3.99991    122.233    6.47530    9.25385  0.000e+00
        596     11.460     16.622   3190.266   8733.959    10.4530   3.308193     1.8437     0.0073     0.2015     0.0085     1.8437     2.2582     11.365    29.5501    22.6268    2.78787    3.98415    121.752    6.47543    9.25404  0.000e+00
        597     11.595     16.817   3189.255   8730.918    10.4382   3.305596     1.8364     0.0073     0.2051     0.0085     1.8364     2.3202     11.498    29.5363    22.6185    2.77230    3.96190    121.072    6.47811    9.25787  0.000e+00
        598     11.684     16.946   3187.484   8730.916    10.4123   3.305594     1.8230     0.0073     0.1990     0.0085     1.8230     2.2169     11.586    29.5573    22.6391    2.74279    3.91972    119.781    6.48096    9.26194  0.000e+00
        599     11.818     17.141   3187.231   8734.332    10.4086   3.308513     1.8107     0.0073     0.2002     0.0085     1.8107     2.2376     11.720    29.5892    22.6645    2.71463    3.87947    118.548    6.48018    9.26083  0.000e+00
        600     12.042     17.465   3188.243   8738.506    10.4234   3.312080     1.7924     0.0073     0.2002     0.0085     1.7924     2.2376     11.941    29.6124    22.6801    2.67169    3.81811    116.671    6.47711    9.25644  0.000e+00
        601     12.131     17.595   3190.203   8747.231    10.4521   3.319541     1.7766     0.0073     0.1990     0.0098     1.7766     2.2169     12.030    29.6629    22.7147    2.63310    3.76296    114.982    6.47095    9.24763  0.000e+00
        602     12.266     17.790   3193.996   8757.272    10.5076   3.328137     1.7595     0.0073     0.1978     0.0085     1.7595     2.1963     12.163    29.7027    22.7365    2.59056    3.70217    113.122    6.46141    9.23400  0.000e+00
        603     12.355     17.919   3197.599   8760.299    10.5602   3.330730     1.7436     0.0073     0.1917     0.0085     1.7436     2.0930     12.252    29.6854    22.7144    2.55196    3.64701    111.439    6.45463    9.22431  0.000e+00
        604     12.489     18.114   3199.116   8762.380    10.5824   3.332513     1.7289     0.0073     0.1880     0.0085     1.7289     2.0310     12.385    29.6849    22.7103    2.51754    3.59782    109.937    6.45150    9.21984  0.000e+00
        605     12.623     18.309   3200.212   8767.044    10.5984   3.336512     1.7131     0.0061     0.1905     0.0085     1.7131     2.0723     12.518    29.7113    22.7282    2.48027    3.54456    108.307    6.44816    9.21506  0.000e+00
        606     12.758     18.503   3201.308   8771.708    10.6144   3.340512     1.7021     0.0073     0.1966     0.0085     1.7021     2.1756     12.651    29.7376    22.7461    2.45413    3.50719    107.164    6.44481    9.21028  0.000e+00
        607     12.892     18.698   3202.403   8776.370    10.6304   3.344514     1.6923     0.0073     0.1844     0.0073     1.6923     1.9690     12.784    29.7640    22.7639    2.43078    3.47383    106.142    6.44147    9.20551  0.000e+00
        608     12.937     18.763   3204.300   8785.813    10.6581   3.352625     1.6862     0.0073     0.1893     0.0098     1.6862     2.0516     12.828    29.8214    22.8040    2.41469    3.45083    105.436    6.43522    9.19658  0.000e+00
        609     13.071     18.958   3206.955   8798.639    10.6968   3.363656     1.6777     0.0061     0.1844     0.0085     1.6777     1.9690     12.962    29.8984    22.8574    2.39228    3.41880    104.452    6.42663    9.18429  0.000e+00
        610     13.205     19.152   3210.494   8810.881    10.7484   3.374200     1.6703     0.0073     0.1844     0.0085     1.6703     1.9690     13.095    29.9600    22.8966    2.37229    3.39024    103.575    6.41686    9.17034  0.000e+00
        611     13.294     19.282   3214.098   8818.782    10.8009   3.381013     1.6618     0.0061     0.1880     0.0085     1.6618     2.0310     13.183    29.9840    22.9064    2.35010    3.35852    102.605    6.40852    9.15841  0.000e+00
        612     13.429     19.477   3216.626   8824.045    10.8377   3.385554     1.6520     0.0073     0.1844     0.0085     1.6520     1.9690     13.316    29.9984    22.9114    2.32611    3.32424    101.557    6.40277    9.15021  0.000e+00
        613     13.518     19.606   3218.459   8826.111    10.8644   3.387337     1.6422     0.0073     0.1856     0.0085     1.6422     1.9897     13.405    29.9941    22.9035    2.30289    3.29106    100.544    6.39922    9.14512  0.000e+00
        614     13.652     19.801   3219.218   8827.613    10.8754   3.388634     1.6288     0.0073     0.1819     0.0085     1.6288     1.9277     13.538    29.9977    22.9045    2.27206    3.24701     99.198    6.39753    9.14270  0.000e+00
        615     13.786     19.996   3219.786   8827.611    10.8837   3.388633     1.6178     0.0073     0.1783     0.0085     1.6178     1.8657     13.671    29.9909    22.8978    2.24703    3.21124     98.106    6.39664    9.14144  0.000e+00
        616     13.876     20.125   3220.355   8833.432    10.8920   3.393662     1.6056     0.0073     0.1832     0.0085     1.6056     1.9483     13.760    30.0334    22.9295    2.21855    3.17053     96.860    6.39377    9.13734  0.000e+00
        617     13.965     20.255   3221.619   8834.933    10.9104   3.394958     1.5922     0.0073     0.1770     0.0085     1.5922     1.8450     13.849    30.0311    22.9245    2.18751    3.12617     95.505    6.39130    9.13381  0.000e+00
        618     14.100     20.450   3222.251   8835.307    10.9196   3.395282     1.5800     0.0073     0.1746     0.0085     1.5800     1.8037     13.982    30.0267    22.9195    2.15969    3.08641     94.291    6.39019    9.13223  0.000e+00
        619     14.234     20.644   3222.504   8835.306    10.9232   3.395281     1.5617     0.0073     0.1770     0.0085     1.5617     1.8450     14.115    30.0236    22.9165    2.11834    3.02732     92.486    6.38981    9.13167  0.000e+00
        620     14.323     20.774   3222.567   8836.055    10.9241   3.395928     1.5446     0.0073     0.1734     0.0085     1.5446     1.7831     14.204    30.0292    22.9207    2.07974    2.97215     90.800    6.38945    9.13117  0.000e+00
        621     14.413     20.904   3222.567   8835.866    10.9241   3.395765     1.5238     0.0073     0.1770     0.0085     1.5238     1.8450     14.292    30.0275    22.9194    2.03302    2.90538     88.760    6.38952    9.13126  0.000e+00
        622     14.547     21.099   3222.693   8836.803    10.9260   3.396575     1.5043     0.0073     0.1673     0.0085     1.5043     1.6798     14.425    30.0339    22.9241    1.98888    2.84231     86.833    6.38901    9.13053  0.000e+00
        623     14.636     21.228   3222.883   8837.177    10.9287   3.396899     1.4823     0.0073     0.1648     0.0085     1.4823     1.6385     14.514    30.0348    22.9243    1.93927    2.77141     84.667    6.38859    9.12993  0.000e+00
        624     14.815     21.488   3223.009   8837.739    10.9306   3.397384     1.4603     0.0073     0.1612     0.0085     1.4603     1.5765     14.691    30.0380    22.9264    1.88969    2.70056     82.502    6.38820    9.12938  0.000e+00
        625     14.950     21.683   3223.198   8837.738    10.9333   3.397383     1.4383     0.0073     0.1600     0.0085     1.4383     1.5558     14.825    30.0357    22.9242    1.84014    2.62974     80.339    6.38791    9.12896  0.000e+00
        626     15.084     21.877   3223.388   8839.613    10.9361   3.399004     1.4188     0.0061     0.1563     0.0085     1.4188     1.4938     14.958    30.0492    22.9343    1.79590    2.56653     78.407    6.38698    9.12763  0.000e+00
        627     15.129     21.942   3223.893   8840.737    10.9434   3.399977     1.3944     0.0073     0.1551     0.0085     1.3944     1.4732     15.002    30.0527    22.9357    1.74061    2.48750     75.993    6.38581    9.12597  0.000e+00
        628     15.263     22.137   3224.209   8841.674    10.9480   3.400787     1.3736     0.0061     0.1551     0.0085     1.3736     1.4732     15.135    30.0569    22.9382    1.69369    2.42045     73.944    6.38501    9.12482  0.000e+00
        629     15.352     22.266   3224.462   8842.985    10.9517   3.401921     1.3553     0.0073     0.1490     0.0085     1.3553     1.3699     15.224    30.0649    22.9438    1.65226    2.36124     72.135    6.38417    9.12362  0.000e+00
        630     15.442     22.396   3223.830   8845.984    10.9425   3.404517     1.3358     0.0061     0.1502     0.0085     1.3358     1.3905     15.313    30.0979    22.9710    1.60826    2.29836     70.212    6.38413    9.12355  0.000e+00
        631     15.531     22.526   3224.588   8843.170    10.9535   3.402081     1.3162     0.0073     0.1477     0.0085     1.3162     1.3492     15.401    30.0649    22.9435    1.56426    2.23549     68.293    6.38392    9.12325  0.000e+00
        632     15.665     22.721   3224.841   8845.232    10.9572   3.403865     1.2991     0.0073     0.1502     0.0085     1.2991     1.3905     15.534    30.0794    22.9541    1.52555    2.18016     66.602    6.38282    9.12169  0.000e+00
        633     15.755     22.850   3225.536   8850.479    10.9673   3.408407     1.2845     0.0073     0.1453     0.0085     1.2845     1.3079     15.623    30.1155    22.9805    1.49193    2.13212     65.133    6.37996    9.11760  0.000e+00
        634     15.844     22.980   3226.294   8850.103    10.9783   3.408081     1.2698     0.0073     0.1453     0.0085     1.2698     1.3079     15.712    30.1033    22.9691    1.45876    2.08472     63.686    6.37892    9.11612  0.000e+00
        635     15.934     23.110   3226.357   8851.413    10.9792   3.409216     1.2564     0.0061     0.1453     0.0085     1.2564     1.3079     15.800    30.1136    22.9769    1.42844    2.04139     62.361    6.37838    9.11534  0.000e+00
        636     16.068     23.305   3226.483   8851.974    10.9810   3.409702     1.2430     0.0073     0.1465     0.0098     1.2430     1.3286     15.934    30.1168    22.9791    1.39817    1.99812     61.040    6.37799    9.11479  0.000e+00
        637     16.157     23.434   3226.673   8852.909    10.9838   3.410512     1.2308     0.0073     0.1453     0.0085     1.2308     1.3079     16.022    30.1225    22.9830    1.37059    1.95871     59.835    6.37739    9.11392  0.000e+00
        638     16.247     23.564   3226.799   8852.908    10.9856   3.410511     1.2198     0.0073     0.1453     0.0085     1.2198     1.3079     16.111    30.1209    22.9815    1.34585    1.92335     58.755    6.37719    9.11365  0.000e+00
        639     16.381     23.759   3226.799   8853.281    10.9856   3.410834     1.2088     0.0073     0.1441     0.0085     1.2088     1.2872     16.244    30.1240    22.9839    1.32113    1.88802     57.676    6.37707    9.11347  0.000e+00
        640     16.515     23.953   3226.925   8853.655    10.9875   3.411157     1.1990     0.0073     0.1441     0.0085     1.1990     1.2872     16.377    30.1256    22.9849    1.29912    1.85657     56.715    6.37675    9.11301  0.000e+00
        641     16.605     24.083   3227.052   8854.028    10.9893   3.411481     1.1893     0.0073     0.1429     0.0085     1.1893     1.2666     16.466    30.1273    22.9858    1.27710    1.82510     55.754    6.37643    9.11255  0.000e+00
        642     16.694     24.213   3227.178   8854.027    10.9911   3.411480     1.1795     0.0073     0.1453     0.0085     1.1795     1.3079     16.555    30.1257    22.9843    1.25511    1.79367     54.794    6.37623    9.11228  0.000e+00
        643     16.829     24.408   3227.241   8855.524    10.9920   3.412777     1.1709     0.0061     0.1416     0.0085     1.1709     1.2459     16.688    30.1376    22.9934    1.23579    1.76606     53.950    6.37563    9.11141  0.000e+00
        644     16.963     24.602   3227.557   8856.272    10.9966   3.413424     1.1624     0.0073     0.1429     0.0085     1.1624     1.2666     16.821    30.1401    22.9946    1.21645    1.73843     53.106    6.37489    9.11035  0.000e+00
        645     17.052     24.732   3227.683   8857.581    10.9985   3.414559     1.1551     0.0073     0.1429     0.0085     1.1551     1.2666     16.910    30.1497    23.0017    1.19987    1.71474     52.381    6.37425    9.10944  0.000e+00
        646     17.142     24.862   3227.809   8857.580    11.0003   3.414558     1.1490     0.0073     0.1416     0.0085     1.1490     1.2459     16.998    30.1482    23.0002    1.18613    1.69509     51.781    6.37406    9.10917  0.000e+00
        647     17.231     24.992   3227.872   8857.953    11.0012   3.414881     1.1429     0.0073     0.1404     0.0085     1.1429     1.2253     17.087    30.1505    23.0019    1.17237    1.67544     51.181    6.37383    9.10885  0.000e+00
        648     17.365     25.186   3227.999   8858.326    11.0030   3.415205     1.1368     0.0073     0.1416     0.0085     1.1368     1.2459     17.220    30.1521    23.0028    1.15861    1.65577     50.580    6.37352    9.10839  0.000e+00
        649     17.500     25.381   3227.935   8858.325    11.0021   3.415204     1.1306     0.0061     0.1416     0.0085     1.1306     1.2459     17.353    30.1528    23.0035    1.14492    1.63620     49.982    6.37362    9.10853  0.000e+00
        650     17.679     25.641   3228.061   8857.387    11.0040   3.414391     1.1270     0.0073     0.1404     0.0085     1.1270     1.2253     17.531    30.1433    22.9958    1.13674    1.62451     49.625    6.37374    9.10872  0.000e+00
        651     17.813     25.835   3227.935   8858.322    11.0021   3.415201     1.1209     0.0073     0.1416     0.0085     1.1209     1.2459     17.664    30.1527    23.0034    1.12300    1.60488     49.026    6.37362    9.10854  0.000e+00
        652     17.902     25.965   3228.124   8858.133    11.0049   3.415038     1.1184     0.0073     0.1416     0.0085     1.1184     1.2459     17.752    30.1488    22.9999    1.11749    1.59700     48.785    6.37340    9.10822  0.000e+00
        653     18.036     26.160   3227.934   8857.758    11.0021   3.414712     1.1148     0.0061     0.1404     0.0085     1.1148     1.2253     17.886    30.1478    22.9996    1.10934    1.58536     48.429    6.37382    9.10882  0.000e+00
        654     18.126     26.289   3228.061   8859.254    11.0039   3.416009     1.1111     0.0073     0.1380     0.0085     1.1111     1.1839     17.974    30.1590    23.0080    1.10100    1.57344     48.065    6.37312    9.10782  0.000e+00
        655     18.260     26.484   3228.124   8859.627    11.0049   3.416333     1.1074     0.0073     0.1392     0.0085     1.1074     1.2046     18.107    30.1613    23.0097    1.09274    1.56164     47.704    6.37289    9.10750  0.000e+00
        656     18.350     26.614   3228.250   8860.187    11.0067   3.416818     1.1038     0.0073     0.1392     0.0085     1.1038     1.2046     18.196    30.1645    23.0118    1.08446    1.54980     47.342    6.37251    9.10695  0.000e+00
        657     18.484     26.809   3228.503   8861.496    11.0104   3.417953     1.1001     0.0073     0.1392     0.0085     1.1001     1.2046     18.329    30.1726    23.0175    1.07611    1.53786     46.978    6.37168    9.10576  0.000e+00
        658     18.618     27.003   3228.629   8861.869    11.0122   3.418276     1.0989     0.0073     0.1392     0.0085     1.0989     1.2046     18.462    30.1742    23.0184    1.07333    1.53389     46.856    6.37136    9.10531  0.000e+00
