unitTesting/processed_seabird_noalign/ORCA1_CAST0044.cnv
* Sea-Bird SBE 19 Data File:
* FileName =
* Software Version 4.234
* Temperature SN = 2835
* Conductivity SN = 2835
* System UpLoad Time = Sun Jan 30 00:10:12 2005

** Ship: ORCA
** Cruise: Mooring
** Station: Twanoh
** Latitude: 47 22.5
** Longitude: 123 0.5
# nquan = 22
# nvalues = 914                                   
# units = specified
# name 0 = scan: Scan Count
# name 1 = prSM: Pressure, Strain Gauge [db]
# name 2 = prSE: Pressure, Strain Gauge [psi]
# name 3 = f0: Frequency 0
# name 4 = f1: Frequency 1
# name 5 = t090C: Temperature [ITS-90, deg C]
# name 6 = c0S/m: Conductivity [S/m]
# name 7 = v0: Voltage 0
# name 8 = v1: Voltage 1
# name 9 = v2: Voltage 2
# name 10 = v3: Voltage 3
# name 11 = sbeox0V: Oxygen raw, SBE 43 [V]
# name 12 = wetStar: Fluorescence, WET Labs WETstar [mg/m^3]
# name 13 = depSM: Depth [salt water, m], lat = 47.28
# name 14 = sal00: Salinity, Practical [PSU]
# name 15 = sigma-t00: Density [sigma-t, Kg/m^3 ]
# name 16 = sbeox0ML/L: Oxygen, SBE 43 [ml/l]
# name 17 = sbeox0Mg/L: Oxygen, SBE 43 [mg/l]
# name 18 = sbeox0Mm/Kg: Oxygen, SBE 43 [umol/Kg]
# name 19 = oxsatML/L: Oxygen Saturation, Weiss [ml/l]
# name 20 = oxsatMg/L: Oxygen Saturation, Weiss [mg/l]
# name 21 = flag:  0.000e+00
# span 0 =          1,        914                 
# span 1 =      0.951,     29.627                 
# span 2 =      1.380,     42.970                 
# span 3 =   3092.624,   3232.726                 
# span 4 =   7477.241,   8894.858                 
# span 5 =     9.0079,    11.0716                 
# span 6 =   2.312750,   3.446934                 
# span 7 =     0.0000,     2.8303                 
# span 8 =     0.0000,     0.0073                 
# span 9 =     0.0000,     0.3126                 
# span 10 =     0.0000,     0.0098                
# span 11 =     0.0000,     2.8303                
# span 12 =    -1.1506,     4.1382                
# span 13 =      0.943,     29.378                
# span 14 =    20.7425,    30.4241                
# span 15 =    15.9783,    23.2072                
# span 16 =   -1.39861,    5.45852                
# span 17 =   -1.99875,    7.80077                
# span 18 =    -61.058,    239.916                
# span 19 =    6.35630,    7.07506                
# span 20 =    9.08378,   10.11097                
# span 21 = 0.0000e+00, 0.0000e+00                
# interval = seconds: 0.5
# start_time = Jan 31 2016 20:27:36 [DatCnv date, localtime]
# bad_flag = -9.990e-29
*END*
[from data line 593]
        594     11.326     16.427   3196.160   8735.050    10.5392   3.309124     1.6691     0.0061     0.2149     0.0085     1.6691     2.4855     11.232    29.4895    22.5655    2.38623    3.41015    104.217    6.46562    9.24002  0.000e+00
        595     11.416     16.557   3196.792   8736.376    10.5484   3.310257     1.6581     0.0073     0.2039     0.0085     1.6581     2.2995     11.320    29.4932    22.5668    2.36072    3.37370    103.103    6.46416    9.23793  0.000e+00
        596     11.505     16.687   3197.487   8742.635    10.5586   3.315608     1.6459     0.0073     0.2076     0.0085     1.6459     2.3615     11.409    29.5378    22.5998    2.33180    3.33237    101.836    6.46089    9.23326  0.000e+00
        597     11.595     16.817   3199.067   8748.321    10.5817   3.320472     1.6300     0.0073     0.2002     0.0085     1.6300     2.2376     11.498    29.5670    22.6187    2.29418    3.27861    100.192    6.45641    9.22686  0.000e+00
        598     11.684     16.946   3201.089   8753.057    10.6112   3.324525     1.6142     0.0073     0.1990     0.0085     1.6142     2.2169     11.586    29.5830    22.6263    2.25649    3.22476     98.545    6.45157    9.21994  0.000e+00
        599     11.818     17.141   3203.238   8759.872    10.6426   3.330363     1.5995     0.0073     0.2039     0.0085     1.5995     2.2995     11.720    29.6151    22.6460    2.22134    3.17452     97.008    6.44581    9.21171  0.000e+00
        600     11.997     17.400   3205.640   8762.330    10.6777   3.332469     1.5836     0.0073     0.1990     0.0085     1.5836     2.2169     11.897    29.6074    22.6342    2.18388    3.12098     95.373    6.44117    9.20507  0.000e+00
        601     12.087     17.530   3206.651   8763.652    10.6924   3.333602     1.5678     0.0073     0.1954     0.0085     1.5678     2.1549     11.986    29.6065    22.6311    2.14723    3.06861     93.773    6.43912    9.20214  0.000e+00
        602     12.176     17.660   3207.156   8767.055    10.6998   3.336520     1.5519     0.0061     0.1990     0.0085     1.5519     2.2169     12.074    29.6292    22.6475    2.11062    3.01628     92.173    6.43715    9.19933  0.000e+00
        603     12.266     17.790   3207.599   8767.998    10.7062   3.337329     1.5397     0.0073     0.1929     0.0098     1.5397     2.1136     12.163    29.6319    22.6485    2.08263    2.97629     90.950    6.43613    9.19787  0.000e+00
        604     12.400     17.984   3207.788   8768.941    10.7090   3.338137     1.5275     0.0073     0.1917     0.0085     1.5275     2.0930     12.296    29.6376    22.6525    2.05478    2.93649     89.734    6.43551    9.19699  0.000e+00
        605     12.534     18.179   3207.998   8770.705    10.7121   3.339650     1.5140     0.0073     0.1929     0.0085     1.5140     2.1136     12.429    29.6499    22.6616    2.02407    2.89260     88.392    6.43458    9.19565  0.000e+00
        606     12.668     18.374   3208.209   8772.469    10.7151   3.341164     1.5018     0.0073     0.2015     0.0073     1.5018     2.2582     12.562    29.6623    22.6706    1.99614    2.85268     87.171    6.43364    9.19431  0.000e+00
        607     12.758     18.503   3208.420   8774.234    10.7182   3.342679     1.4908     0.0073     0.2015     0.0085     1.4908     2.2582     12.651    29.6746    22.6798    1.97097    2.81671     86.071    6.43270    9.19298  0.000e+00
        608     12.892     18.698   3209.306   8778.391    10.7311   3.346248     1.4762     0.0073     0.1941     0.0085     1.4762     2.1343     12.784    29.6992    22.6967    1.93697    2.76812     84.585    6.42988    9.18895  0.000e+00
        609     12.981     18.828   3210.760   8781.414    10.7523   3.348844     1.4591     0.0073     0.1929     0.0085     1.4591     2.1136     12.873    29.7075    22.6996    1.89733    2.71147     82.854    6.42656    9.18420  0.000e+00
        610     13.115     19.022   3211.582   8781.037    10.7643   3.348520     1.4444     0.0073     0.1856     0.0098     1.4444     1.9897     13.006    29.6946    22.6875    1.86386    2.66365     81.394    6.42540    9.18253  0.000e+00
        611     13.205     19.152   3211.266   8781.416    10.7597   3.348846     1.4274     0.0073     0.1868     0.0085     1.4274     2.0103     13.095    29.7015    22.6937    1.82526    2.60848     79.707    6.42577    9.18306  0.000e+00
        612     13.339     19.347   3211.203   8782.738    10.7588   3.349982     1.4103     0.0073     0.1893     0.0085     1.4103     2.0516     13.228    29.7133    22.7030    1.78648    2.55306     78.013    6.42541    9.18256  0.000e+00
        613     13.473     19.541   3211.583   8784.250    10.7643   3.351280     1.3907     0.0073     0.1844     0.0085     1.3907     1.9690     13.361    29.7215    22.7085    1.74197    2.48945     76.069    6.42430    9.18097  0.000e+00
        614     13.608     19.736   3211.899   8784.628    10.7689   3.351605     1.3773     0.0073     0.1770     0.0085     1.3773     1.8450     13.494    29.7209    22.7072    1.71143    2.44581     74.736    6.42368    9.18008  0.000e+00
        615     13.697     19.866   3212.089   8785.195    10.7717   3.352093     1.3614     0.0073     0.1758     0.0085     1.3614     1.8244     13.583    29.7234    22.7087    1.67539    2.39430     73.161    6.42318    9.17937  0.000e+00
        616     13.831     20.060   3212.153   8786.328    10.7726   3.353067     1.3492     0.0073     0.1709     0.0085     1.3492     1.7417     13.716    29.7322    22.7154    1.64765    2.35465     71.950    6.42270    9.17868  0.000e+00
        617     13.921     20.190   3212.343   8787.084    10.7754   3.353716     1.3358     0.0073     0.1722     0.0085     1.3358     1.7624     13.804    29.7363    22.7181    1.61712    2.31103     70.616    6.42214    9.17788  0.000e+00
        618     14.055     20.385   3212.596   8788.217    10.7791   3.354690     1.3223     0.0073     0.1685     0.0085     1.3223     1.7004     13.937    29.7428    22.7226    1.58656    2.26735     69.282    6.42136    9.17677  0.000e+00
        619     14.189     20.580   3212.786   8791.803    10.7818   3.357773     1.3089     0.0073     0.1697     0.0085     1.3089     1.7211     14.070    29.7708    22.7439    1.55582    2.22342     67.938    6.41984    9.17459  0.000e+00
        620     14.323     20.774   3213.671   8794.255    10.7947   3.359883     1.2991     0.0073     0.1685     0.0085     1.2991     1.7004     14.204    29.7810    22.7496    1.53324    2.19115     66.951    6.41761    9.17141  0.000e+00
        621     14.413     20.904   3214.367   8797.461    10.8049   3.362642     1.2869     0.0073     0.1685     0.0085     1.2869     1.7004     14.292    29.7998    22.7626    1.50514    2.15099     65.723    6.41542    9.16828  0.000e+00
        622     14.547     21.099   3215.063   8798.781    10.8150   3.363778     1.2759     0.0061     0.1722     0.0085     1.2759     1.7624     14.425    29.8027    22.7631    1.47997    2.11503     64.625    6.41388    9.16608  0.000e+00
        623     14.681     21.293   3215.379   8799.913    10.8196   3.364752     1.2662     0.0073     0.1697     0.0098     1.2662     1.7211     14.558    29.8085    22.7668    1.45772    2.08323     63.653    6.41300    9.16482  0.000e+00
        624     14.860     21.553   3215.822   8802.740    10.8260   3.367186     1.2552     0.0061     0.1673     0.0085     1.2552     1.6798     14.736    29.8270    22.7801    1.43255    2.04726     62.553    6.41135    9.16246  0.000e+00
        625     14.994     21.747   3216.328   8804.625    10.8334   3.368809     1.2454     0.0073     0.1661     0.0085     1.2454     1.6591     14.869    29.8369    22.7866    1.41019    2.01530     61.576    6.40991    9.16041  0.000e+00
        626     15.129     21.942   3216.834   8805.379    10.8408   3.369458     1.2357     0.0061     0.1661     0.0085     1.2357     1.6591     15.002    29.8372    22.7856    1.38793    1.98349     60.604    6.40887    9.15891  0.000e+00
        627     15.218     22.072   3216.898   8806.321    10.8417   3.370270     1.2271     0.0073     0.1709     0.0085     1.2271     1.7417     15.091    29.8444    22.7910    1.36854    1.95578     59.757    6.40845    9.15831  0.000e+00
        628     15.352     22.266   3217.214   8807.640    10.8463   3.371407     1.2198     0.0061     0.1673     0.0085     1.2198     1.6798     15.224    29.8518    22.7960    1.35182    1.93188     59.027    6.40750    9.15696  0.000e+00
        629     15.442     22.396   3217.467   8809.712    10.8500   3.373192     1.2137     0.0073     0.1722     0.0085     1.2137     1.7624     15.313    29.8663    22.8066    1.33782    1.91187     58.415    6.40640    9.15539  0.000e+00
        630     15.576     22.591   3217.973   8811.595    10.8573   3.374815     1.2051     0.0061     0.1685     0.0085     1.2051     1.7004     15.446    29.8761    22.8130    1.31825    1.88391     57.560    6.40497    9.15334  0.000e+00
        631     15.710     22.786   3218.479   8812.537    10.8647   3.375627     1.1990     0.0073     0.1697     0.0085     1.1990     1.7211     15.579    29.8780    22.8133    1.30427    1.86394     56.950    6.40386    9.15176  0.000e+00
        632     15.844     22.980   3218.859   8813.478    10.8702   3.376438     1.1929     0.0061     0.1661     0.0085     1.1929     1.6591     15.712    29.8815    22.8150    1.29034    1.84402     56.341    6.40295    9.15046  0.000e+00
        633     15.934     23.110   3218.922   8813.667    10.8711   3.376601     1.1880     0.0073     0.1636     0.0085     1.1880     1.6178     15.800    29.8823    22.8155    1.27929    1.82824     55.859    6.40279    9.15023  0.000e+00
        634     16.068     23.305   3219.049   8813.856    10.8730   3.376764     1.1819     0.0073     0.1600     0.0085     1.1819     1.5558     15.934    29.8823    22.8152    1.26548    1.80850     55.256    6.40253    9.14986  0.000e+00
        635     16.157     23.434   3218.986   8814.045    10.8721   3.376927     1.1734     0.0073     0.1587     0.0085     1.1734     1.5352     16.022    29.8846    22.8171    1.24620    1.78095     54.414    6.40256    9.14990  0.000e+00
        636     16.247     23.564   3219.050   8814.046    10.8730   3.376928     1.1661     0.0073     0.1661     0.0085     1.1661     1.6591     16.111    29.8838    22.8164    1.22966    1.75730     53.691    6.40247    9.14977  0.000e+00
        637     16.381     23.759   3219.050   8814.234    10.8730   3.377091     1.1600     0.0061     0.1600     0.0085     1.1600     1.5558     16.244    29.8854    22.8176    1.21588    1.73761     53.090    6.40240    9.14968  0.000e+00
        638     16.471     23.889   3219.050   8814.423    10.8730   3.377253     1.1538     0.0073     0.1612     0.0085     1.1538     1.5765     16.333    29.8869    22.8188    1.20210    1.71792     52.488    6.40234    9.14958  0.000e+00
        639     16.560     24.018   3219.177   8814.612    10.8749   3.377416     1.1465     0.0061     0.1587     0.0085     1.1465     1.5352     16.422    29.8870    22.8185    1.18552    1.69423     51.764    6.40208    9.14921  0.000e+00
        640     16.694     24.213   3219.178   8814.989    10.8749   3.377742     1.1404     0.0073     0.1612     0.0098     1.1404     1.5765     16.555    29.8901    22.8209    1.17174    1.67453     51.162    6.40195    9.14903  0.000e+00
        641     16.784     24.343   3219.178   8814.802    10.8749   3.377580     1.1343     0.0073     0.1563     0.0085     1.1343     1.4938     16.643    29.8885    22.8197    1.15798    1.65486     50.561    6.40202    9.14912  0.000e+00
        642     16.918     24.537   3219.178   8814.991    10.8749   3.377743     1.1282     0.0073     0.1563     0.0098     1.1282     1.4938     16.776    29.8900    22.8209    1.14420    1.63518     49.960    6.40195    9.14903  0.000e+00
        643     17.007     24.667   3219.115   8814.991    10.8740   3.377744     1.1221     0.0073     0.1575     0.0085     1.1221     1.5145     16.865    29.8908    22.8216    1.13044    1.61552     49.359    6.40205    9.14917  0.000e+00
        644     17.097     24.797   3219.242   8816.685    10.8758   3.379204     1.1172     0.0073     0.1587     0.0085     1.1172     1.5352     16.954    29.9035    22.8312    1.11930    1.59959     48.872    6.40128    9.14807  0.000e+00
        645     17.231     24.992   3219.685   8819.695    10.8822   3.381801     1.1123     0.0073     0.1673     0.0085     1.1123     1.6798     17.087    29.9237    22.8458    1.10800    1.58344     48.378    6.39956    9.14562  0.000e+00
        646     17.276     25.057   3220.191   8822.140    10.8896   3.383910     1.1087     0.0061     0.1551     0.0085     1.1087     1.4732     17.131    29.9384    22.8560    1.09947    1.57125     48.005    6.39794    9.14330  0.000e+00
        647     17.410     25.251   3220.760   8824.020    10.8979   3.385533     1.1050     0.0073     0.1538     0.0085     1.1050     1.4525     17.264    29.9475    22.8616    1.09098    1.55912     47.634    6.39642    9.14112  0.000e+00
        648     17.500     25.381   3221.203   8824.585    10.9043   3.386021     1.1013     0.0073     0.1551     0.0085     1.1013     1.4732     17.353    29.9470    22.8602    1.08259    1.54712     47.268    6.39554    9.13986  0.000e+00
        649     17.679     25.641   3221.393   8825.337    10.9071   3.386670     1.0989     0.0073     0.1526     0.0085     1.0989     1.4319     17.531    29.9510    22.8628    1.07701    1.53916     47.024    6.39499    9.13908  0.000e+00
        650     17.813     25.835   3221.583   8825.526    10.9098   3.386833     1.0952     0.0073     0.1514     0.0085     1.0952     1.4112     17.664    29.9503    22.8618    1.06871    1.52730     46.662    6.39463    9.13857  0.000e+00
        651     17.858     25.900   3221.710   8825.902    10.9117   3.387158     1.0940     0.0073     0.1538     0.0085     1.0940     1.4525     17.708    29.9520    22.8628    1.06591    1.52330     46.540    6.39431    9.13810  0.000e+00
        652     17.992     26.095   3221.773   8826.279    10.9126   3.387484     1.0916     0.0061     0.1526     0.0085     1.0916     1.4319     17.841    29.9543    22.8645    1.06039    1.51540     46.298    6.39408    9.13778  0.000e+00
        653     18.081     26.225   3221.963   8828.159    10.9154   3.389107     1.0904     0.0061     0.1538     0.0085     1.0904     1.4525     17.930    29.9680    22.8746    1.05750    1.51127     46.172    6.39315    9.13644  0.000e+00
        654     18.215     26.419   3222.469   8830.413    10.9227   3.391054     1.0879     0.0073     0.1563     0.0085     1.0879     1.4938     18.063    29.9810    22.8835    1.05176    1.50308     45.921    6.39159    9.13423  0.000e+00
        655     18.305     26.549   3222.912   8831.541    10.9292   3.392028     1.0867     0.0061     0.1612     0.0085     1.0867     1.5765     18.152    29.9852    22.8857    1.04886    1.49892     45.794    6.39052    9.13270  0.000e+00
        656     18.439     26.744   3223.292   8833.607    10.9347   3.393813     1.0842     0.0073     0.1600     0.0085     1.0842     1.5558     18.285    29.9982    22.8948    1.04317    1.49079     45.545    6.38923    9.13085  0.000e+00
        657     18.573     26.938   3223.798   8835.109    10.9420   3.395112     1.0806     0.0061     0.1600     0.0085     1.0806     1.5558     18.418    30.0048    22.8987    1.03473    1.47873     45.177    6.38794    9.12900  0.000e+00
        658     18.708     27.133   3224.177   8837.925    10.9475   3.397546     1.0794     0.0073     0.1624     0.0085     1.0794     1.5971     18.551    30.0241    22.9128    1.03175    1.47448     45.046    6.38639    9.12679  0.000e+00
