unitTesting/processed_seabird_noalign/ORCA1_CAST0050.cnv
* Sea-Bird SBE 19 Data File:
* FileName =
* Software Version 4.234
* Temperature SN = 2835
* Conductivity SN = 2835
* System UpLoad Time = Mon Jan 31 12:12:59 2005

** Ship: ORCA
** Cruise: Mooring
** Station: Twanoh
** Latitude: 47 22.5
** Longitude: 123 0.5
# nquan = 22
# nvalues = 862                                   
# units = specified
# name 0 = scan: Scan Count
# name 1 = prSM: Pressure, Strain Gauge [db]
# name 2 = prSE: Pressure, Strain Gauge [psi]
# name 3 = f0: Frequency 0
# name 4 = f1: Frequency 1
# name 5 = t090C: Temperature [ITS-90, deg C]
# name 6 = c0S/m: Conductivity [S/m]
# name 7 = v0: Voltage 0
# name 8 = v1: Voltage 1
# name 9 = v2: Voltage 2
# name 10 = v3: Voltage 3
# name 11 = sbeox0V: Oxygen raw, SBE 43 [V]
# name 12 = wetStar: Fluorescence, WET Labs WETstar [mg/m^3]
# name 13 = depSM: Depth [salt water, m], lat = 47.28
# name 14 = sal00: Salinity, Practical [PSU]
# name 15 = sigma-t00: Density [sigma-t, Kg/m^3 ]
# name 16 = sbeox0ML/L: Oxygen, SBE 43 [ml/l]
# name 17 = sbeox0Mg/L: Oxygen, SBE 43 [mg/l]
# name 18 = sbeox0Mm/Kg: Oxygen, SBE 43 [umol/Kg]
# name 19 = oxsatML/L: Oxygen Saturation, Weiss [ml/l]
# name 20 = oxsatMg/L: Oxygen Saturation, Weiss [mg/l]
# name 21 = flag:  0.000e+00
# span 0 =          1,        862                 
# span 1 =      0.906,     29.716                 
# span 2 =      1.315,     43.100                 
# span 3 =   3159.511,   3225.453                 
# span 4 =   8220.766,   8893.973                 
# span 5 =    10.0012,    10.9661                 
# span 6 =   2.882805,   3.446166                 
# span 7 =     0.0000,     2.2930                 
# span 8 =     0.0000,     0.0073                 
# span 9 =     0.0000,     0.2405                 
# span 10 =     0.0000,     0.0098                
# span 11 =     0.0000,     2.2930                
# span 12 =    -1.1506,     2.9193                
# span 13 =      0.899,     29.467                
# span 14 =    25.6840,    30.4979                
# span 15 =    19.6850,    23.2814                
# span 16 =   -1.39792,    3.92789                
# span 17 =   -1.99777,    5.61335                
# span 18 =    -61.020,    172.030                
# span 19 =    6.36703,    6.69950                
# span 20 =    9.09912,    9.57426                
# span 21 = 0.0000e+00, 0.0000e+00                
# interval = seconds: 0.5
# start_time = Jan 31 2016 20:27:41 [DatCnv date, localtime]
# bad_flag = -9.990e-29
*END*
[from data line 264]
        265     19.021     27.587   3224.677   8874.498    10.9548   3.429234     1.1941     0.0073     0.1429     0.0085     1.1941     1.2666     18.862    30.3287    23.1483    1.28777    1.84036     56.211    6.37313    9.10784  0.000e+00
        266     19.021     27.587   3224.614   8874.498    10.9539   3.429234     1.1941     0.0061     0.1404     0.0085     1.1941     1.2253     18.862    30.3294    23.1491    1.28779    1.84038     56.212    6.37322    9.10797  0.000e+00
        267     19.021     27.587   3224.740   8874.498    10.9557   3.429234     1.1954     0.0073     0.1416     0.0098     1.1954     1.2459     18.862    30.3279    23.1476    1.29050    1.84426     56.330    6.37303    9.10770  0.000e+00
        268     19.066     27.652   3224.677   8874.498    10.9548   3.429234     1.1941     0.0073     0.1404     0.0085     1.1941     1.2253     18.906    30.3287    23.1483    1.28778    1.84037     56.211    6.37313    9.10784  0.000e+00
        269     19.021     27.587   3224.741   8874.312    10.9557   3.429072     1.1941     0.0073     0.1392     0.0085     1.1941     1.2046     18.862    30.3263    23.1463    1.28777    1.84035     56.211    6.37309    9.10779  0.000e+00
        270     19.021     27.587   3224.678   8874.312    10.9548   3.429072     1.1954     0.0073     0.1416     0.0098     1.1954     1.2459     18.862    30.3271    23.1471    1.29053    1.84430     56.331    6.37319    9.10792  0.000e+00
        271     19.066     27.652   3224.678   8874.499    10.9548   3.429234     1.1941     0.0061     0.1416     0.0085     1.1941     1.2459     18.906    30.3286    23.1483    1.28778    1.84037     56.211    6.37313    9.10783  0.000e+00
        272     19.021     27.587   3224.678   8874.499    10.9548   3.429234     1.1954     0.0073     0.1429     0.0085     1.1954     1.2666     18.862    30.3287    23.1483    1.29052    1.84428     56.331    6.37312    9.10783  0.000e+00
        273     19.021     27.587   3224.678   8874.312    10.9548   3.429072     1.1941     0.0061     0.1404     0.0085     1.1941     1.2253     18.862    30.3271    23.1471    1.28779    1.84038     56.211    6.37319    9.10792  0.000e+00
        274     19.066     27.652   3224.615   8874.312    10.9539   3.429072     1.1941     0.0073     0.1392     0.0085     1.1941     1.2046     18.906    30.3278    23.1478    1.28781    1.84041     56.212    6.37329    9.10806  0.000e+00
        275     19.021     27.587   3224.679   8874.499    10.9548   3.429235     1.1929     0.0061     0.1416     0.0085     1.1929     1.2459     18.862    30.3287    23.1483    1.28503    1.83643     56.091    6.37312    9.10783  0.000e+00
        276     19.021     27.587   3224.679   8874.312    10.9548   3.429072     1.1929     0.0073     0.1404     0.0085     1.1929     1.2253     18.862    30.3271    23.1471    1.28504    1.83645     56.092    6.37319    9.10792  0.000e+00
        277     19.066     27.652   3224.616   8874.499    10.9539   3.429235     1.1929     0.0061     0.1416     0.0085     1.1929     1.2459     18.906    30.3294    23.1490    1.28505    1.83647     56.092    6.37322    9.10797  0.000e+00
        278     19.021     27.587   3224.616   8874.312    10.9539   3.429072     1.1941     0.0061     0.1404     0.0085     1.1941     1.2253     18.862    30.3278    23.1478    1.28780    1.84040     56.212    6.37328    9.10806  0.000e+00
        279     19.021     27.587   3224.616   8874.312    10.9539   3.429072     1.1941     0.0073     0.1392     0.0085     1.1941     1.2046     18.862    30.3278    23.1478    1.28780    1.84040     56.212    6.37328    9.10806  0.000e+00
        280     19.021     27.587   3224.616   8874.499    10.9539   3.429235     1.1941     0.0061     0.1392     0.0085     1.1941     1.2046     18.862    30.3294    23.1490    1.28779    1.84038     56.211    6.37322    9.10797  0.000e+00
        281     19.066     27.652   3224.680   8874.312    10.9548   3.429072     1.1941     0.0073     0.1416     0.0085     1.1941     1.2459     18.906    30.3270    23.1470    1.28779    1.84039     56.212    6.37319    9.10792  0.000e+00
        282     19.021     27.587   3224.680   8874.499    10.9548   3.429235     1.1929     0.0061     0.1404     0.0085     1.1929     1.2253     18.862    30.3286    23.1483    1.28503    1.83643     56.091    6.37312    9.10783  0.000e+00
        283     19.066     27.652   3224.617   8874.499    10.9539   3.429235     1.1941     0.0073     0.1404     0.0085     1.1941     1.2253     18.906    30.3294    23.1490    1.28780    1.84039     56.212    6.37322    9.10797  0.000e+00
        284     19.066     27.652   3224.617   8874.499    10.9539   3.429235     1.1941     0.0061     0.1392     0.0085     1.1941     1.2046     18.906    30.3294    23.1490    1.28780    1.84039     56.212    6.37322    9.10797  0.000e+00
        285     19.021     27.587   3224.680   8874.312    10.9549   3.429072     1.1954     0.0073     0.1416     0.0085     1.1954     1.2459     18.862    30.3270    23.1470    1.29053    1.84430     56.331    6.37318    9.10792  0.000e+00
        286     19.021     27.587   3224.617   8874.499    10.9539   3.429235     1.1941     0.0073     0.1429     0.0085     1.1941     1.2666     18.862    30.3294    23.1490    1.28779    1.84038     56.211    6.37322    9.10797  0.000e+00
        287     19.021     27.587   3224.681   8874.499    10.9549   3.429235     1.1941     0.0061     0.1404     0.0085     1.1941     1.2253     18.862    30.3286    23.1483    1.28777    1.84036     56.211    6.37312    9.10783  0.000e+00
        288     19.021     27.587   3224.681   8874.873    10.9549   3.429559     1.1929     0.0061     0.1429     0.0085     1.1929     1.2666     18.862    30.3318    23.1507    1.28500    1.83639     56.090    6.37299    9.10764  0.000e+00
        289     19.021     27.587   3224.681   8874.499    10.9549   3.429235     1.1929     0.0073     0.1392     0.0085     1.1929     1.2046     18.862    30.3286    23.1483    1.28503    1.83643     56.091    6.37312    9.10783  0.000e+00
        290     18.931     27.458   3224.681   8874.312    10.9549   3.429072     1.1929     0.0073     0.1392     0.0085     1.1929     1.2046     18.773    30.3271    23.1471    1.28502    1.83643     56.091    6.37318    9.10791  0.000e+00
        291     18.797     27.263   3224.681   8874.125    10.9549   3.428910     1.1929     0.0061     0.1404     0.0085     1.1929     1.2253     18.640    30.3255    23.1459    1.28501    1.83641     56.090    6.37324    9.10800  0.000e+00
        292     18.663     27.068   3224.618   8873.751    10.9540   3.428586     1.1929     0.0073     0.1404     0.0085     1.1929     1.2253     18.507    30.3232    23.1442    1.28503    1.83644     56.091    6.37347    9.10832  0.000e+00
        293     18.573     26.938   3224.555   8873.751    10.9530   3.428586     1.1929     0.0073     0.1392     0.0085     1.1929     1.2046     18.418    30.3239    23.1449    1.28503    1.83644     56.091    6.37356    9.10846  0.000e+00
        294     18.439     26.744   3224.619   8873.751    10.9540   3.428586     1.1929     0.0073     0.1465     0.0085     1.1929     1.3286     18.285    30.3232    23.1442    1.28499    1.83638     56.090    6.37346    9.10831  0.000e+00
        295     18.350     26.614   3224.493   8873.751    10.9521   3.428586     1.1929     0.0073     0.1404     0.0098     1.1929     1.2253     18.196    30.3248    23.1458    1.28501    1.83641     56.090    6.37365    9.10859  0.000e+00
        296     18.215     26.419   3224.619   8873.378    10.9540   3.428261     1.1929     0.0061     0.1404     0.0085     1.1929     1.2253     18.063    30.3201    23.1418    1.28498    1.83636     56.089    6.37359    9.10849  0.000e+00
        297     18.126     26.289   3224.619   8873.378    10.9540   3.428261     1.1941     0.0073     0.1404     0.0085     1.1941     1.2253     17.974    30.3202    23.1418    1.28771    1.84027     56.208    6.37358    9.10849  0.000e+00
        298     17.992     26.095   3224.683   8873.378    10.9549   3.428261     1.1941     0.0073     0.1392     0.0085     1.1941     1.2046     17.841    30.3195    23.1411    1.28767    1.84021     56.207    6.37348    9.10835  0.000e+00
        299     17.902     25.965   3224.683   8873.378    10.9549   3.428261     1.1941     0.0073     0.1416     0.0085     1.1941     1.2459     17.752    30.3195    23.1412    1.28765    1.84018     56.206    6.37348    9.10834  0.000e+00
        300     17.813     25.835   3224.746   8873.191    10.9558   3.428099     1.1941     0.0073     0.1392     0.0085     1.1941     1.2046     17.664    30.3172    23.1392    1.28763    1.84015     56.205    6.37345    9.10829  0.000e+00
        301     17.634     25.576   3224.747   8873.004    10.9558   3.427936     1.1929     0.0061     0.1404     0.0085     1.1929     1.2253     17.486    30.3157    23.1380    1.28487    1.83620     56.084    6.37351    9.10838  0.000e+00
        302     17.455     25.316   3224.684   8872.817    10.9549   3.427774     1.1929     0.0073     0.1392     0.0085     1.1929     1.2046     17.309    30.3149    23.1376    1.28487    1.83620     56.084    6.37367    9.10861  0.000e+00
        303     17.410     25.251   3224.810   8872.817    10.9567   3.427774     1.1941     0.0061     0.1380     0.0085     1.1941     1.1839     17.264    30.3134    23.1361    1.28757    1.84006     56.202    6.37347    9.10833  0.000e+00
        304     17.231     24.992   3224.747   8872.443    10.9558   3.427450     1.1941     0.0073     0.1429     0.0098     1.1941     1.2666     17.087    30.3110    23.1344    1.28758    1.84008     56.203    6.37369    9.10865  0.000e+00
        305     17.186     24.927   3224.621   8871.696    10.9540   3.426801     1.1941     0.0061     0.1404     0.0085     1.1941     1.2253     17.043    30.3062    23.1310    1.28766    1.84019     56.207    6.37414    9.10929  0.000e+00
        306     17.052     24.732   3224.621   8871.509    10.9540   3.426638     1.1941     0.0073     0.1404     0.0085     1.1941     1.2253     16.910    30.3047    23.1298    1.28765    1.84018     56.206    6.37420    9.10938  0.000e+00
        307     16.918     24.537   3224.621   8871.509    10.9540   3.426638     1.1929     0.0061     0.1392     0.0085     1.1929     1.2046     16.776    30.3047    23.1298    1.28488    1.83622     56.085    6.37420    9.10937  0.000e+00
        308     16.829     24.408   3224.685   8871.696    10.9549   3.426800     1.1929     0.0073     0.1392     0.0085     1.1929     1.2046     16.688    30.3056    23.1303    1.28483    1.83615     56.083    6.37404    9.10914  0.000e+00
        309     16.739     24.278   3224.558   8871.135    10.9531   3.426314     1.1929     0.0073     0.1404     0.0085     1.1929     1.2253     16.599    30.3024    23.1281    1.28489    1.83624     56.086    6.37442    9.10969  0.000e+00
        310     16.515     23.953   3224.622   8870.574    10.9540   3.425827     1.1917     0.0073     0.1392     0.0085     1.1917     1.2046     16.377    30.2969    23.1238    1.28213    1.83229     55.966    6.37451    9.10982  0.000e+00
        311     16.426     23.824   3224.496   8870.387    10.9522   3.425665     1.1917     0.0061     0.1392     0.0085     1.1917     1.2046     16.288    30.2969    23.1240    1.28216    1.83233     55.967    6.37477    9.11019  0.000e+00
        312     16.381     23.759   3224.559   8870.200    10.9531   3.425502     1.1905     0.0073     0.1404     0.0085     1.1905     1.2253     16.244    30.2945    23.1221    1.27940    1.82839     55.847    6.37474    9.11014  0.000e+00
        313     16.381     23.759   3224.622   8870.200    10.9540   3.425502     1.1917     0.0073     0.1404     0.0085     1.1917     1.2253     16.244    30.2938    23.1213    1.28213    1.83229     55.966    6.37464    9.11000  0.000e+00
        314     16.247     23.564   3224.559   8870.200    10.9531   3.425502     1.1905     0.0061     0.1404     0.0085     1.1905     1.2253     16.111    30.2946    23.1221    1.27938    1.82836     55.846    6.37473    9.11013  0.000e+00
        315     16.157     23.434   3224.559   8869.639    10.9531   3.425016     1.1905     0.0073     0.1392     0.0085     1.1905     1.2046     16.022    30.2898    23.1184    1.27940    1.82839     55.847    6.37492    9.11040  0.000e+00
        316     16.068     23.305   3224.686   8869.639    10.9549   3.425016     1.1905     0.0073     0.1404     0.0085     1.1905     1.2253     15.934    30.2884    23.1170    1.27935    1.82832     55.845    6.37473    9.11012  0.000e+00
        317     15.978     23.175   3224.623   8869.265    10.9540   3.424691     1.1893     0.0073     0.1404     0.0085     1.1893     1.2253     15.845    30.2860    23.1152    1.27663    1.82443     55.726    6.37495    9.11044  0.000e+00
        318     15.889     23.045   3224.623   8869.078    10.9540   3.424529     1.1893     0.0073     0.1429     0.0085     1.1893     1.2666     15.756    30.2844    23.1140    1.27663    1.82443     55.726    6.37501    9.11053  0.000e+00
        319     15.800     22.915   3224.750   8869.452    10.9559   3.424853     1.1893     0.0073     0.1392     0.0085     1.1893     1.2046     15.667    30.2861    23.1150    1.27655    1.82432     55.723    6.37469    9.11007  0.000e+00
        320     15.665     22.721   3224.687   8868.891    10.9549   3.424366     1.1893     0.0073     0.1429     0.0085     1.1893     1.2666     15.534    30.2822    23.1121    1.27658    1.82436     55.724    6.37498    9.11048  0.000e+00
        321     15.531     22.526   3224.687   8868.143    10.9550   3.423717     1.1880     0.0073     0.1404     0.0085     1.1880     1.2253     15.401    30.2758    23.1072    1.27387    1.82048     55.606    6.37523    9.11084  0.000e+00
        322     15.442     22.396   3224.750   8868.330    10.9559   3.423880     1.1868     0.0061     0.1392     0.0085     1.1868     1.2046     15.313    30.2767    23.1077    1.27107    1.81649     55.484    6.37507    9.11061  0.000e+00
        323     15.352     22.266   3224.751   8868.330    10.9559   3.423880     1.1868     0.0073     0.1416     0.0085     1.1868     1.2459     15.224    30.2767    23.1078    1.27106    1.81647     55.483    6.37507    9.11061  0.000e+00
        324     15.263     22.137   3224.751   8867.582    10.9559   3.423231     1.1844     0.0061     0.1404     0.0085     1.1844     1.2253     15.135    30.2704    23.1028    1.26560    1.80867     55.245    6.37532    9.11097  0.000e+00
        325     15.173     22.007   3224.814   8867.769    10.9568   3.423393     1.1844     0.0073     0.1441     0.0085     1.1844     1.2872     15.046    30.2713    23.1033    1.26556    1.80861     55.243    6.37516    9.11074  0.000e+00
        326     15.039     21.812   3224.878   8867.769    10.9577   3.423393     1.1819     0.0061     0.1404     0.0085     1.1819     1.2253     14.913    30.2706    23.1026    1.26002    1.80070     55.002    6.37506    9.11059  0.000e+00
        327     14.950     21.683   3224.815   8867.769    10.9568   3.423393     1.1819     0.0073     0.1404     0.0085     1.1819     1.2253     14.825    30.2714    23.1034    1.26003    1.80070     55.002    6.37515    9.11073  0.000e+00
        328     14.815     21.488   3224.815   8867.208    10.9568   3.422906     1.1795     0.0061     0.1404     0.0085     1.1795     1.2253     14.691    30.2666    23.0997    1.25455    1.79288     54.763    6.37534    9.11100  0.000e+00
        329     14.636     21.228   3224.815   8867.395    10.9568   3.423068     1.1783     0.0061     0.1429     0.0085     1.1783     1.2666     14.514    30.2683    23.1010    1.25176    1.78889     54.641    6.37527    9.11091  0.000e+00
