unitTesting/processed_seabird_noalign/ORCA1_CAST0038.cnv
* Sea-Bird SBE 19 Data File:
* FileName =
* Software Version 4.234
* Temperature SN = 2835
* Conductivity SN = 2835
* System UpLoad Time = Fri Jan 28 12:07:02 2005

** Ship: ORCA
** Cruise: Mooring
** Station: Twanoh
** Latitude: 47 22.5
** Longitude: 123 0.5
# nquan = 22
# nvalues = 916                                   
# units = specified
# name 0 = scan: Scan Count
# name 1 = prSM: Pressure, Strain Gauge [db]
# name 2 = prSE: Pressure, Strain Gauge [psi]
# name 3 = f0: Frequency 0
# name 4 = f1: Frequency 1
# name 5 = t090C: Temperature [ITS-90, deg C]
# name 6 = c0S/m: Conductivity [S/m]
# name 7 = v0: Voltage 0
# name 8 = v1: Voltage 1
# name 9 = v2: Voltage 2
# name 10 = v3: Voltage 3
# name 11 = sbeox0V: Oxygen raw, SBE 43 [V]
# name 12 = wetStar: Fluorescence, WET Labs WETstar [mg/m^3]
# name 13 = depSM: Depth [salt water, m], lat = 47.28
# name 14 = sal00: Salinity, Practical [PSU]
# name 15 = sigma-t00: Density [sigma-t, Kg/m^3 ]
# name 16 = sbeox0ML/L: Oxygen, SBE 43 [ml/l]
# name 17 = sbeox0Mg/L: Oxygen, SBE 43 [mg/l]
# name 18 = sbeox0Mm/Kg: Oxygen, SBE 43 [umol/Kg]
# name 19 = oxsatML/L: Oxygen Saturation, Weiss [ml/l]
# name 20 = oxsatMg/L: Oxygen Saturation, Weiss [mg/l]
# name 21 = flag:  0.000e+00
# span 0 =          1,        916                 
# span 1 =      0.951,     29.716                 
# span 2 =      1.380,     43.100                 
# span 3 =   3134.977,   3233.163                 
# span 4 =   7715.957,   8899.936                 
# span 5 =     9.6386,    11.0780                 
# span 6 =   2.489807,   3.451355                 
# span 7 =     0.0000,     2.6557                 
# span 8 =     0.0000,     0.0073                 
# span 9 =     0.0000,     0.3150                 
# span 10 =     0.0000,     0.0098                
# span 11 =     0.0000,     2.6557                
# span 12 =    -1.1506,     4.1795                
# span 13 =      0.943,     29.467                
# span 14 =    22.0975,    30.4765                
# span 15 =    16.9499,    23.2498                
# span 16 =   -1.39672,    4.86033                
# span 17 =   -1.99605,    6.94589                
# span 18 =    -60.977,    213.437                
# span 19 =    6.35634,    6.91379                
# span 20 =    9.08384,    9.88050                
# span 21 = 0.0000e+00, 0.0000e+00                
# interval = seconds: 0.5
# start_time = Jan 31 2016 20:27:30 [DatCnv date, localtime]
# bad_flag = -9.990e-29
*END*
[from data line 264]
        265     18.976     27.522   3231.119   8872.013    11.0483   3.427075     1.0256     0.0073     0.1368     0.0085     1.0256     1.1633     18.817    30.2305    23.0559    0.90767    1.29715     39.623    6.36408    9.09491  0.000e+00
        266     18.976     27.522   3231.246   8871.826    11.0502   3.426914     1.0256     0.0073     0.1368     0.0085     1.0256     1.1633     18.817    30.2274    23.0532    0.90766    1.29713     39.622    6.36395    9.09473  0.000e+00
        267     18.976     27.522   3231.182   8872.014    11.0492   3.427076     1.0269     0.0073     0.1355     0.0085     1.0269     1.1426     18.817    30.2297    23.0552    0.91040    1.30106     39.742    6.36399    9.09477  0.000e+00
        268     18.976     27.522   3231.246   8871.827    11.0502   3.426915     1.0256     0.0073     0.1368     0.0085     1.0256     1.1633     18.817    30.2274    23.0532    0.90766    1.29713     39.622    6.36395    9.09473  0.000e+00
        269     18.976     27.522   3231.182   8872.202    11.0492   3.427240     1.0256     0.0073     0.1355     0.0085     1.0256     1.1426     18.817    30.2313    23.0564    0.90765    1.29712     39.622    6.36392    9.09468  0.000e+00
        270     18.976     27.522   3231.246   8871.829    11.0502   3.426916     1.0256     0.0073     0.1355     0.0085     1.0256     1.1426     18.817    30.2274    23.0532    0.90766    1.29713     39.622    6.36395    9.09473  0.000e+00
        271     18.976     27.522   3231.246   8872.203    11.0502   3.427241     1.0244     0.0073     0.1368     0.0085     1.0244     1.1633     18.817    30.2306    23.0557    0.90490    1.29319     39.502    6.36383    9.09454  0.000e+00
        272     18.931     27.458   3231.246   8872.017    11.0502   3.427079     1.0232     0.0061     0.1368     0.0085     1.0232     1.1633     18.773    30.2290    23.0545    0.90216    1.28927     39.382    6.36389    9.09463  0.000e+00
        273     18.931     27.458   3231.246   8872.204    11.0502   3.427241     1.0244     0.0073     0.1368     0.0085     1.0244     1.1633     18.773    30.2306    23.0557    0.90489    1.29318     39.502    6.36382    9.09454  0.000e+00
        274     18.976     27.522   3231.182   8872.018    11.0492   3.427080     1.0232     0.0061     0.1368     0.0085     1.0232     1.1633     18.817    30.2298    23.0552    0.90217    1.28930     39.383    6.36399    9.09477  0.000e+00
        275     18.976     27.522   3231.246   8872.205    11.0502   3.427242     1.0244     0.0073     0.1355     0.0085     1.0244     1.1426     18.817    30.2306    23.0557    0.90490    1.29319     39.502    6.36382    9.09454  0.000e+00
        276     18.976     27.522   3231.182   8872.019    11.0492   3.427081     1.0232     0.0061     0.1343     0.0085     1.0232     1.1220     18.817    30.2298    23.0552    0.90217    1.28930     39.383    6.36399    9.09477  0.000e+00
        277     18.976     27.522   3231.246   8871.832    11.0502   3.426919     1.0244     0.0073     0.1368     0.0085     1.0244     1.1633     18.817    30.2274    23.0533    0.90491    1.29321     39.503    6.36395    9.09472  0.000e+00
        278     18.931     27.458   3231.182   8872.020    11.0493   3.427082     1.0244     0.0073     0.1355     0.0085     1.0244     1.1426     18.773    30.2298    23.0553    0.90491    1.29321     39.503    6.36398    9.09477  0.000e+00
        279     18.976     27.522   3231.183   8872.020    11.0493   3.427082     1.0232     0.0073     0.1380     0.0085     1.0232     1.1839     18.817    30.2298    23.0552    0.90217    1.28930     39.383    6.36398    9.09477  0.000e+00
        280     18.976     27.522   3231.246   8872.208    11.0502   3.427245     1.0244     0.0061     0.1380     0.0085     1.0244     1.1839     18.817    30.2306    23.0557    0.90490    1.29319     39.502    6.36382    9.09454  0.000e+00
        281     18.976     27.522   3231.183   8872.022    11.0493   3.427083     1.0244     0.0073     0.1368     0.0085     1.0244     1.1633     18.817    30.2298    23.0552    0.90492    1.29322     39.503    6.36398    9.09477  0.000e+00
        282     18.976     27.522   3231.246   8871.835    11.0502   3.426921     1.0244     0.0073     0.1355     0.0085     1.0244     1.1426     18.817    30.2275    23.0533    0.90491    1.29321     39.503    6.36395    9.09472  0.000e+00
        283     18.976     27.522   3231.183   8872.023    11.0493   3.427084     1.0244     0.0073     0.1355     0.0085     1.0244     1.1426     18.817    30.2298    23.0553    0.90492    1.29322     39.503    6.36398    9.09477  0.000e+00
        284     18.976     27.522   3231.183   8872.210    11.0493   3.427247     1.0244     0.0073     0.1355     0.0085     1.0244     1.1426     18.817    30.2314    23.0565    0.90491    1.29320     39.502    6.36392    9.09468  0.000e+00
        285     18.976     27.522   3231.183   8871.837    11.0493   3.426923     1.0232     0.0073     0.1355     0.0085     1.0232     1.1426     18.817    30.2282    23.0540    0.90218    1.28931     39.384    6.36405    9.09486  0.000e+00
        286     18.976     27.522   3231.119   8872.024    11.0483   3.427086     1.0244     0.0073     0.1355     0.0085     1.0244     1.1426     18.817    30.2306    23.0560    0.90493    1.29323     39.503    6.36408    9.09491  0.000e+00
        287     18.976     27.522   3231.246   8872.212    11.0502   3.427248     1.0244     0.0073     0.1355     0.0085     1.0244     1.1426     18.817    30.2307    23.0558    0.90490    1.29319     39.502    6.36382    9.09454  0.000e+00
        288     18.976     27.522   3231.119   8877.818    11.0483   3.432116     1.0244     0.0073     0.1368     0.0085     1.0244     1.1633     18.817    30.2798    23.0943    0.90465    1.29283     39.490    6.36211    9.09209  0.000e+00
        289     18.931     27.458   3231.056   8871.839    11.0474   3.426925     1.0244     0.0073     0.1368     0.0085     1.0244     1.1633     18.773    30.2298    23.0555    0.90495    1.29326     39.504    6.36424    9.09513  0.000e+00
        290     18.842     27.328   3231.246   8872.027    11.0502   3.427087     1.0256     0.0073     0.1368     0.0085     1.0256     1.1633     18.684    30.2291    23.0546    0.90763    1.29709     39.621    6.36388    9.09463  0.000e+00
        291     18.708     27.133   3231.183   8872.027    11.0493   3.427088     1.0244     0.0073     0.1380     0.0085     1.0244     1.1839     18.551    30.2299    23.0554    0.90488    1.29317     39.501    6.36398    9.09476  0.000e+00
        292     18.663     27.068   3231.183   8872.402    11.0493   3.427413     1.0256     0.0073     0.1343     0.0085     1.0256     1.1220     18.507    30.2331    23.0578    0.90760    1.29705     39.620    6.36385    9.09458  0.000e+00
        293     18.529     26.873   3231.120   8872.028    11.0483   3.427089     1.0244     0.0073     0.1380     0.0085     1.0244     1.1839     18.374    30.2308    23.0562    0.90487    1.29315     39.501    6.36407    9.09489  0.000e+00
        294     18.394     26.679   3231.120   8872.216    11.0483   3.427251     1.0244     0.0073     0.1416     0.0085     1.0244     1.2459     18.240    30.2324    23.0574    0.90485    1.29312     39.500    6.36401    9.09480  0.000e+00
        295     18.350     26.614   3231.246   8872.029    11.0502   3.427090     1.0256     0.0073     0.1368     0.0085     1.0256     1.1633     18.196    30.2294    23.0547    0.90757    1.29701     39.619    6.36387    9.09461  0.000e+00
        296     18.215     26.419   3231.183   8872.030    11.0493   3.427090     1.0256     0.0073     0.1355     0.0085     1.0256     1.1426     18.063    30.2302    23.0555    0.90756    1.29700     39.618    6.36397    9.09475  0.000e+00
        297     18.126     26.289   3231.183   8872.217    11.0493   3.427253     1.0256     0.0073     0.1355     0.0085     1.0256     1.1426     17.974    30.2318    23.0568    0.90754    1.29697     39.617    6.36390    9.09465  0.000e+00
        298     18.036     26.160   3231.120   8871.844    11.0483   3.426929     1.0256     0.0073     0.1368     0.0085     1.0256     1.1633     17.886    30.2294    23.0551    0.90756    1.29700     39.618    6.36413    9.09497  0.000e+00
        299     17.947     26.030   3231.246   8872.032    11.0502   3.427091     1.0256     0.0073     0.1368     0.0085     1.0256     1.1633     17.797    30.2295    23.0549    0.90752    1.29693     39.616    6.36387    9.09460  0.000e+00
        300     17.813     25.835   3231.120   8872.032    11.0483   3.427092     1.0256     0.0073     0.1380     0.0085     1.0256     1.1839     17.664    30.2311    23.0564    0.90753    1.29695     39.617    6.36406    9.09488  0.000e+00
        301     17.723     25.705   3231.120   8871.846    11.0483   3.426930     1.0256     0.0073     0.1355     0.0085     1.0256     1.1426     17.575    30.2295    23.0552    0.90752    1.29694     39.617    6.36412    9.09496  0.000e+00
        302     17.544     25.446   3231.120   8871.846    11.0483   3.426931     1.0244     0.0073     0.1368     0.0085     1.0244     1.1633     17.398    30.2296    23.0553    0.90476    1.29299     39.496    6.36412    9.09496  0.000e+00
        303     17.455     25.316   3231.056   8871.660    11.0474   3.426769     1.0244     0.0061     0.1404     0.0085     1.0244     1.2253     17.309    30.2288    23.0548    0.90477    1.29301     39.496    6.36428    9.09519  0.000e+00
        304     17.321     25.121   3231.120   8871.474    11.0483   3.426607     1.0244     0.0073     0.1392     0.0085     1.0244     1.2046     17.176    30.2265    23.0529    0.90475    1.29298     39.496    6.36424    9.09514  0.000e+00
        305     17.321     25.121   3231.309   8871.661    11.0511   3.426770     1.0244     0.0061     0.1392     0.0085     1.0244     1.2046     17.176    30.2259    23.0519    0.90470    1.29291     39.494    6.36389    9.09463  0.000e+00
        306     17.231     24.992   3231.120   8870.914    11.0483   3.426121     1.0244     0.0073     0.1368     0.0085     1.0244     1.1633     17.087    30.2218    23.0492    0.90477    1.29300     39.496    6.36443    9.09541  0.000e+00
        307     17.142     24.862   3230.930   8870.727    11.0456   3.425959     1.0256     0.0061     0.1368     0.0085     1.0256     1.1633     16.998    30.2225    23.0502    0.90754    1.29697     39.618    6.36478    9.09591  0.000e+00
        308     17.052     24.732   3230.867   8870.728    11.0447   3.425960     1.0256     0.0073     0.1368     0.0085     1.0256     1.1633     16.910    30.2233    23.0510    0.90755    1.29697     39.618    6.36488    9.09605  0.000e+00
        309     16.963     24.602   3230.867   8870.729    11.0447   3.425960     1.0256     0.0061     0.1355     0.0085     1.0256     1.1426     16.821    30.2234    23.0510    0.90753    1.29696     39.617    6.36488    9.09605  0.000e+00
        310     16.829     24.408   3230.867   8870.355    11.0447   3.425636     1.0256     0.0073     0.1355     0.0085     1.0256     1.1426     16.688    30.2203    23.0486    0.90754    1.29696     39.617    6.36500    9.09622  0.000e+00
        311     16.784     24.343   3230.930   8870.543    11.0456   3.425799     1.0269     0.0073     0.1355     0.0085     1.0269     1.1426     16.643    30.2211    23.0491    0.91025    1.30084     39.736    6.36484    9.09599  0.000e+00
        312     16.739     24.278   3230.867   8870.543    11.0447   3.425799     1.0256     0.0073     0.1368     0.0085     1.0256     1.1633     16.599    30.2219    23.0499    0.90752    1.29693     39.616    6.36494    9.09613  0.000e+00
        313     16.650     24.148   3230.867   8870.544    11.0447   3.425800     1.0256     0.0073     0.1355     0.0085     1.0256     1.1426     16.510    30.2219    23.0499    0.90750    1.29691     39.616    6.36493    9.09613  0.000e+00
        314     16.515     23.953   3230.804   8870.357    11.0438   3.425638     1.0256     0.0061     0.1355     0.0085     1.0256     1.1426     16.377    30.2212    23.0495    0.90751    1.29692     39.616    6.36509    9.09635  0.000e+00
        315     16.426     23.824   3230.867   8870.545    11.0447   3.425801     1.0269     0.0073     0.1368     0.0085     1.0269     1.1633     16.288    30.2220    23.0500    0.91022    1.30079     39.734    6.36493    9.09612  0.000e+00
        316     16.336     23.694   3230.804   8870.172    11.0438   3.425477     1.0244     0.0073     0.1368     0.0085     1.0244     1.1633     16.200    30.2196    23.0483    0.90475    1.29298     39.496    6.36515    9.09644  0.000e+00
        317     16.202     23.499   3230.677   8869.050    11.0419   3.424504     1.0269     0.0073     0.1380     0.0085     1.0269     1.1839     16.067    30.2117    23.0424    0.91030    1.30091     39.738    6.36573    9.09726  0.000e+00
        318     16.157     23.434   3230.425   8868.864    11.0383   3.424342     1.0256     0.0073     0.1380     0.0085     1.0256     1.1839     16.022    30.2131    23.0442    0.90761    1.29707     39.621    6.36618    9.09790  0.000e+00
        319     16.023     23.240   3230.298   8867.929    11.0364   3.423531     1.0269     0.0073     0.1368     0.0085     1.0269     1.1633     15.889    30.2068    23.0395    0.91041    1.30107     39.743    6.36669    9.09863  0.000e+00
        320     15.978     23.175   3230.298   8867.743    11.0364   3.423369     1.0269     0.0073     0.1368     0.0085     1.0269     1.1633     15.845    30.2052    23.0383    0.91041    1.30107     39.743    6.36675    9.09872  0.000e+00
        321     15.889     23.045   3230.235   8867.930    11.0355   3.423532     1.0269     0.0073     0.1368     0.0085     1.0269     1.1633     15.756    30.2076    23.0403    0.91040    1.30106     39.743    6.36678    9.09877  0.000e+00
        322     15.800     22.915   3230.172   8867.183    11.0346   3.422883     1.0269     0.0073     0.1380     0.0085     1.0269     1.1839     15.667    30.2020    23.0362    0.91044    1.30111     39.745    6.36713    9.09927  0.000e+00
        323     15.710     22.786   3230.045   8866.622    11.0328   3.422397     1.0281     0.0073     0.1368     0.0085     1.0281     1.1633     15.579    30.1988    23.0340    0.91323    1.30509     39.866    6.36752    9.09982  0.000e+00
        324     15.576     22.591   3230.109   8866.810    11.0337   3.422560     1.0269     0.0073     0.1368     0.0085     1.0269     1.1633     15.446    30.1997    23.0345    0.91045    1.30112     39.745    6.36735    9.09958  0.000e+00
        325     15.486     22.461   3229.982   8866.249    11.0318   3.422074     1.0269     0.0061     0.1380     0.0085     1.0269     1.1839     15.357    30.1965    23.0323    0.91049    1.30118     39.747    6.36774    9.10013  0.000e+00
        326     15.397     22.331   3229.919   8865.502    11.0309   3.421425     1.0281     0.0073     0.1380     0.0085     1.0281     1.1839     15.268    30.1909    23.0282    0.91327    1.30515     39.868    6.36809    9.10063  0.000e+00
        327     15.307     22.202   3229.729   8864.567    11.0282   3.420614     1.0269     0.0073     0.1416     0.0085     1.0269     1.2459     15.179    30.1853    23.0243    0.91060    1.30133     39.752    6.36870    9.10150  0.000e+00
        328     15.173     22.007   3229.729   8864.380    11.0282   3.420452     1.0269     0.0073     0.1368     0.0085     1.0269     1.1633     15.046    30.1838    23.0231    0.91059    1.30132     39.752    6.36876    9.10159  0.000e+00
        329     15.084     21.877   3229.540   8864.568    11.0254   3.420615     1.0281     0.0073     0.1355     0.0085     1.0281     1.1426     14.958    30.1876    23.0266    0.91335    1.30527     39.872    6.36898    9.10191  0.000e+00
