unitTesting/processed_seabird_noalign/ORCA1_CAST0047.cnv
* Sea-Bird SBE 19 Data File:
* FileName =
* Software Version 4.234
* Temperature SN = 2835
* Conductivity SN = 2835
* System UpLoad Time = Sun Jan 30 18:11:03 2005

** Ship: ORCA
** Cruise: Mooring
** Station: Twanoh
** Latitude: 47 22.5
** Longitude: 123 0.5
# nquan = 22
# nvalues = 836                                   
# units = specified
# name 0 = scan: Scan Count
# name 1 = prSM: Pressure, Strain Gauge [db]
# name 2 = prSE: Pressure, Strain Gauge [psi]
# name 3 = f0: Frequency 0
# name 4 = f1: Frequency 1
# name 5 = t090C: Temperature [ITS-90, deg C]
# name 6 = c0S/m: Conductivity [S/m]
# name 7 = v0: Voltage 0
# name 8 = v1: Voltage 1
# name 9 = v2: Voltage 2
# name 10 = v3: Voltage 3
# name 11 = sbeox0V: Oxygen raw, SBE 43 [V]
# name 12 = wetStar: Fluorescence, WET Labs WETstar [mg/m^3]
# name 13 = depSM: Depth [salt water, m], lat = 47.28
# name 14 = sal00: Salinity, Practical [PSU]
# name 15 = sigma-t00: Density [sigma-t, Kg/m^3 ]
# name 16 = sbeox0ML/L: Oxygen, SBE 43 [ml/l]
# name 17 = sbeox0Mg/L: Oxygen, SBE 43 [mg/l]
# name 18 = sbeox0Mm/Kg: Oxygen, SBE 43 [umol/Kg]
# name 19 = oxsatML/L: Oxygen Saturation, Weiss [ml/l]
# name 20 = oxsatMg/L: Oxygen Saturation, Weiss [mg/l]
# name 21 = flag:  0.000e+00
# span 0 =          1,        836                 
# span 1 =      0.996,     29.627                 
# span 2 =      1.444,     42.970                 
# span 3 =   3100.838,   3228.676                 
# span 4 =   7326.305,   8893.259                 
# span 5 =     9.1307,    11.0129                 
# span 6 =   2.203705,   3.445544                 
# span 7 =     0.0000,     2.9219                 
# span 8 =     0.0000,     0.0073                 
# span 9 =     0.0000,     0.3358                 
# span 10 =     0.0000,     0.0098                
# span 11 =     0.0000,     2.9219                
# span 12 =    -1.1506,     4.5308                
# span 13 =      0.988,     29.378                
# span 14 =    19.6075,    30.4798                
# span 15 =    15.0783,    23.2649                
# span 16 =   -1.40156,    5.69480                
# span 17 =   -2.00297,    8.13844                
# span 18 =    -61.193,    250.541                
# span 19 =    6.36277,    7.10661                
# span 20 =    9.09303,   10.15606                
# span 21 = 0.0000e+00, 0.0000e+00                
# interval = seconds: 0.5
# start_time = Jan 31 2016 20:27:38 [DatCnv date, localtime]
# bad_flag = -9.990e-29
*END*
[from data line 725]
        726     29.269     42.451   3225.060   8891.832    10.9604   3.444302     1.2711     0.0073     0.1368     0.0085     1.2711     1.1633     29.023    30.4678    23.2555    1.46133    2.08839     63.780    6.36676    9.09874  0.000e+00
        727     29.224     42.386   3225.060   8891.770    10.9604   3.444248     1.2723     0.0073     0.1368     0.0073     1.2723     1.1633     28.979    30.4673    23.2551    1.46408    2.09231     63.900    6.36678    9.09877  0.000e+00
        728     29.045     42.126   3224.997   8891.583    10.9595   3.444086     1.2735     0.0073     0.1380     0.0098     1.2735     1.1839     28.801    30.4665    23.2547    1.46682    2.09624     64.020    6.36694    9.09900  0.000e+00
        729     28.911     41.931   3225.123   8891.583    10.9613   3.444086     1.2723     0.0061     0.1355     0.0085     1.2723     1.1426     28.668    30.4650    23.2532    1.46401    2.09222     63.897    6.36675    9.09872  0.000e+00
        730     28.821     41.802   3225.123   8891.583    10.9613   3.444086     1.2735     0.0073     0.1368     0.0085     1.2735     1.1633     28.579    30.4651    23.2533    1.46674    2.09611     64.016    6.36675    9.09872  0.000e+00
        731     28.732     41.672   3225.123   8891.583    10.9613   3.444086     1.2735     0.0061     0.1355     0.0085     1.2735     1.1426     28.490    30.4651    23.2533    1.46672    2.09609     64.015    6.36674    9.09871  0.000e+00
        732     28.642     41.542   3225.060   8891.583    10.9604   3.444086     1.2735     0.0073     0.1368     0.0085     1.2735     1.1633     28.402    30.4659    23.2541    1.46672    2.09609     64.015    6.36684    9.09885  0.000e+00
        733     28.553     41.412   3225.060   8891.397    10.9604   3.443924     1.2735     0.0073     0.1380     0.0085     1.2735     1.1839     28.313    30.4644    23.2529    1.46672    2.09609     64.015    6.36690    9.09894  0.000e+00
        734     28.463     41.282   3225.060   8891.397    10.9604   3.443924     1.2723     0.0061     0.1355     0.0085     1.2723     1.1426     28.224    30.4644    23.2529    1.46395    2.09214     63.894    6.36690    9.09894  0.000e+00
        735     28.374     41.152   3225.186   8891.397    10.9622   3.443924     1.2711     0.0073     0.1368     0.0085     1.2711     1.1633     28.135    30.4629    23.2514    1.46115    2.08813     63.772    6.36671    9.09866  0.000e+00
        736     28.329     41.087   3225.060   8891.397    10.9604   3.443924     1.2723     0.0073     0.1368     0.0085     1.2723     1.1633     28.091    30.4644    23.2529    1.46393    2.09210     63.893    6.36690    9.09893  0.000e+00
        737     28.239     40.958   3224.997   8891.397    10.9595   3.443923     1.2711     0.0073     0.1368     0.0085     1.2711     1.1633     28.002    30.4652    23.2537    1.46118    2.08818     63.773    6.36699    9.09907  0.000e+00
        738     28.150     40.828   3224.997   8891.397    10.9595   3.443923     1.2723     0.0073     0.1368     0.0085     1.2723     1.1633     27.913    30.4653    23.2537    1.46391    2.09208     63.893    6.36699    9.09907  0.000e+00
        739     28.060     40.698   3225.060   8890.837    10.9604   3.443437     1.2711     0.0073     0.1380     0.0085     1.2711     1.1839     27.825    30.4598    23.2493    1.46117    2.08816     63.773    6.36709    9.09920  0.000e+00
        740     27.971     40.568   3225.186   8890.837    10.9622   3.443437     1.2723     0.0073     0.1368     0.0085     1.2723     1.1633     27.736    30.4583    23.2478    1.46386    2.09200     63.891    6.36689    9.09892  0.000e+00
        741     27.881     40.438   3225.123   8891.024    10.9613   3.443599     1.2711     0.0073     0.1368     0.0085     1.2711     1.1633     27.647    30.4607    23.2498    1.46110    2.08806     63.770    6.36692    9.09897  0.000e+00
        742     27.792     40.308   3225.123   8891.024    10.9613   3.443599     1.2723     0.0073     0.1368     0.0085     1.2723     1.1633     27.558    30.4607    23.2499    1.46383    2.09196     63.889    6.36692    9.09897  0.000e+00
        743     27.702     40.179   3225.123   8890.837    10.9613   3.443437     1.2723     0.0073     0.1368     0.0085     1.2723     1.1633     27.470    30.4592    23.2487    1.46382    2.09195     63.889    6.36698    9.09906  0.000e+00
        744     27.613     40.049   3225.123   8890.651    10.9613   3.443274     1.2723     0.0061     0.1355     0.0085     1.2723     1.1426     27.381    30.4576    23.2474    1.46382    2.09195     63.889    6.36705    9.09914  0.000e+00
        745     27.568     39.984   3225.186   8890.651    10.9622   3.443274     1.2723     0.0073     0.1380     0.0085     1.2723     1.1839     27.337    30.4569    23.2467    1.46379    2.09190     63.888    6.36695    9.09901  0.000e+00
        746     27.478     39.854   3225.186   8890.651    10.9622   3.443274     1.2711     0.0061     0.1380     0.0085     1.2711     1.1839     27.248    30.4569    23.2467    1.46103    2.08795     63.767    6.36695    9.09900  0.000e+00
        747     27.344     39.659   3225.123   8890.651    10.9613   3.443274     1.2723     0.0073     0.1380     0.0085     1.2723     1.1839     27.115    30.4577    23.2475    1.46377    2.09187     63.887    6.36704    9.09914  0.000e+00
        748     27.299     39.594   3225.186   8890.464    10.9622   3.443112     1.2735     0.0061     0.1355     0.0085     1.2735     1.1426     27.070    30.4554    23.2456    1.46650    2.09577     64.006    6.36701    9.09909  0.000e+00
        749     27.165     39.400   3225.186   8890.464    10.9622   3.443112     1.2723     0.0073     0.1355     0.0085     1.2723     1.1426     26.937    30.4554    23.2456    1.46373    2.09181     63.885    6.36701    9.09909  0.000e+00
        750     27.076     39.270   3225.250   8890.278    10.9631   3.442949     1.2735     0.0073     0.1355     0.0085     1.2735     1.1426     26.848    30.4531    23.2436    1.46645    2.09570     64.004    6.36697    9.09904  0.000e+00
        751     27.031     39.205   3225.313   8890.464    10.9640   3.443112     1.2723     0.0061     0.1368     0.0085     1.2723     1.1633     26.804    30.4540    23.2441    1.46366    2.09171     63.882    6.36681    9.09881  0.000e+00
        752     26.941     39.075   3225.250   8890.464    10.9631   3.443112     1.2723     0.0073     0.1368     0.0085     1.2723     1.1633     26.715    30.4548    23.2449    1.46366    2.09172     63.882    6.36691    9.09894  0.000e+00
        753     26.852     38.945   3225.186   8890.278    10.9622   3.442949     1.2723     0.0073     0.1355     0.0085     1.2723     1.1426     26.627    30.4540    23.2445    1.46368    2.09174     63.883    6.36706    9.09917  0.000e+00
        754     26.762     38.815   3225.313   8889.905    10.9640   3.442625     1.2723     0.0073     0.1355     0.0085     1.2723     1.1426     26.538    30.4493    23.2405    1.46365    2.09170     63.882    6.36700    9.09908  0.000e+00
        755     26.718     38.751   3225.313   8889.905    10.9640   3.442625     1.2723     0.0073     0.1368     0.0085     1.2723     1.1633     26.493    30.4493    23.2405    1.46364    2.09169     63.881    6.36700    9.09907  0.000e+00
        756     26.583     38.556   3225.376   8889.905    10.9650   3.442625     1.2711     0.0073     0.1368     0.0085     1.2711     1.1633     26.360    30.4486    23.2398    1.46085    2.08769     63.760    6.36690    9.09893  0.000e+00
        757     26.494     38.426   3225.250   8890.091    10.9631   3.442787     1.2723     0.0073     0.1368     0.0085     1.2723     1.1633     26.272    30.4517    23.2426    1.46360    2.09163     63.880    6.36703    9.09912  0.000e+00
        758     26.404     38.296   3225.313   8890.091    10.9640   3.442787     1.2711     0.0073     0.1368     0.0085     1.2711     1.1633     26.183    30.4510    23.2419    1.46081    2.08765     63.758    6.36693    9.09898  0.000e+00
        759     26.315     38.166   3225.313   8889.905    10.9640   3.442625     1.2711     0.0061     0.1368     0.0085     1.2711     1.1633     26.094    30.4495    23.2406    1.46081    2.08765     63.758    6.36699    9.09907  0.000e+00
        760     26.270     38.101   3225.313   8889.905    10.9640   3.442625     1.2698     0.0073     0.1380     0.0098     1.2698     1.1839     26.050    30.4495    23.2407    1.45806    2.08371     63.638    6.36699    9.09906  0.000e+00
        761     26.091     37.842   3225.313   8889.905    10.9640   3.442625     1.2698     0.0061     0.1355     0.0085     1.2698     1.1426     25.872    30.4496    23.2407    1.45802    2.08366     63.636    6.36699    9.09906  0.000e+00
        762     26.001     37.712   3225.313   8889.905    10.9640   3.442625     1.2698     0.0073     0.1355     0.0085     1.2698     1.1426     25.783    30.4496    23.2407    1.45800    2.08363     63.635    6.36698    9.09906  0.000e+00
        763     25.957     37.647   3225.313   8889.718    10.9640   3.442462     1.2698     0.0073     0.1355     0.0085     1.2698     1.1426     25.739    30.4480    23.2395    1.45801    2.08364     63.636    6.36705    9.09915  0.000e+00
        764     25.867     37.517   3225.376   8889.718    10.9650   3.442462     1.2711     0.0073     0.1355     0.0085     1.2711     1.1426     25.650    30.4473    23.2388    1.46072    2.08751     63.754    6.36695    9.09901  0.000e+00
        765     25.733     37.322   3225.439   8889.531    10.9659   3.442300     1.2698     0.0073     0.1368     0.0085     1.2698     1.1633     25.517    30.4450    23.2368    1.45794    2.08354     63.633    6.36691    9.09896  0.000e+00
        766     25.643     37.193   3225.439   8889.531    10.9659   3.442300     1.2698     0.0073     0.1355     0.0085     1.2698     1.1426     25.428    30.4450    23.2369    1.45792    2.08351     63.632    6.36691    9.09896  0.000e+00
        767     25.554     37.063   3225.503   8889.531    10.9668   3.442300     1.2686     0.0073     0.1368     0.0085     1.2686     1.1633     25.340    30.4443    23.2362    1.45514    2.07953     63.511    6.36681    9.09882  0.000e+00
        768     25.464     36.933   3225.503   8889.531    10.9668   3.442300     1.2674     0.0061     0.1368     0.0085     1.2674     1.1633     25.251    30.4443    23.2362    1.45237    2.07559     63.390    6.36681    9.09881  0.000e+00
        769     25.375     36.803   3225.629   8889.531    10.9686   3.442300     1.2674     0.0073     0.1380     0.0085     1.2674     1.1839     25.162    30.4428    23.2347    1.45231    2.07550     63.388    6.36662    9.09853  0.000e+00
        770     25.285     36.673   3225.692   8889.531    10.9696   3.442300     1.2662     0.0073     0.1355     0.0085     1.2662     1.1426     25.073    30.4421    23.2340    1.44953    2.07152     63.266    6.36652    9.09839  0.000e+00
        771     25.196     36.544   3225.819   8889.531    10.9714   3.442300     1.2637     0.0073     0.1368     0.0085     1.2637     1.1633     24.985    30.4406    23.2325    1.44398    2.06359     63.024    6.36632    9.09811  0.000e+00
        772     25.106     36.414   3225.945   8889.718    10.9732   3.442462     1.2637     0.0073     0.1355     0.0085     1.2637     1.1426     24.896    30.4407    23.2323    1.44391    2.06349     63.021    6.36607    9.09774  0.000e+00
        773     25.017     36.284   3226.071   8889.718    10.9751   3.442462     1.2625     0.0073     0.1368     0.0085     1.2625     1.1633     24.807    30.4393    23.2308    1.44111    2.05949     62.899    6.36587    9.09747  0.000e+00
        774     24.883     36.089   3226.135   8889.718    10.9760   3.442462     1.2613     0.0061     0.1355     0.0085     1.2613     1.1426     24.674    30.4385    23.2301    1.43831    2.05550     62.777    6.36577    9.09732  0.000e+00
        775     24.838     36.024   3226.135   8889.718    10.9760   3.442462     1.2613     0.0073     0.1368     0.0085     1.2613     1.1633     24.630    30.4386    23.2301    1.43831    2.05548     62.776    6.36577    9.09732  0.000e+00
        776     24.704     35.830   3226.261   8889.718    10.9778   3.442462     1.2613     0.0061     0.1368     0.0085     1.2613     1.1633     24.496    30.4371    23.2287    1.43824    2.05539     62.774    6.36557    9.09704  0.000e+00
        777     24.614     35.700   3226.388   8889.905    10.9797   3.442624     1.2601     0.0073     0.1368     0.0085     1.2601     1.1633     24.408    30.4372    23.2284    1.43542    2.05136     62.651    6.36532    9.09667  0.000e+00
        778     24.569     35.635   3226.324   8889.718    10.9787   3.442462     1.2589     0.0061     0.1368     0.0085     1.2589     1.1633     24.363    30.4364    23.2280    1.43270    2.04748     62.532    6.36548    9.09690  0.000e+00
        779     24.435     35.440   3226.514   8889.531    10.9815   3.442299     1.2576     0.0073     0.1368     0.0085     1.2576     1.1633     24.230    30.4326    23.2245    1.42989    2.04345     62.409    6.36525    9.09657  0.000e+00
        780     24.346     35.310   3226.514   8889.718    10.9815   3.442462     1.2564     0.0073     0.1368     0.0085     1.2564     1.1633     24.142    30.4342    23.2258    1.42711    2.03948     62.288    6.36518    9.09648  0.000e+00
        781     24.256     35.181   3226.514   8889.718    10.9815   3.442462     1.2552     0.0073     0.1368     0.0085     1.2552     1.1633     24.053    30.4342    23.2258    1.42435    2.03554     62.167    6.36518    9.09648  0.000e+00
        782     24.167     35.051   3226.514   8889.345    10.9815   3.442137     1.2527     0.0073     0.1368     0.0085     1.2527     1.1633     23.964    30.4311    23.2234    1.41887    2.02771     61.929    6.36531    9.09666  0.000e+00
        783     24.077     34.921   3226.514   8889.531    10.9815   3.442299     1.2515     0.0061     0.1368     0.0085     1.2515     1.1633     23.875    30.4327    23.2246    1.41609    2.02374     61.807    6.36524    9.09657  0.000e+00
        784     23.988     34.791   3226.577   8889.158    10.9824   3.441975     1.2491     0.0073     0.1392     0.0085     1.2491     1.2046     23.787    30.4288    23.2214    1.41060    2.01588     61.568    6.36527    9.09661  0.000e+00
        785     23.898     34.661   3226.640   8888.972    10.9833   3.441812     1.2479     0.0073     0.1380     0.0098     1.2479     1.1839     23.698    30.4265    23.2195    1.40783    2.01193     61.447    6.36524    9.09656  0.000e+00
        786     23.809     34.531   3226.830   8889.158    10.9861   3.441975     1.2430     0.0073     0.1404     0.0085     1.2430     1.2253     23.609    30.4258    23.2185    1.39676    1.99611     60.964    6.36488    9.09605  0.000e+00
        787     23.719     34.402   3226.767   8889.158    10.9852   3.441975     1.2430     0.0061     0.1380     0.0085     1.2430     1.1839     23.520    30.4266    23.2193    1.39676    1.99612     60.964    6.36498    9.09619  0.000e+00
        788     23.630     34.272   3226.704   8888.972    10.9842   3.441812     1.2393     0.0073     0.1368     0.0085     1.2393     1.1633     23.432    30.4258    23.2188    1.38855    1.98437     60.605    6.36513    9.09641  0.000e+00
        789     23.540     34.142   3226.830   8888.599    10.9861   3.441488     1.2369     0.0061     0.1355     0.0085     1.2369     1.1426     23.343    30.4212    23.2149    1.38303    1.97649     60.365    6.36507    9.09632  0.000e+00
        790     23.451     34.012   3226.830   8888.412    10.9861   3.441325     1.2357     0.0073     0.1368     0.0085     1.2357     1.1633     23.254    30.4196    23.2137    1.38028    1.97257     60.245    6.36513    9.09641  0.000e+00
