unitTesting/processed_seabird_noalign/ORCA1_CAST0015.cnv
* Sea-Bird SBE 19 Data File:
* FileName =
* Software Version 4.234
* Temperature SN = 2835
* Conductivity SN = 2835
* System UpLoad Time = Sat Jan 22 17:54:41 2005

** Ship: ORCA
** Cruise: Mooring
** Station: Twanoh
** Latitude: 47 22.5
** Longitude: 123 0.5
# nquan = 22
# nvalues = 913                                   
# units = specified
# name 0 = scan: Scan Count
# name 1 = prSM: Pressure, Strain Gauge [db]
# name 2 = prSE: Pressure, Strain Gauge [psi]
# name 3 = f0: Frequency 0
# name 4 = f1: Frequency 1
# name 5 = t090C: Temperature [ITS-90, deg C]
# name 6 = c0S/m: Conductivity [S/m]
# name 7 = v0: Voltage 0
# name 8 = v1: Voltage 1
# name 9 = v2: Voltage 2
# name 10 = v3: Voltage 3
# name 11 = sbeox0V: Oxygen raw, SBE 43 [V]
# name 12 = wetStar: Fluorescence, WET Labs WETstar [mg/m^3]
# name 13 = depSM: Depth [salt water, m], lat = 47.28
# name 14 = sal00: Salinity, Practical [PSU]
# name 15 = sigma-t00: Density [sigma-t, Kg/m^3 ]
# name 16 = sbeox0ML/L: Oxygen, SBE 43 [ml/l]
# name 17 = sbeox0Mg/L: Oxygen, SBE 43 [mg/l]
# name 18 = sbeox0Mm/Kg: Oxygen, SBE 43 [umol/Kg]
# name 19 = oxsatML/L: Oxygen Saturation, Weiss [ml/l]
# name 20 = oxsatMg/L: Oxygen Saturation, Weiss [mg/l]
# name 21 = flag:  0.000e+00
# span 0 =          1,        913                 
# span 1 =      1.085,     29.672                 
# span 2 =      1.574,     43.035                 
# span 3 =   3064.339,   3232.838                 
# span 4 =   7072.476,   8909.669                 
# span 5 =     8.5833,    11.0733                 
# span 6 =   2.025406,   3.459835                 
# span 7 =     0.0000,     3.1343                 
# span 8 =     0.0000,     0.0073                 
# span 9 =     0.0000,     0.4359                 
# span 10 =     0.0000,     0.0098                
# span 11 =     0.0000,     3.1343                
# span 12 =    -1.1506,     6.2248                
# span 13 =      1.076,     29.422                
# span 14 =    17.9688,    30.5336                
# span 15 =    13.8225,    23.2888                
# span 16 =   -1.39495,    6.16960                
# span 17 =   -1.99352,    8.81698                
# span 18 =    -60.891,    271.740                
# span 19 =    6.34973,    7.21348                
# span 20 =    9.07439,   10.30879                
# span 21 = 0.0000e+00, 0.0000e+00                
# interval = seconds: 0.5
# start_time = Jan 31 2016 20:27:11 [DatCnv date, localtime]
# bad_flag = -9.990e-29
*END*
[from data line 593]
        594     11.774     17.076   3230.818   8875.526    11.0440   3.430123     1.2027     0.0073     0.1355     0.0085     1.2027     1.1426     11.675    30.2668    23.0849    1.30385    1.86334     56.916    6.36323    9.09370  0.000e+00
        595     11.952     17.336   3230.818   8875.148    11.0440   3.429795     1.2002     0.0061     0.1355     0.0085     1.2002     1.1426     11.853    30.2635    23.0823    1.29843    1.85559     56.680    6.36337    9.09389  0.000e+00
        596     12.087     17.530   3230.944   8875.892    11.0458   3.430441     1.1990     0.0073     0.1331     0.0098     1.1990     1.1013     11.986    30.2682    23.0857    1.29563    1.85158     56.557    6.36292    9.09325  0.000e+00
        597     12.176     17.660   3230.565   8875.141    11.0403   3.429789     1.1954     0.0061     0.1355     0.0085     1.1954     1.1426     12.074    30.2664    23.0852    1.28759    1.84009     56.206    6.36376    9.09445  0.000e+00
        598     12.266     17.790   3230.249   8875.511    11.0357   3.430111     1.1941     0.0073     0.1331     0.0085     1.1941     1.1013     12.163    30.2732    23.0913    1.28493    1.83629     56.090    6.36412    9.09496  0.000e+00
        599     12.400     17.984   3229.932   8875.321    11.0311   3.429945     1.1917     0.0073     0.1331     0.0085     1.1917     1.1013     12.296    30.2753    23.0938    1.27957    1.82864     55.856    6.36467    9.09575  0.000e+00
        600     12.534     18.179   3229.932   8876.438    11.0311   3.430916     1.1905     0.0073     0.1343     0.0085     1.1905     1.1220     12.429    30.2848    23.1011    1.27678    1.82465     55.734    6.36429    9.09521  0.000e+00
        601     12.623     18.309   3230.122   8876.808    11.0339   3.431237     1.1880     0.0073     0.1331     0.0085     1.1880     1.1013     12.518    30.2856    23.1013    1.27124    1.81673     55.492    6.36388    9.09462  0.000e+00
        602     12.758     18.503   3230.248   8877.178    11.0357   3.431559     1.1880     0.0073     0.1319     0.0085     1.1880     1.0806     12.651    30.2872    23.1022    1.27120    1.81667     55.490    6.36356    9.09416  0.000e+00
        603     12.847     18.633   3230.437   8877.549    11.0384   3.431880     1.1856     0.0073     0.1355     0.0085     1.1856     1.1426     12.740    30.2881    23.1024    1.26566    1.80875     55.248    6.36315    9.09357  0.000e+00
        604     12.981     18.828   3230.374   8877.919    11.0375   3.432202     1.1844     0.0073     0.1343     0.0098     1.1844     1.1220     12.873    30.2919    23.1056    1.26294    1.80486     55.129    6.36312    9.09353  0.000e+00
        605     13.071     18.958   3230.290   8878.104    11.0363   3.432363     1.1819     0.0073     0.1368     0.0085     1.1819     1.1633     12.962    30.2945    23.1077    1.25748    1.79707     54.891    6.36319    9.09363  0.000e+00
        606     13.250     19.217   3230.205   8878.290    11.0351   3.432524     1.1832     0.0073     0.1343     0.0085     1.1832     1.1220     13.139    30.2970    23.1099    1.26026    1.80104     55.012    6.36325    9.09373  0.000e+00
        607     13.339     19.347   3230.121   8878.476    11.0338   3.432686     1.1844     0.0073     0.1343     0.0085     1.1844     1.1220     13.228    30.2995    23.1121    1.26303    1.80500     55.133    6.36332    9.09382  0.000e+00
        608     13.429     19.477   3230.184   8879.223    11.0348   3.433335     1.1856     0.0073     0.1319     0.0085     1.1856     1.0806     13.316    30.3051    23.1163    1.26572    1.80884     55.250    6.36297    9.09332  0.000e+00
        609     13.518     19.606   3230.374   8879.597    11.0375   3.433660     1.1893     0.0073     0.1380     0.0098     1.1893     1.1839     13.405    30.3060    23.1165    1.27387    1.82049     55.606    6.36256    9.09273  0.000e+00
        610     13.608     19.736   3230.437   8880.158    11.0384   3.434147     1.1905     0.0061     0.1331     0.0085     1.1905     1.1013     13.494    30.3100    23.1194    1.27657    1.82435     55.723    6.36227    9.09232  0.000e+00
        611     13.742     19.931   3230.563   8880.531    11.0403   3.434472     1.1929     0.0073     0.1319     0.0085     1.1929     1.0806     13.627    30.3116    23.1204    1.28201    1.83213     55.961    6.36195    9.09186  0.000e+00
        612     13.876     20.125   3230.690   8880.532    11.0421   3.434472     1.1954     0.0073     0.1343     0.0085     1.1954     1.1220     13.760    30.3100    23.1188    1.28748    1.83994     56.200    6.36176    9.09159  0.000e+00
        613     14.010     20.320   3230.690   8880.719    11.0421   3.434634     1.1978     0.0061     0.1331     0.0085     1.1978     1.1013     13.893    30.3115    23.1200    1.29297    1.84778     56.439    6.36170    9.09150  0.000e+00
        614     14.100     20.450   3230.753   8880.906    11.0430   3.434797     1.1990     0.0073     0.1343     0.0085     1.1990     1.1220     13.982    30.3123    23.1205    1.29569    1.85168     56.558    6.36154    9.09127  0.000e+00
        615     14.234     20.644   3230.690   8880.906    11.0421   3.434797     1.2015     0.0073     0.1490     0.0085     1.2015     1.3699     14.115    30.3131    23.1212    1.30122    1.85957     56.799    6.36164    9.09141  0.000e+00
        616     14.323     20.774   3230.690   8881.279    11.0421   3.435122     1.2051     0.0073     0.1319     0.0085     1.2051     1.0806     14.204    30.3162    23.1236    1.30942    1.87130     57.157    6.36151    9.09123  0.000e+00
        617     14.457     20.969   3230.690   8881.466    11.0421   3.435284     1.2088     0.0073     0.1319     0.0085     1.2088     1.0806     14.337    30.3177    23.1248    1.31765    1.88306     57.516    6.36145    9.09115  0.000e+00
        618     14.547     21.099   3230.816   8881.840    11.0439   3.435609     1.2112     0.0073     0.1343     0.0085     1.2112     1.1220     14.425    30.3194    23.1258    1.32308    1.89082     57.753    6.36113    9.09069  0.000e+00
        619     14.681     21.293   3230.753   8882.214    11.0430   3.435934     1.2149     0.0061     0.1355     0.0085     1.2149     1.1426     14.558    30.3232    23.1290    1.33132    1.90259     58.113    6.36110    9.09065  0.000e+00
        620     14.860     21.553   3230.879   8882.401    11.0449   3.436096     1.2161     0.0073     0.1331     0.0085     1.2161     1.1013     14.736    30.3232    23.1286    1.33404    1.90648     58.231    6.36085    9.09029  0.000e+00
        621     14.994     21.747   3230.753   8882.401    11.0430   3.436097     1.2173     0.0073     0.1331     0.0085     1.2173     1.1013     14.869    30.3247    23.1301    1.33684    1.91048     58.354    6.36104    9.09056  0.000e+00
        622     15.084     21.877   3230.690   8882.775    11.0421   3.436421     1.2198     0.0073     0.1343     0.0098     1.2198     1.1220     14.958    30.3286    23.1333    1.34233    1.91832     58.593    6.36101    9.09052  0.000e+00
        623     15.218     22.072   3230.690   8883.522    11.0421   3.437071     1.2198     0.0061     0.1331     0.0085     1.2198     1.1013     15.091    30.3349    23.1382    1.34230    1.91828     58.591    6.36076    9.09016  0.000e+00
        624     15.352     22.266   3230.753   8884.082    11.0430   3.437558     1.2210     0.0073     0.1319     0.0085     1.2210     1.0806     15.224    30.3389    23.1411    1.34501    1.92215     58.709    6.36047    9.08975  0.000e+00
        625     15.442     22.396   3230.942   8884.269    11.0458   3.437720     1.2247     0.0073     0.1343     0.0085     1.2247     1.1220     15.313    30.3382    23.1401    1.35317    1.93382     59.066    6.36012    9.08925  0.000e+00
        626     15.576     22.591   3230.942   8884.456    11.0458   3.437883     1.2259     0.0073     0.1306     0.0085     1.2259     1.0600     15.446    30.3397    23.1413    1.35592    1.93775     59.186    6.36006    9.08916  0.000e+00
        627     15.665     22.721   3231.006   8885.389    11.0467   3.438694     1.2247     0.0073     0.1331     0.0085     1.2247     1.1013     15.534    30.3468    23.1467    1.35311    1.93373     59.063    6.35965    9.08857  0.000e+00
        628     15.800     22.915   3231.006   8885.203    11.0467   3.438532     1.2271     0.0073     0.1343     0.0085     1.2271     1.1220     15.667    30.3452    23.1454    1.35863    1.94162     59.304    6.35971    9.08866  0.000e+00
        629     15.889     23.045   3231.069   8885.390    11.0476   3.438695     1.2283     0.0073     0.1306     0.0085     1.2283     1.0600     15.756    30.3460    23.1459    1.36135    1.94551     59.423    6.35955    9.08844  0.000e+00
        630     16.023     23.240   3231.258   8885.390    11.0504   3.438695     1.2295     0.0073     0.1319     0.0085     1.2295     1.0806     15.889    30.3437    23.1436    1.36406    1.94938     59.541    6.35927    9.08803  0.000e+00
        631     16.157     23.434   3231.195   8885.577    11.0494   3.438857     1.2308     0.0073     0.1331     0.0085     1.2308     1.1013     16.022    30.3460    23.1455    1.36683    1.95334     59.662    6.35930    9.08808  0.000e+00
        632     16.247     23.564   3231.132   8885.577    11.0485   3.438858     1.2332     0.0061     0.1319     0.0085     1.2332     1.0806     16.111    30.3467    23.1462    1.37234    1.96122     59.902    6.35940    9.08822  0.000e+00
        633     16.381     23.759   3231.132   8885.391    11.0485   3.438696     1.2344     0.0073     0.1306     0.0098     1.2344     1.0600     16.244    30.3451    23.1450    1.37512    1.96519     60.024    6.35946    9.08831  0.000e+00
        634     16.471     23.889   3231.132   8885.764    11.0485   3.439020     1.2369     0.0061     0.1306     0.0085     1.2369     1.0600     16.333    30.3482    23.1474    1.38059    1.97300     60.262    6.35934    9.08813  0.000e+00
        635     16.605     24.083   3231.132   8885.578    11.0485   3.438858     1.2369     0.0073     0.1319     0.0085     1.2369     1.0806     16.466    30.3466    23.1461    1.38063    1.97306     60.264    6.35940    9.08822  0.000e+00
        636     16.694     24.213   3231.195   8885.765    11.0494   3.439021     1.2381     0.0073     0.1306     0.0085     1.2381     1.0600     16.555    30.3474    23.1466    1.38335    1.97695     60.383    6.35924    9.08800  0.000e+00
        637     16.784     24.343   3231.132   8885.765    11.0485   3.439021     1.2405     0.0061     0.1306     0.0085     1.2405     1.0600     16.643    30.3481    23.1473    1.38887    1.98483     60.624    6.35934    9.08814  0.000e+00
        638     16.873     24.473   3231.195   8885.765    11.0494   3.439021     1.2405     0.0073     0.1306     0.0085     1.2405     1.0600     16.732    30.3473    23.1465    1.38887    1.98483     60.623    6.35925    9.08800  0.000e+00
        639     17.007     24.667   3231.132   8885.952    11.0485   3.439184     1.2430     0.0073     0.1355     0.0085     1.2430     1.1426     16.865    30.3496    23.1485    1.39438    1.99270     60.864    6.35928    9.08805  0.000e+00
        640     17.097     24.797   3231.132   8885.952    11.0485   3.439184     1.2430     0.0073     0.1306     0.0085     1.2430     1.0600     16.954    30.3496    23.1485    1.39439    1.99273     60.865    6.35928    9.08805  0.000e+00
        641     17.231     24.992   3231.195   8886.326    11.0494   3.439509     1.2454     0.0073     0.1319     0.0085     1.2454     1.0806     17.087    30.3519    23.1501    1.39985    2.00053     61.103    6.35906    9.08774  0.000e+00
        642     17.321     25.121   3231.195   8886.326    11.0494   3.439509     1.2454     0.0073     0.1319     0.0085     1.2454     1.0806     17.176    30.3519    23.1501    1.39987    2.00055     61.103    6.35906    9.08774  0.000e+00
        643     17.410     25.251   3231.258   8886.326    11.0504   3.439509     1.2454     0.0073     0.1319     0.0085     1.2454     1.0806     17.264    30.3511    23.1493    1.39986    2.00055     61.103    6.35897    9.08760  0.000e+00
        644     17.544     25.446   3231.258   8886.886    11.0504   3.439996     1.2479     0.0073     0.1306     0.0085     1.2479     1.0600     17.398    30.3558    23.1530    1.40533    2.00835     61.342    6.35878    9.08733  0.000e+00
        645     17.768     25.770   3231.258   8886.887    11.0504   3.439996     1.2466     0.0073     0.1306     0.0085     1.2466     1.0600     17.619    30.3557    23.1529    1.40263    2.00450     61.224    6.35878    9.08734  0.000e+00
        646     17.858     25.900   3231.195   8887.074    11.0494   3.440159     1.2491     0.0073     0.1306     0.0085     1.2491     1.0600     17.708    30.3580    23.1549    1.40813    2.01236     61.464    6.35882    9.08739  0.000e+00
        647     17.947     26.030   3231.258   8887.260    11.0503   3.440321     1.2503     0.0073     0.1319     0.0085     1.2503     1.0806     17.797    30.3588    23.1554    1.41086    2.01625     61.583    6.35866    9.08716  0.000e+00
        648     18.081     26.225   3231.258   8887.447    11.0503   3.440484     1.2515     0.0073     0.1306     0.0085     1.2515     1.0600     17.930    30.3604    23.1566    1.41361    2.02019     61.703    6.35860    9.08707  0.000e+00
        649     18.171     26.354   3231.258   8888.007    11.0503   3.440971     1.2515     0.0073     0.1319     0.0098     1.2515     1.0806     18.019    30.3651    23.1602    1.41358    2.02015     61.702    6.35841    9.08680  0.000e+00
        650     18.305     26.549   3231.258   8888.567    11.0503   3.441458     1.2527     0.0073     0.1306     0.0085     1.2527     1.0600     18.152    30.3698    23.1639    1.41631    2.02404     61.820    6.35822    9.08653  0.000e+00
        651     18.394     26.679   3231.321   8888.567    11.0513   3.441458     1.2527     0.0073     0.1306     0.0085     1.2527     1.0600     18.240    30.3690    23.1631    1.41630    2.02404     61.820    6.35812    9.08639  0.000e+00
        652     18.529     26.873   3231.385   8889.127    11.0522   3.441945     1.2540     0.0073     0.1306     0.0085     1.2540     1.0600     18.374    30.3730    23.1660    1.41901    2.02790     61.938    6.35784    9.08599  0.000e+00
        653     18.618     27.003   3231.385   8889.687    11.0522   3.442432     1.2527     0.0073     0.1306     0.0085     1.2527     1.0600     18.462    30.3777    23.1697    1.41624    2.02395     61.817    6.35765    9.08571  0.000e+00
        654     18.708     27.133   3231.448   8889.874    11.0531   3.442595     1.2540     0.0061     0.1306     0.0085     1.2540     1.0600     18.551    30.3785    23.1702    1.41897    2.02784     61.936    6.35749    9.08549  0.000e+00
        655     18.842     27.328   3231.448   8890.248    11.0531   3.442920     1.2552     0.0073     0.1306     0.0085     1.2552     1.0600     18.684    30.3816    23.1726    1.42170    2.03175     62.055    6.35736    9.08531  0.000e+00
        656     18.931     27.458   3231.511   8890.434    11.0540   3.443082     1.2540     0.0073     0.1294     0.0085     1.2540     1.0393     18.773    30.3824    23.1731    1.41895    2.02782     61.935    6.35720    9.08508  0.000e+00
        657     19.021     27.587   3231.574   8890.435    11.0549   3.443082     1.2564     0.0073     0.1306     0.0085     1.2564     1.0600     18.862    30.3816    23.1723    1.42442    2.03564     62.174    6.35711    9.08495  0.000e+00
        658     19.110     27.717   3231.574   8891.181    11.0549   3.443732     1.2564     0.0073     0.1306     0.0085     1.2564     1.0600     18.950    30.3880    23.1772    1.42438    2.03559     62.172    6.35686    9.08458  0.000e+00
