unitTesting/processed_seabird_noalign/ORCA1_CAST0002.cnv
* Sea-Bird SBE 19 Data File:
* FileName =
* Software Version 4.234
* Temperature SN = 2835
* Conductivity SN = 2835
* System UpLoad Time = Wed Jan 19 11:48:56 2005

** Ship: ORCA
** Cruise: Mooring
** Station: Twanoh
** Latitude: 47 22.5
** Longitude: 123 0.5
# nquan = 22
# nvalues = 911                                   
# units = specified
# name 0 = scan: Scan Count
# name 1 = prSM: Pressure, Strain Gauge [db]
# name 2 = prSE: Pressure, Strain Gauge [psi]
# name 3 = f0: Frequency 0
# name 4 = f1: Frequency 1
# name 5 = t090C: Temperature [ITS-90, deg C]
# name 6 = c0S/m: Conductivity [S/m]
# name 7 = v0: Voltage 0
# name 8 = v1: Voltage 1
# name 9 = v2: Voltage 2
# name 10 = v3: Voltage 3
# name 11 = sbeox0V: Oxygen raw, SBE 43 [V]
# name 12 = wetStar: Fluorescence, WET Labs WETstar [mg/m^3]
# name 13 = depSM: Depth [salt water, m], lat = 47.28
# name 14 = sal00: Salinity, Practical [PSU]
# name 15 = sigma-t00: Density [sigma-t, Kg/m^3 ]
# name 16 = sbeox0ML/L: Oxygen, SBE 43 [ml/l]
# name 17 = sbeox0Mg/L: Oxygen, SBE 43 [mg/l]
# name 18 = sbeox0Mm/Kg: Oxygen, SBE 43 [umol/Kg]
# name 19 = oxsatML/L: Oxygen Saturation, Weiss [ml/l]
# name 20 = oxsatMg/L: Oxygen Saturation, Weiss [mg/l]
# name 21 = flag:  0.000e+00
# span 0 =          1,        911                 
# span 1 =      0.996,     29.672                 
# span 2 =      1.444,     43.035                 
# span 3 =   3000.188,   3234.552                 
# span 4 =   7386.109,   8925.680                 
# span 5 =     7.6099,    11.0981                 
# span 6 =   2.246650,   3.473804                 
# span 7 =     0.0000,     3.0611                 
# span 8 =     0.0000,     0.0073                 
# span 9 =     0.0000,     0.5690                 
# span 10 =     0.0000,     0.0098                
# span 11 =     0.0000,     3.0611                
# span 12 =    -1.1506,     8.4767                
# span 13 =      0.988,     29.422                
# span 14 =    20.6960,    30.6715                
# span 15 =    16.0689,    23.3962                
# span 16 =   -1.39548,    6.20272                
# span 17 =   -1.99428,    8.86430                
# span 18 =    -60.917,    272.416                
# span 19 =    6.34439,    7.25824                
# span 20 =    9.06677,   10.37274                
# span 21 = 0.0000e+00, 0.0000e+00                
# interval = seconds: 0.5
# start_time = Jan 31 2016 20:26:59 [DatCnv date, localtime]
# bad_flag = -9.990e-29
*END*
[from data line 791]
        792     29.627     42.970   3231.818   8909.881    11.0585   3.460019     1.3687     0.0073     0.1282     0.0098     1.3687     1.0187     29.378    30.5403    23.2950    1.67704    2.39666     73.192    6.35027    9.07517  0.000e+00
        793     29.627     42.970   3232.007   8910.065    11.0612   3.460180     1.3687     0.0073     0.1282     0.0085     1.3687     1.0187     29.378    30.5396    23.2940    1.67696    2.39654     73.188    6.34992    9.07467  0.000e+00
        794     29.627     42.970   3231.943   8909.505    11.0603   3.459691     1.3687     0.0061     0.1282     0.0085     1.3687     1.0187     29.378    30.5356    23.2910    1.67703    2.39665     73.191    6.35021    9.07508  0.000e+00
        795     29.627     42.970   3232.006   8908.944    11.0612   3.459203     1.3675     0.0073     0.1306     0.0085     1.3675     1.0600     29.378    30.5300    23.2866    1.67432    2.39277     73.073    6.35030    9.07522  0.000e+00
        796     29.627     42.970   3232.322   8908.943    11.0658   3.459201     1.3675     0.0073     0.1282     0.0098     1.3675     1.0187     29.378    30.5262    23.2828    1.67420    2.39260     73.069    6.34982    9.07453  0.000e+00
        797     29.627     42.970   3232.132   8925.680    11.0630   3.473804     1.3675     0.0073     0.1282     0.0085     1.3675     1.0187     29.378    30.6715    23.3962    1.67276    2.39055     72.998    6.34439    9.06677  0.000e+00
        798     29.582     42.905   3231.183   8905.587    11.0493   3.456277     1.3712     0.0073     0.1294     0.0085     1.3712     1.0393     29.334    30.5113    23.2741    1.68314    2.40537     73.459    6.35270    9.07865  0.000e+00
        799     29.493     42.775   3231.625   8910.054    11.0557   3.460170     1.3651     0.0061     0.1270     0.0085     1.3651     0.9980     29.245    30.5441    23.2985    1.66885    2.38495     72.834    6.35050    9.07550  0.000e+00
        800     29.403     42.645   3231.688   8909.866    11.0566   3.460006     1.3663     0.0073     0.1282     0.0085     1.3663     1.0187     29.156    30.5418    23.2965    1.67156    2.38883     72.952    6.35047    9.07545  0.000e+00
        801     29.313     42.516   3231.814   8908.747    11.0584   3.459031     1.3663     0.0073     0.1306     0.0085     1.3663     1.0600     29.067    30.5308    23.2876    1.67159    2.38888     72.954    6.35066    9.07572  0.000e+00
        802     29.269     42.451   3231.814   8908.746    11.0584   3.459030     1.3675     0.0073     0.1343     0.0085     1.3675     1.1220     29.023    30.5308    23.2876    1.67432    2.39278     73.074    6.35066    9.07572  0.000e+00
        803     29.134     42.256   3231.877   8908.744    11.0593   3.459028     1.3663     0.0073     0.1319     0.0098     1.3663     1.0806     28.890    30.5301    23.2869    1.67153    2.38878     72.952    6.35056    9.07558  0.000e+00
        804     29.000     42.061   3231.940   8908.928    11.0602   3.459189     1.3651     0.0061     0.1282     0.0085     1.3651     1.0187     28.757    30.5309    23.2874    1.66872    2.38477     72.829    6.35040    9.07535  0.000e+00
        805     28.911     41.931   3232.129   8908.740    11.0630   3.459025     1.3639     0.0073     0.1306     0.0085     1.3639     1.0600     28.668    30.5271    23.2840    1.66591    2.38075     72.706    6.35017    9.07503  0.000e+00
        806     28.821     41.802   3232.255   8908.552    11.0648   3.458861     1.3639     0.0073     0.1331     0.0085     1.3639     1.1013     28.579    30.5240    23.2813    1.66586    2.38068     72.704    6.35004    9.07485  0.000e+00
        807     28.732     41.672   3232.002   8908.923    11.0611   3.459184     1.3639     0.0073     0.1282     0.0085     1.3639     1.0187     28.490    30.5303    23.2867    1.66590    2.38073     72.706    6.35030    9.07522  0.000e+00
        808     28.597     41.477   3231.875   8908.176    11.0593   3.458533     1.3639     0.0073     0.1306     0.0098     1.3639     1.0600     28.357    30.5255    23.2833    1.66598    2.38085     72.710    6.35075    9.07585  0.000e+00
        809     28.553     41.412   3232.001   8908.547    11.0611   3.458856     1.3639     0.0073     0.1282     0.0085     1.3639     1.0187     28.313    30.5271    23.2843    1.66589    2.38072     72.706    6.35043    9.07540  0.000e+00
        810     28.463     41.282   3232.000   8908.545    11.0611   3.458854     1.3651     0.0061     0.1282     0.0085     1.3651     1.0187     28.224    30.5272    23.2843    1.66861    2.38461     72.824    6.35043    9.07540  0.000e+00
        811     28.374     41.152   3232.000   8907.985    11.0611   3.458366     1.3639     0.0073     0.1294     0.0098     1.3639     1.0393     28.135    30.5224    23.2807    1.66590    2.38074     72.706    6.35062    9.07567  0.000e+00
        812     28.284     41.023   3231.936   8908.541    11.0602   3.458851     1.3651     0.0073     0.1294     0.0085     1.3651     1.0393     28.047    30.5280    23.2851    1.66859    2.38458     72.824    6.35052    9.07553  0.000e+00
        813     28.195     40.893   3231.936   8907.795    11.0602   3.458201     1.3663     0.0073     0.1294     0.0098     1.3663     1.0393     27.958    30.5216    23.2802    1.67138    2.38857     72.946    6.35078    9.07590  0.000e+00
        814     28.105     40.763   3232.062   8908.165    11.0620   3.458523     1.3663     0.0061     0.1282     0.0085     1.3663     1.0187     27.869    30.5233    23.2812    1.67128    2.38842     72.941    6.35046    9.07544  0.000e+00
        815     28.060     40.698   3231.999   8908.536    11.0611   3.458846     1.3675     0.0061     0.1282     0.0085     1.3675     1.0187     27.825    30.5273    23.2844    1.67400    2.39231     73.060    6.35043    9.07540  0.000e+00
        816     27.971     40.568   3232.061   8907.790    11.0620   3.458196     1.3675     0.0073     0.1270     0.0085     1.3675     0.9980     27.736    30.5202    23.2788    1.67402    2.39234     73.061    6.35059    9.07562  0.000e+00
        817     27.881     40.438   3231.871   8907.788    11.0592   3.458194     1.3687     0.0073     0.1294     0.0085     1.3687     1.0393     27.647    30.5225    23.2810    1.67681    2.39633     73.183    6.35087    9.07603  0.000e+00
        818     27.792     40.308   3232.061   8907.972    11.0620   3.458355     1.3687     0.0073     0.1294     0.0085     1.3687     1.0393     27.558    30.5218    23.2800    1.67670    2.39618     73.178    6.35052    9.07553  0.000e+00
        819     27.657     40.114   3232.060   8907.784    11.0620   3.458191     1.3675     0.0073     0.1270     0.0085     1.3675     0.9980     27.425    30.5203    23.2788    1.67395    2.39224     73.058    6.35058    9.07562  0.000e+00
        820     27.613     40.049   3232.123   8907.224    11.0629   3.457703     1.3687     0.0073     0.1270     0.0085     1.3687     0.9980     27.381    30.5147    23.2744    1.67671    2.39618     73.179    6.35068    9.07576  0.000e+00
        821     27.523     39.919   3231.933   8906.291    11.0601   3.456890     1.3687     0.0073     0.1294     0.0098     1.3687     1.0393     27.292    30.5091    23.2705    1.67684    2.39637     73.185    6.35129    9.07662  0.000e+00
        822     27.434     39.789   3232.312   8907.034    11.0656   3.457537     1.3675     0.0061     0.1270     0.0085     1.3675     0.9980     27.203    30.5109    23.2709    1.67387    2.39213     73.055    6.35045    9.07543  0.000e+00
        823     27.344     39.659   3232.248   8907.405    11.0647   3.457860     1.3700     0.0073     0.1294     0.0098     1.3700     1.0393     27.115    30.5149    23.2742    1.67932    2.39992     73.293    6.35042    9.07539  0.000e+00
        824     27.255     39.529   3232.185   8907.217    11.0638   3.457696     1.3700     0.0073     0.1282     0.0085     1.3700     1.0187     27.026    30.5141    23.2737    1.67934    2.39995     73.294    6.35058    9.07562  0.000e+00
        825     27.165     39.400   3232.184   8906.842    11.0638   3.457370     1.3687     0.0073     0.1282     0.0085     1.3687     1.0187     26.937    30.5109    23.2713    1.67662    2.39605     73.175    6.35071    9.07580  0.000e+00
        826     27.076     39.270   3232.184   8907.585    11.0638   3.458018     1.3663     0.0073     0.1331     0.0085     1.3663     1.1013     26.848    30.5173    23.2762    1.67105    2.38810     72.931    6.35045    9.07543  0.000e+00
        827     27.031     39.205   3232.183   8907.211    11.0638   3.457691     1.3663     0.0061     0.1282     0.0085     1.3663     1.0187     26.804    30.5141    23.2738    1.67107    2.38813     72.933    6.35058    9.07562  0.000e+00
        828     26.897     39.010   3232.183   8907.023    11.0638   3.457528     1.3663     0.0073     0.1294     0.0085     1.3663     1.0393     26.671    30.5126    23.2726    1.67106    2.38811     72.932    6.35064    9.07571  0.000e+00
        829     26.807     38.880   3232.183   8907.580    11.0638   3.458013     1.3651     0.0073     0.1319     0.0085     1.3651     1.0806     26.582    30.5174    23.2763    1.66825    2.38409     72.809    6.35045    9.07543  0.000e+00
        830     26.718     38.751   3232.056   8908.323    11.0619   3.458660     1.3663     0.0073     0.1282     0.0085     1.3663     1.0187     26.493    30.5253    23.2827    1.67095    2.38795     72.927    6.35039    9.07534  0.000e+00
        831     26.628     38.621   3232.055   8908.507    11.0619   3.458821     1.3651     0.0073     0.1294     0.0085     1.3651     1.0393     26.405    30.5269    23.2840    1.66817    2.38398     72.805    6.35033    9.07525  0.000e+00
        832     26.583     38.556   3231.992   8906.644    11.0610   3.457197     1.3663     0.0073     0.1294     0.0085     1.3663     1.0393     26.360    30.5118    23.2724    1.67109    2.38816     72.934    6.35106    9.07630  0.000e+00
        833     26.494     38.426   3232.244   8906.269    11.0647   3.456870     1.3675     0.0073     0.1270     0.0085     1.3675     0.9980     26.272    30.5056    23.2670    1.67375    2.39196     73.050    6.35080    9.07593  0.000e+00
        834     26.404     38.296   3232.307   8905.895    11.0656   3.456544     1.3663     0.0073     0.1282     0.0098     1.3663     1.0187     26.183    30.5017    23.2638    1.67100    2.38803     72.930    6.35083    9.07598  0.000e+00
        835     26.315     38.166   3232.496   8905.707    11.0683   3.456380     1.3651     0.0073     0.1294     0.0098     1.3651     1.0393     26.094    30.4978    23.2603    1.66819    2.38401     72.808    6.35061    9.07565  0.000e+00
        836     26.180     37.972   3232.622   8904.960    11.0701   3.455730     1.3639     0.0073     0.1294     0.0085     1.3639     1.0393     25.961    30.4900    23.2539    1.66544    2.38008     72.688    6.35067    9.07574  0.000e+00
        837     26.046     37.777   3232.748   8905.145    11.0720   3.455890     1.3639     0.0061     0.1294     0.0085     1.3639     1.0393     25.828    30.4901    23.2537    1.66535    2.37995     72.684    6.35041    9.07537  0.000e+00
        838     26.001     37.712   3232.432   8905.702    11.0674   3.456376     1.3651     0.0073     0.1282     0.0085     1.3651     1.0187     25.783    30.4987    23.2611    1.66814    2.38394     72.806    6.35070    9.07579  0.000e+00
        839     25.867     37.517   3232.368   8905.700    11.0665   3.456374     1.3651     0.0073     0.1294     0.0085     1.3651     1.0393     25.650    30.4995    23.2619    1.66813    2.38393     72.805    6.35080    9.07593  0.000e+00
        840     25.822     37.452   3232.494   8906.257    11.0683   3.456859     1.3651     0.0073     0.1270     0.0085     1.3651     0.9980     25.606    30.5027    23.2641    1.66803    2.38378     72.800    6.35041    9.07538  0.000e+00
        841     25.688     37.258   3232.241   8906.069    11.0646   3.456695     1.3651     0.0073     0.1282     0.0085     1.3651     1.0187     25.473    30.5042    23.2659    1.66811    2.38389     72.804    6.35086    9.07602  0.000e+00
        842     25.599     37.128   3232.430   8905.508    11.0674   3.456207     1.3651     0.0073     0.1270     0.0085     1.3651     0.9980     25.384    30.4972    23.2600    1.66807    2.38383     72.802    6.35076    9.07588  0.000e+00
        843     25.509     36.998   3232.493   8905.134    11.0683   3.455881     1.3651     0.0073     0.1282     0.0085     1.3651     1.0187     25.295    30.4933    23.2568    1.66806    2.38382     72.802    6.35080    9.07592  0.000e+00
        844     25.420     36.868   3232.493   8905.691    11.0683   3.456366     1.3651     0.0073     0.1282     0.0085     1.3651     1.0187     25.206    30.4981    23.2605    1.66799    2.38372     72.799    6.35060    9.07565  0.000e+00
        845     25.330     36.738   3232.556   8905.690    11.0692   3.456365     1.3663     0.0073     0.1368     0.0085     1.3663     1.1633     25.118    30.4974    23.2598    1.67068    2.38757     72.917    6.35051    9.07551  0.000e+00
        846     25.241     36.608   3232.619   8905.690    11.0701   3.456365     1.3663     0.0073     0.1294     0.0085     1.3663     1.0393     25.029    30.4966    23.2591    1.67064    2.38751     72.915    6.35041    9.07537  0.000e+00
        847     25.151     36.479   3232.682   8905.689    11.0710   3.456364     1.3675     0.0073     0.1306     0.0073     1.3675     1.0600     24.940    30.4959    23.2583    1.67333    2.39136     73.032    6.35031    9.07523  0.000e+00
        848     25.062     36.349   3232.745   8905.317    11.0719   3.456040     1.3687     0.0073     0.1319     0.0085     1.3687     1.0806     24.851    30.4920    23.2551    1.67606    2.39526     73.152    6.35034    9.07527  0.000e+00
        849     24.972     36.219   3232.619   8905.689    11.0701   3.456364     1.3675     0.0073     0.1306     0.0085     1.3675     1.0600     24.763    30.4967    23.2591    1.67332    2.39133     73.032    6.35041    9.07536  0.000e+00
        850     24.838     36.024   3232.492   8905.503    11.0683   3.456202     1.3663     0.0061     0.1270     0.0085     1.3663     0.9980     24.630    30.4967    23.2594    1.67061    2.38747     72.913    6.35066    9.07573  0.000e+00
        851     24.793     35.959   3232.492   8904.944    11.0683   3.455715     1.3675     0.0073     0.1282     0.0098     1.3675     1.0187     24.585    30.4920    23.2558    1.67339    2.39144     73.035    6.35085    9.07600  0.000e+00
        852     24.659     35.765   3232.682   8904.013    11.0710   3.454904     1.3675     0.0073     0.1306     0.0085     1.3675     1.0600     24.452    30.4818    23.2474    1.67337    2.39141     73.035    6.35088    9.07604  0.000e+00
        853     24.569     35.635   3232.682   8905.130    11.0710   3.455877     1.3675     0.0073     0.1282     0.0085     1.3675     1.0187     24.363    30.4914    23.2548    1.67325    2.39124     73.029    6.35049    9.07549  0.000e+00
        854     24.480     35.505   3232.619   8904.572    11.0701   3.455391     1.3663     0.0073     0.1282     0.0085     1.3663     1.0187     24.275    30.4874    23.2519    1.67056    2.38740     72.912    6.35078    9.07590  0.000e+00
        855     24.390     35.375   3232.429   8903.827    11.0673   3.454741     1.3663     0.0061     0.1282     0.0085     1.3663     1.0187     24.186    30.4834    23.2492    1.67068    2.38757     72.917    6.35132    9.07667  0.000e+00
