unitTesting/processed_seabird_noalign/ORCA1_CAST0014.cnv
* Sea-Bird SBE 19 Data File:
* FileName =
* Software Version 4.234
* Temperature SN = 2835
* Conductivity SN = 2835
* System UpLoad Time = Sat Jan 22 11:54:09 2005

** Ship: ORCA
** Cruise: Mooring
** Station: Twanoh
** Latitude: 47 22.5
** Longitude: 123 0.5
# nquan = 22
# nvalues = 907                                   
# units = specified
# name 0 = scan: Scan Count
# name 1 = prSM: Pressure, Strain Gauge [db]
# name 2 = prSE: Pressure, Strain Gauge [psi]
# name 3 = f0: Frequency 0
# name 4 = f1: Frequency 1
# name 5 = t090C: Temperature [ITS-90, deg C]
# name 6 = c0S/m: Conductivity [S/m]
# name 7 = v0: Voltage 0
# name 8 = v1: Voltage 1
# name 9 = v2: Voltage 2
# name 10 = v3: Voltage 3
# name 11 = sbeox0V: Oxygen raw, SBE 43 [V]
# name 12 = wetStar: Fluorescence, WET Labs WETstar [mg/m^3]
# name 13 = depSM: Depth [salt water, m], lat = 47.28
# name 14 = sal00: Salinity, Practical [PSU]
# name 15 = sigma-t00: Density [sigma-t, Kg/m^3 ]
# name 16 = sbeox0ML/L: Oxygen, SBE 43 [ml/l]
# name 17 = sbeox0Mg/L: Oxygen, SBE 43 [mg/l]
# name 18 = sbeox0Mm/Kg: Oxygen, SBE 43 [umol/Kg]
# name 19 = oxsatML/L: Oxygen Saturation, Weiss [ml/l]
# name 20 = oxsatMg/L: Oxygen Saturation, Weiss [mg/l]
# name 21 = flag:  0.000e+00
# span 0 =          1,        907                 
# span 1 =      0.951,     29.627                 
# span 2 =      1.380,     42.970                 
# span 3 =   3087.042,   3233.277                 
# span 4 =   7071.961,   8907.006                 
# span 5 =     8.9244,    11.0796                 
# span 6 =   2.025051,   3.457513                 
# span 7 =     0.0000,     3.0159                 
# span 8 =     0.0000,     0.0073                 
# span 9 =     0.0000,     0.5201                 
# span 10 =     0.0000,     0.0098                
# span 11 =     0.0000,     3.0159                
# span 12 =    -1.1506,     7.6503                
# span 13 =      0.943,     29.378                
# span 14 =    17.9648,    30.5110                
# span 15 =    13.8196,    23.2713                
# span 16 =   -1.39490,    5.88668                
# span 17 =   -1.99345,    8.41266                
# span 18 =    -60.889,    259.078                
# span 19 =    6.35065,    7.21049                
# span 20 =    9.07572,   10.30451                
# span 21 = 0.0000e+00, 0.0000e+00                
# interval = seconds: 0.5
# start_time = Jan 31 2016 20:27:10 [DatCnv date, localtime]
# bad_flag = -9.990e-29
*END*
[from data line 856]
        857     23.988     34.791   3232.333   8897.083    11.0659   3.448869     1.2930     0.0061     0.1306     0.0085     1.2930     1.0600     23.787    30.4272    23.2058    1.50684    2.15343     65.769    6.35376    9.08016  0.000e+00
        858     23.898     34.661   3232.396   8896.896    11.0669   3.448706     1.2955     0.0073     0.1294     0.0085     1.2955     1.0393     23.698    30.4249    23.2039    1.51230    2.16122     66.008    6.35373    9.08011  0.000e+00
        859     23.809     34.531   3232.206   8896.896    11.0641   3.448706     1.2967     0.0073     0.1306     0.0085     1.2967     1.0600     23.609    30.4272    23.2061    1.51508    2.16520     66.129    6.35402    9.08053  0.000e+00
        860     23.719     34.402   3232.269   8896.710    11.0650   3.448544     1.2979     0.0073     0.1306     0.0085     1.2979     1.0600     23.520    30.4249    23.2042    1.51780    2.16908     66.248    6.35398    9.08048  0.000e+00
        861     23.630     34.272   3232.269   8896.710    11.0650   3.448544     1.2979     0.0073     0.1319     0.0085     1.2979     1.0806     23.432    30.4249    23.2042    1.51778    2.16906     66.247    6.35398    9.08047  0.000e+00
        862     23.540     34.142   3232.269   8896.896    11.0650   3.448706     1.2991     0.0073     0.1319     0.0085     1.2991     1.0806     23.343    30.4265    23.2055    1.52048    2.17292     66.365    6.35392    9.08038  0.000e+00
        863     23.406     33.947   3232.333   8896.710    11.0659   3.448544     1.2991     0.0073     0.1331     0.0098     1.2991     1.1013     23.210    30.4243    23.2035    1.52045    2.17288     66.363    6.35388    9.08033  0.000e+00
        864     23.316     33.818   3232.333   8896.710    11.0659   3.448544     1.2979     0.0061     0.1331     0.0085     1.2979     1.1013     23.121    30.4243    23.2035    1.51769    2.16893     66.243    6.35388    9.08033  0.000e+00
        865     23.137     33.558   3232.269   8896.524    11.0650   3.448382     1.2991     0.0073     0.1306     0.0085     1.2991     1.0600     22.943    30.4235    23.2031    1.52043    2.17285     66.363    6.35404    9.08055  0.000e+00
        866     23.093     33.493   3232.333   8896.337    11.0659   3.448219     1.2967     0.0073     0.1319     0.0098     1.2967     1.0806     22.899    30.4212    23.2011    1.51494    2.16500     66.123    6.35400    9.08051  0.000e+00
        867     22.958     33.298   3232.269   8896.524    11.0650   3.448382     1.3004     0.0073     0.1306     0.0085     1.3004     1.0600     22.766    30.4236    23.2032    1.52313    2.17671     66.481    6.35403    9.08055  0.000e+00
        868     22.869     33.169   3232.333   8896.710    11.0659   3.448544     1.2967     0.0073     0.1306     0.0085     1.2967     1.0600     22.677    30.4245    23.2037    1.51486    2.16489     66.119    6.35387    9.08032  0.000e+00
        869     22.779     33.039   3232.206   8896.710    11.0641   3.448544     1.2979     0.0073     0.1306     0.0085     1.2979     1.0600     22.588    30.4260    23.2052    1.51762    2.16883     66.240    6.35406    9.08059  0.000e+00
        870     22.645     32.844   3232.269   8896.710    11.0650   3.448544     1.2991     0.0073     0.1306     0.0085     1.2991     1.0600     22.455    30.4253    23.2045    1.52031    2.17268     66.357    6.35397    9.08045  0.000e+00
        871     22.556     32.714   3232.269   8896.524    11.0650   3.448381     1.2991     0.0073     0.1306     0.0085     1.2991     1.0600     22.367    30.4238    23.2033    1.52031    2.17267     66.357    6.35403    9.08054  0.000e+00
        872     22.466     32.584   3232.269   8896.337    11.0650   3.448219     1.2979     0.0073     0.1294     0.0085     1.2979     1.0393     22.278    30.4222    23.2021    1.51757    2.16875     66.238    6.35409    9.08063  0.000e+00
        873     22.377     32.455   3232.206   8896.524    11.0641   3.448381     1.2991     0.0073     0.1306     0.0085     1.2991     1.0600     22.189    30.4246    23.2041    1.52029    2.17265     66.356    6.35412    9.08067  0.000e+00
        874     22.287     32.325   3232.269   8896.524    11.0650   3.448381     1.2979     0.0073     0.1306     0.0085     1.2979     1.0600     22.100    30.4239    23.2034    1.51751    2.16868     66.235    6.35402    9.08053  0.000e+00
        875     22.153     32.130   3232.269   8896.524    11.0650   3.448381     1.2991     0.0073     0.1306     0.0085     1.2991     1.0600     21.967    30.4239    23.2034    1.52022    2.17255     66.354    6.35402    9.08053  0.000e+00
        876     22.108     32.065   3232.269   8896.337    11.0650   3.448219     1.2991     0.0073     0.1294     0.0085     1.2991     1.0393     21.923    30.4224    23.2022    1.52023    2.17256     66.354    6.35408    9.08062  0.000e+00
        877     22.019     31.935   3232.143   8896.337    11.0632   3.448219     1.2991     0.0073     0.1306     0.0098     1.2991     1.0600     21.834    30.4239    23.2037    1.52025    2.17259     66.355    6.35428    9.08090  0.000e+00
        878     21.929     31.806   3232.206   8896.337    11.0641   3.448219     1.3016     0.0073     0.1294     0.0085     1.3016     1.0393     21.745    30.4232    23.2030    1.52569    2.18037     66.592    6.35418    9.08076  0.000e+00
        879     21.840     31.676   3232.206   8896.151    11.0641   3.448057     1.3004     0.0061     0.1368     0.0085     1.3004     1.1633     21.657    30.4216    23.2018    1.52295    2.17645     66.473    6.35424    9.08084  0.000e+00
        880     21.750     31.546   3232.143   8896.151    11.0632   3.448057     1.3004     0.0073     0.1294     0.0085     1.3004     1.0393     21.568    30.4224    23.2026    1.52295    2.17645     66.473    6.35433    9.08098  0.000e+00
        881     21.661     31.416   3232.143   8895.591    11.0632   3.447570     1.3016     0.0073     0.1331     0.0085     1.3016     1.1013     21.479    30.4177    23.1989    1.52572    2.18040     66.594    6.35452    9.08125  0.000e+00
        882     21.571     31.286   3232.143   8895.778    11.0632   3.447732     1.3004     0.0073     0.1319     0.0085     1.3004     1.0806     21.390    30.4193    23.2002    1.52295    2.17644     66.473    6.35446    9.08116  0.000e+00
        883     21.482     31.157   3232.143   8895.591    11.0632   3.447570     1.2991     0.0061     0.1294     0.0085     1.2991     1.0393     21.302    30.4178    23.1990    1.52020    2.17252     66.353    6.35452    9.08125  0.000e+00
        884     21.392     31.027   3232.080   8896.151    11.0623   3.448057     1.3004     0.0073     0.1294     0.0085     1.3004     1.0393     21.213    30.4233    23.2034    1.52290    2.17637     66.470    6.35443    9.08111  0.000e+00
        885     21.258     30.832   3232.206   8895.964    11.0641   3.447894     1.3016     0.0073     0.1294     0.0085     1.3016     1.0393     21.080    30.4203    23.2007    1.52558    2.18021     66.588    6.35429    9.08092  0.000e+00
        886     21.168     30.702   3232.143   8895.778    11.0632   3.447732     1.2991     0.0073     0.1331     0.0085     1.2991     1.1013     20.991    30.4195    23.2003    1.52012    2.17241     66.349    6.35445    9.08115  0.000e+00
        887     21.079     30.572   3232.080   8895.591    11.0623   3.447570     1.2967     0.0073     0.1306     0.0085     1.2967     1.0600     20.902    30.4187    23.1998    1.51466    2.16460     66.111    6.35461    9.08138  0.000e+00
        888     20.990     30.443   3232.080   8895.591    11.0623   3.447570     1.2991     0.0061     0.1306     0.0085     1.2991     1.0600     20.814    30.4187    23.1999    1.52012    2.17240     66.349    6.35461    9.08137  0.000e+00
        889     20.900     30.313   3232.080   8895.591    11.0623   3.447570     1.2991     0.0073     0.1380     0.0085     1.2991     1.1839     20.725    30.4188    23.1999    1.52010    2.17238     66.348    6.35461    9.08137  0.000e+00
        890     20.811     30.183   3232.143   8895.778    11.0632   3.447732     1.2979     0.0073     0.1294     0.0085     1.2979     1.0393     20.636    30.4196    23.2004    1.51731    2.16839     66.226    6.35445    9.08114  0.000e+00
        891     20.676     29.988   3232.080   8895.778    11.0623   3.447732     1.2979     0.0061     0.1294     0.0085     1.2979     1.0393     20.503    30.4204    23.2012    1.51730    2.16838     66.226    6.35454    9.08128  0.000e+00
        892     20.587     29.859   3232.080   8895.591    11.0623   3.447570     1.2979     0.0073     0.1294     0.0098     1.2979     1.0393     20.414    30.4189    23.2000    1.51730    2.16837     66.226    6.35460    9.08136  0.000e+00
        893     20.453     29.664   3232.080   8895.405    11.0623   3.447407     1.2967     0.0073     0.1306     0.0085     1.2967     1.0600     20.281    30.4173    23.1988    1.51455    2.16444     66.106    6.35467    9.08145  0.000e+00
        894     20.318     29.469   3232.080   8895.219    11.0623   3.447245     1.2943     0.0073     0.1294     0.0085     1.2943     1.0393     20.148    30.4158    23.1976    1.50906    2.15659     65.866    6.35473    9.08154  0.000e+00
        895     20.229     29.339   3232.080   8895.219    11.0623   3.447245     1.2943     0.0061     0.1355     0.0085     1.2943     1.1426     20.059    30.4158    23.1976    1.50904    2.15657     65.866    6.35473    9.08154  0.000e+00
        896     20.139     29.210   3232.143   8895.405    11.0632   3.447407     1.2943     0.0073     0.1306     0.0085     1.2943     1.0600     19.971    30.4167    23.1981    1.50898    2.15649     65.863    6.35456    9.08131  0.000e+00
        897     20.050     29.080   3232.206   8895.405    11.0641   3.447407     1.2930     0.0061     0.1368     0.0085     1.2930     1.1633     19.882    30.4160    23.1974    1.50620    2.15252     65.742    6.35447    9.08117  0.000e+00
        898     19.960     28.950   3232.080   8895.591    11.0623   3.447569     1.2930     0.0073     0.1306     0.0085     1.2930     1.0600     19.793    30.4191    23.2002    1.50621    2.15253     65.742    6.35459    9.08135  0.000e+00
        899     19.916     28.885   3232.143   8895.405    11.0632   3.447407     1.2918     0.0073     0.1294     0.0098     1.2918     1.0393     19.749    30.4168    23.1982    1.50346    2.14859     65.622    6.35456    9.08130  0.000e+00
        900     19.781     28.691   3232.080   8895.591    11.0623   3.447569     1.2918     0.0073     0.1294     0.0085     1.2918     1.0393     19.616    30.4192    23.2002    1.50344    2.14856     65.621    6.35459    9.08135  0.000e+00
        901     19.692     28.561   3232.143   8894.473    11.0632   3.446596     1.2906     0.0073     0.1306     0.0085     1.2906     1.0600     19.527    30.4089    23.1921    1.50075    2.14472     65.504    6.35487    9.08175  0.000e+00
        902     19.602     28.431   3231.953   8894.286    11.0604   3.446433     1.2906     0.0073     0.1319     0.0085     1.2906     1.0806     19.438    30.4097    23.1931    1.50081    2.14481     65.507    6.35523    9.08225  0.000e+00
        903     19.513     28.301   3232.017   8894.286    11.0613   3.446433     1.2906     0.0073     0.1306     0.0085     1.2906     1.0600     19.350    30.4089    23.1924    1.50077    2.14475     65.505    6.35513    9.08211  0.000e+00
        904     19.423     28.171   3232.017   8894.473    11.0613   3.446596     1.2918     0.0061     0.1306     0.0085     1.2918     1.0600     19.261    30.4106    23.1937    1.50347    2.14862     65.623    6.35506    9.08202  0.000e+00
        905     19.334     28.042   3232.017   8894.659    11.0613   3.446758     1.2918     0.0073     0.1319     0.0085     1.2918     1.0806     19.172    30.4122    23.1949    1.50344    2.14857     65.622    6.35500    9.08193  0.000e+00
        906     19.200     27.847   3232.017   8894.846    11.0613   3.446920     1.2918     0.0073     0.1294     0.0085     1.2918     1.0393     19.039    30.4138    23.1962    1.50340    2.14851     65.620    6.35493    9.08183  0.000e+00
        907     19.110     27.717   3231.953   8894.846    11.0604   3.446920     1.2918     0.0073     0.1355     0.0085     1.2918     1.1426     18.950    30.4146    23.1970    1.50340    2.14851     65.620    6.35503    9.08197  0.000e+00
