unitTesting/processed_seabird_noalign/ORCA1_CAST0035.cnv
* Sea-Bird SBE 19 Data File:
* FileName =
* Software Version 4.234
* Temperature SN = 2835
* Conductivity SN = 2835
* System UpLoad Time = Thu Jan 27 18:05:13 2005

** Ship: ORCA
** Cruise: Mooring
** Station: Twanoh
** Latitude: 47 22.5
** Longitude: 123 0.5
# nquan = 22
# nvalues = 902                                   
# units = specified
# name 0 = scan: Scan Count
# name 1 = prSM: Pressure, Strain Gauge [db]
# name 2 = prSE: Pressure, Strain Gauge [psi]
# name 3 = f0: Frequency 0
# name 4 = f1: Frequency 1
# name 5 = t090C: Temperature [ITS-90, deg C]
# name 6 = c0S/m: Conductivity [S/m]
# name 7 = v0: Voltage 0
# name 8 = v1: Voltage 1
# name 9 = v2: Voltage 2
# name 10 = v3: Voltage 3
# name 11 = sbeox0V: Oxygen raw, SBE 43 [V]
# name 12 = wetStar: Fluorescence, WET Labs WETstar [mg/m^3]
# name 13 = depSM: Depth [salt water, m], lat = 47.28
# name 14 = sal00: Salinity, Practical [PSU]
# name 15 = sigma-t00: Density [sigma-t, Kg/m^3 ]
# name 16 = sbeox0ML/L: Oxygen, SBE 43 [ml/l]
# name 17 = sbeox0Mg/L: Oxygen, SBE 43 [mg/l]
# name 18 = sbeox0Mm/Kg: Oxygen, SBE 43 [umol/Kg]
# name 19 = oxsatML/L: Oxygen Saturation, Weiss [ml/l]
# name 20 = oxsatMg/L: Oxygen Saturation, Weiss [mg/l]
# name 21 = flag:  0.000e+00
# span 0 =          1,        902                 
# span 1 =      0.951,     29.672                 
# span 2 =      1.380,     43.035                 
# span 3 =   3102.748,   3231.279                 
# span 4 =   6766.085,   8898.484                 
# span 5 =     9.1593,    11.0506                 
# span 6 =   1.818666,   3.450090                 
# span 7 =     0.0000,     3.0623                 
# span 8 =     0.0000,     0.0073                 
# span 9 =     0.0000,     0.2955                 
# span 10 =     0.0000,     0.0098                
# span 11 =     0.0000,     3.0623                
# span 12 =    -1.1506,     3.8490                
# span 13 =      0.943,     29.422                
# span 14 =    15.8775,    30.4565                
# span 15 =    12.1665,    23.2327                
# span 16 =   -1.39898,    6.15472                
# span 17 =   -1.99928,    8.79572                
# span 18 =    -61.072,    271.542                
# span 19 =    6.35587,    7.27044                
# span 20 =    9.08317,   10.39019                
# span 21 = 0.0000e+00, 0.0000e+00                
# interval = seconds: 0.5
# start_time = Jan 31 2016 20:27:28 [DatCnv date, localtime]
# bad_flag = -9.990e-29
*END*
[from data line 725]
        726     27.120     39.335   3230.002   8888.496    11.0321   3.441399     1.1587     0.0073     0.1355     0.0073     1.1587     1.1426     26.893    30.3808    23.1756    1.20716    1.72516     52.691    6.36030    9.08951  0.000e+00
        727     27.210     39.465   3230.002   8888.559    11.0321   3.441454     1.1612     0.0073     0.1368     0.0085     1.1612     1.1633     26.982    30.3813    23.1759    1.21266    1.73301     52.931    6.36028    9.08948  0.000e+00
        728     27.299     39.594   3230.065   8889.119    11.0330   3.441941     1.1612     0.0073     0.1380     0.0098     1.1612     1.1839     27.070    30.3853    23.1789    1.21262    1.73296     52.929    6.36000    9.08907  0.000e+00
        729     27.389     39.724   3230.255   8889.493    11.0358   3.442266     1.1600     0.0073     0.1380     0.0085     1.1600     1.1839     27.159    30.3861    23.1791    1.20982    1.72895     52.807    6.35958    9.08848  0.000e+00
        730     27.523     39.919   3230.255   8889.680    11.0358   3.442429     1.1612     0.0073     0.1368     0.0098     1.1612     1.1633     27.292    30.3877    23.1803    1.21257    1.73289     52.927    6.35952    9.08839  0.000e+00
        731     27.613     40.049   3230.255   8889.681    11.0358   3.442430     1.1624     0.0073     0.1355     0.0085     1.1624     1.1426     27.381    30.3876    23.1803    1.21533    1.73683     53.047    6.35952    9.08839  0.000e+00
        732     27.702     40.179   3230.192   8889.308    11.0349   3.442106     1.1612     0.0073     0.1368     0.0085     1.1612     1.1633     27.470    30.3852    23.1785    1.21264    1.73299     52.930    6.35975    9.08871  0.000e+00
        733     27.792     40.308   3230.128   8889.869    11.0340   3.442593     1.1624     0.0073     0.1355     0.0085     1.1624     1.1426     27.558    30.3907    23.1829    1.21538    1.73690     53.049    6.35965    9.08858  0.000e+00
        734     27.926     40.503   3230.318   8889.869    11.0367   3.442594     1.1624     0.0073     0.1368     0.0085     1.1624     1.1633     27.692    30.3884    23.1807    1.21535    1.73686     53.048    6.35936    9.08817  0.000e+00
        735     28.015     40.633   3230.192   8890.057    11.0349   3.442757     1.1624     0.0073     0.1368     0.0098     1.1624     1.1633     27.780    30.3914    23.1834    1.21539    1.73692     53.049    6.35949    9.08835  0.000e+00
        736     28.150     40.828   3230.192   8890.057    11.0349   3.442757     1.1624     0.0073     0.1368     0.0085     1.1624     1.1633     27.913    30.3914    23.1833    1.21541    1.73695     53.050    6.35950    9.08836  0.000e+00
        737     28.239     40.958   3230.255   8890.804    11.0358   3.443407     1.1636     0.0061     0.1368     0.0085     1.1636     1.1633     28.002    30.3970    23.1875    1.21811    1.74080     53.168    6.35915    9.08786  0.000e+00
        738     28.329     41.087   3230.318   8890.805    11.0367   3.443407     1.1636     0.0073     0.1380     0.0085     1.1636     1.1839     28.091    30.3962    23.1867    1.21810    1.74079     53.168    6.35905    9.08772  0.000e+00
        739     28.463     41.282   3230.381   8891.365    11.0376   3.443895     1.1636     0.0061     0.1368     0.0085     1.1636     1.1633     28.224    30.4001    23.1896    1.21807    1.74075     53.166    6.35877    9.08731  0.000e+00
        740     28.553     41.412   3230.445   8891.552    11.0385   3.444058     1.1648     0.0073     0.1380     0.0098     1.1648     1.1839     28.313    30.4009    23.1901    1.22080    1.74465     53.285    6.35861    9.08708  0.000e+00
        741     28.642     41.542   3230.445   8891.739    11.0385   3.444221     1.1648     0.0061     0.1355     0.0085     1.1648     1.1426     28.402    30.4025    23.1913    1.22081    1.74465     53.285    6.35854    9.08699  0.000e+00
        742     28.732     41.672   3230.445   8891.740    11.0385   3.444221     1.1648     0.0073     0.1368     0.0085     1.1648     1.1633     28.490    30.4025    23.1913    1.22082    1.74467     53.286    6.35854    9.08700  0.000e+00
        743     28.821     41.802   3230.571   8892.114    11.0404   3.444546     1.1661     0.0073     0.1404     0.0085     1.1661     1.2253     28.579    30.4041    23.1922    1.22352    1.74853     53.404    6.35823    9.08654  0.000e+00
        744     28.911     41.931   3230.571   8892.860    11.0404   3.445196     1.1661     0.0061     0.1355     0.0085     1.1661     1.1426     28.668    30.4104    23.1972    1.22349    1.74848     53.402    6.35797    9.08618  0.000e+00
        745     29.134     42.256   3230.698   8893.047    11.0422   3.445359     1.1661     0.0061     0.1355     0.0085     1.1661     1.1426     28.890    30.4104    23.1968    1.22348    1.74847     53.402    6.35772    9.08581  0.000e+00
        746     29.224     42.386   3230.698   8893.421    11.0422   3.445684     1.1673     0.0061     0.1368     0.0085     1.1673     1.1633     28.979    30.4135    23.1993    1.22621    1.75238     53.521    6.35759    9.08563  0.000e+00
        747     29.313     42.516   3230.824   8893.422    11.0441   3.445684     1.1673     0.0073     0.1355     0.0098     1.1673     1.1426     29.067    30.4120    23.1978    1.22619    1.75235     53.520    6.35740    9.08536  0.000e+00
        748     29.403     42.645   3230.824   8893.236    11.0441   3.445523     1.1673     0.0073     0.1368     0.0085     1.1673     1.1633     29.156    30.4104    23.1965    1.22622    1.75239     53.521    6.35746    9.08545  0.000e+00
        749     29.537     42.840   3230.824   8893.423    11.0441   3.445686     1.1673     0.0073     0.1355     0.0085     1.1673     1.1426     29.289    30.4119    23.1977    1.22623    1.75241     53.522    6.35740    9.08536  0.000e+00
        750     29.627     42.970   3230.761   8893.610    11.0431   3.445848     1.1685     0.0073     0.1355     0.0085     1.1685     1.1426     29.378    30.4142    23.1997    1.22899    1.75635     53.642    6.35744    9.08541  0.000e+00
        751     29.672     43.035   3230.824   8893.611    11.0441   3.445849     1.1661     0.0073     0.1368     0.0085     1.1661     1.1633     29.422    30.4135    23.1989    1.22350    1.74850     53.402    6.35734    9.08528  0.000e+00
        752     29.672     43.035   3230.887   8893.611    11.0450   3.445850     1.1673     0.0073     0.1355     0.0085     1.1673     1.1426     29.422    30.4127    23.1982    1.22622    1.75240     53.521    6.35724    9.08514  0.000e+00
        753     29.672     43.035   3230.887   8892.680    11.0450   3.445039     1.1673     0.0073     0.1355     0.0085     1.1673     1.1426     29.422    30.4048    23.1920    1.22628    1.75248     53.524    6.35756    9.08559  0.000e+00
        754     29.672     43.035   3230.571   8892.680    11.0404   3.445039     1.1673     0.0073     0.1355     0.0085     1.1673     1.1426     29.422    30.4086    23.1957    1.22637    1.75261     53.528    6.35804    9.08628  0.000e+00
        755     29.672     43.035   3230.635   8892.681    11.0413   3.445040     1.1661     0.0073     0.1392     0.0085     1.1661     1.2046     29.422    30.4078    23.1950    1.22361    1.74866     53.408    6.35795    9.08614  0.000e+00
        756     29.672     43.035   3230.571   8892.495    11.0404   3.444878     1.1661     0.0061     0.1368     0.0085     1.1661     1.1633     29.422    30.4070    23.1945    1.22364    1.74870     53.409    6.35811    9.08637  0.000e+00
        757     29.672     43.035   3230.445   8891.190    11.0386   3.443743     1.1661     0.0073     0.1392     0.0085     1.1661     1.2046     29.422    30.3974    23.1874    1.22376    1.74887     53.414    6.35875    9.08728  0.000e+00
        758     29.672     43.035   3230.382   8890.071    11.0376   3.442770     1.1661     0.0061     0.1355     0.0085     1.1661     1.1426     29.422    30.3886    23.1807    1.22385    1.74900     53.419    6.35923    9.08797  0.000e+00
        759     29.672     43.035   3230.129   8888.953    11.0340   3.441797     1.1648     0.0073     0.1355     0.0085     1.1648     1.1426     29.422    30.3821    23.1763    1.22125    1.74528     53.305    6.35999    9.08907  0.000e+00
        760     29.672     43.035   3230.129   8888.580    11.0340   3.441473     1.1648     0.0073     0.1368     0.0085     1.1648     1.1633     29.422    30.3790    23.1738    1.22127    1.74532     53.307    6.36012    9.08925  0.000e+00
        761     29.627     42.970   3229.876   8888.954    11.0303   3.441798     1.1636     0.0073     0.1355     0.0085     1.1636     1.1426     29.378    30.3852    23.1793    1.21856    1.74145     53.188    6.36038    9.08962  0.000e+00
        762     29.672     43.035   3229.939   8888.955    11.0312   3.441799     1.1624     0.0073     0.1355     0.0085     1.1624     1.1426     29.422    30.3844    23.1785    1.21581    1.73751     53.068    6.36028    9.08948  0.000e+00
        763     29.672     43.035   3229.940   8889.142    11.0312   3.441962     1.1624     0.0073     0.1368     0.0085     1.1624     1.1633     29.422    30.3860    23.1798    1.21580    1.73749     53.067    6.36022    9.08939  0.000e+00
        764     29.672     43.035   3230.003   8889.516    11.0321   3.442287     1.1612     0.0073     0.1355     0.0085     1.1612     1.1426     29.422    30.3884    23.1815    1.21301    1.73351     52.946    6.35999    9.08907  0.000e+00
        765     29.672     43.035   3230.003   8889.516    11.0321   3.442287     1.1612     0.0073     0.1368     0.0085     1.1612     1.1633     29.422    30.3884    23.1815    1.21301    1.73351     52.946    6.35999    9.08907  0.000e+00
        766     29.672     43.035   3230.129   8889.330    11.0340   3.442126     1.1612     0.0073     0.1404     0.0085     1.1612     1.2253     29.422    30.3853    23.1788    1.21299    1.73348     52.945    6.35986    9.08888  0.000e+00
        767     29.672     43.035   3230.066   8890.077    11.0331   3.442775     1.1624     0.0073     0.1368     0.0098     1.1624     1.1633     29.422    30.3925    23.1845    1.21570    1.73736     53.063    6.35971    9.08866  0.000e+00
        768     29.672     43.035   3230.129   8890.264    11.0340   3.442938     1.1612     0.0073     0.1355     0.0085     1.1612     1.1426     29.422    30.3933    23.1850    1.21293    1.73339     52.942    6.35955    9.08843  0.000e+00
        769     29.627     42.970   3230.129   8890.452    11.0340   3.443101     1.1624     0.0061     0.1368     0.0085     1.1624     1.1633     29.378    30.3949    23.1862    1.21565    1.73729     53.061    6.35948    9.08833  0.000e+00
        770     29.672     43.035   3230.193   8891.385    11.0349   3.443913     1.1624     0.0073     0.1368     0.0085     1.1624     1.1633     29.422    30.4021    23.1916    1.21558    1.73719     53.057    6.35907    9.08774  0.000e+00
        771     29.672     43.035   3230.319   8891.199    11.0367   3.443751     1.1624     0.0061     0.1368     0.0085     1.1624     1.1633     29.422    30.3990    23.1889    1.21556    1.73716     53.057    6.35894    9.08756  0.000e+00
        772     29.672     43.035   3230.193   8891.386    11.0349   3.443914     1.1624     0.0073     0.1355     0.0085     1.1624     1.1426     29.422    30.4021    23.1916    1.21558    1.73719     53.057    6.35907    9.08774  0.000e+00
        773     29.672     43.035   3230.319   8892.506    11.0367   3.444888     1.1624     0.0061     0.1355     0.0085     1.1624     1.1426     29.422    30.4101    23.1976    1.21547    1.73703     53.052    6.35849    9.08692  0.000e+00
        774     29.672     43.035   3230.509   8892.693    11.0395   3.445051     1.1624     0.0073     0.1368     0.0085     1.1624     1.1633     29.422    30.4094    23.1966    1.21541    1.73694     53.050    6.35814    9.08641  0.000e+00
        775     29.672     43.035   3230.572   8892.694    11.0404   3.445051     1.1624     0.0073     0.1368     0.0085     1.1624     1.1633     29.422    30.4087    23.1958    1.21539    1.73692     53.049    6.35804    9.08627  0.000e+00
        776     29.672     43.035   3230.572   8892.881    11.0404   3.445214     1.1624     0.0073     0.1343     0.0085     1.1624     1.1220     29.422    30.4103    23.1971    1.21538    1.73690     53.048    6.35798    9.08618  0.000e+00
        777     29.672     43.035   3230.509   8893.068    11.0395   3.445377     1.1624     0.0073     0.1355     0.0085     1.1624     1.1426     29.422    30.4126    23.1990    1.21539    1.73691     53.048    6.35801    9.08623  0.000e+00
        778     29.672     43.035   3230.635   8893.069    11.0413   3.445377     1.1636     0.0073     0.1355     0.0085     1.1636     1.1426     29.422    30.4111    23.1976    1.21810    1.74078     53.167    6.35781    9.08595  0.000e+00
        779     29.672     43.035   3230.635   8893.069    11.0413   3.445378     1.1624     0.0073     0.1368     0.0085     1.1624     1.1633     29.422    30.4111    23.1976    1.21535    1.73686     53.047    6.35781    9.08595  0.000e+00
        780     29.672     43.035   3230.509   8892.883    11.0395   3.445216     1.1636     0.0073     0.1477     0.0085     1.1636     1.3492     29.422    30.4111    23.1978    1.21814    1.74085     53.169    6.35807    9.08632  0.000e+00
        781     29.672     43.035   3230.572   8892.511    11.0404   3.444892     1.1624     0.0073     0.1355     0.0085     1.1624     1.1426     29.422    30.4071    23.1946    1.21541    1.73694     53.050    6.35810    9.08636  0.000e+00
        782     29.672     43.035   3230.572   8892.325    11.0404   3.444731     1.1636     0.0073     0.1355     0.0085     1.1636     1.1426     29.422    30.4055    23.1934    1.21816    1.74088     53.170    6.35816    9.08645  0.000e+00
        783     29.672     43.035   3230.572   8892.699    11.0404   3.445056     1.1624     0.0073     0.1355     0.0085     1.1624     1.1426     29.422    30.4087    23.1959    1.21539    1.73692     53.049    6.35804    9.08627  0.000e+00
        784     29.672     43.035   3230.635   8892.700    11.0413   3.445056     1.1624     0.0073     0.1355     0.0085     1.1624     1.1426     29.422    30.4080    23.1951    1.21538    1.73690     53.048    6.35794    9.08613  0.000e+00
        785     29.627     42.970   3230.635   8893.073    11.0413   3.445381     1.1612     0.0073     0.1355     0.0085     1.1612     1.1426     29.378    30.4112    23.1976    1.21260    1.73293     52.927    6.35781    9.08595  0.000e+00
        786     29.672     43.035   3230.572   8893.074    11.0404   3.445382     1.1612     0.0061     0.1355     0.0085     1.1612     1.1426     29.422    30.4119    23.1983    1.21263    1.73296     52.928    6.35791    9.08609  0.000e+00
        787     29.672     43.035   3230.635   8893.075    11.0413   3.445383     1.1624     0.0073     0.1355     0.0085     1.1624     1.1426     29.422    30.4112    23.1976    1.21535    1.73686     53.047    6.35781    9.08595  0.000e+00
        788     29.672     43.035   3230.572   8893.262    11.0404   3.445545     1.1612     0.0073     0.1368     0.0085     1.1612     1.1633     29.422    30.4135    23.1996    1.21261    1.73295     52.927    6.35785    9.08600  0.000e+00
        789     29.672     43.035   3230.635   8893.076    11.0413   3.445384     1.1624     0.0073     0.1355     0.0085     1.1624     1.1426     29.422    30.4112    23.1976    1.21535    1.73686     53.047    6.35781    9.08595  0.000e+00
        790     29.672     43.035   3230.699   8893.263    11.0422   3.445546     1.1624     0.0073     0.1355     0.0085     1.1624     1.1426     29.422    30.4120    23.1981    1.21532    1.73682     53.046    6.35765    9.08572  0.000e+00
