unitTesting/processed_seabird_noalign/ORCA1_CAST0001.cnv
* Sea-Bird SBE 19 Data File:
* FileName =
* Software Version 4.234
* Temperature SN = 2835
* Conductivity SN = 2835
* System UpLoad Time = Wed Jan 19 10:57:11 2005

** Ship: ORCA
** Cruise: Mooring
** Station: Twanoh
** Latitude: 47 22.5
** Longitude: 123 0.5
# nquan = 22
# nvalues = 917                                   
# units = specified
# name 0 = scan: Scan Count
# name 1 = prSM: Pressure, Strain Gauge [db]
# name 2 = prSE: Pressure, Strain Gauge [psi]
# name 3 = f0: Frequency 0
# name 4 = f1: Frequency 1
# name 5 = t090C: Temperature [ITS-90, deg C]
# name 6 = c0S/m: Conductivity [S/m]
# name 7 = v0: Voltage 0
# name 8 = v1: Voltage 1
# name 9 = v2: Voltage 2
# name 10 = v3: Voltage 3
# name 11 = sbeox0V: Oxygen raw, SBE 43 [V]
# name 12 = wetStar: Fluorescence, WET Labs WETstar [mg/m^3]
# name 13 = depSM: Depth [salt water, m], lat = 47.28
# name 14 = sal00: Salinity, Practical [PSU]
# name 15 = sigma-t00: Density [sigma-t, Kg/m^3 ]
# name 16 = sbeox0ML/L: Oxygen, SBE 43 [ml/l]
# name 17 = sbeox0Mg/L: Oxygen, SBE 43 [mg/l]
# name 18 = sbeox0Mm/Kg: Oxygen, SBE 43 [umol/Kg]
# name 19 = oxsatML/L: Oxygen Saturation, Weiss [ml/l]
# name 20 = oxsatMg/L: Oxygen Saturation, Weiss [mg/l]
# name 21 = flag:  0.000e+00
# span 0 =          1,        917                 
# span 1 =      0.906,     29.716                 
# span 2 =      1.315,     43.100                 
# span 3 =   2992.137,   3235.140                 
# span 4 =   7370.708,   8922.056                 
# span 5 =     7.4867,    11.1066                 
# span 6 =   2.235559,   3.470640                 
# span 7 =     0.0000,     3.0159                 
# span 8 =     0.0000,     0.0073                 
# span 9 =     0.0000,     0.7143                 
# span 10 =     0.0000,     0.0098                
# span 11 =     0.0000,     3.0159                
# span 12 =    -1.1506,    10.9352                
# span 13 =      0.899,     29.467                
# span 14 =    20.6034,    30.6355                
# span 15 =    16.0002,    23.3672                
# span 16 =   -1.39571,    6.08532                
# span 17 =   -1.99461,    8.69654                
# span 18 =    -60.929,    267.142                
# span 19 =    6.34500,    7.26323                
# span 20 =    9.06764,   10.37988                
# span 21 = 0.0000e+00, 0.0000e+00                
# interval = seconds: 0.5
# start_time = Jan 31 2016 20:26:58 [DatCnv date, localtime]
# bad_flag = -9.990e-29
*END*
[from data line 856]
        857     24.614     35.700   3233.379   8906.648    11.0811   3.457200     1.3748     0.0073     0.1294     0.0085     1.3748     1.0393     24.408    30.4959    23.2566    1.68930    2.41417     73.729    6.34892    9.07323  0.000e+00
        858     24.569     35.635   3233.379   8905.903    11.0811   3.456551     1.3761     0.0073     0.1306     0.0085     1.3761     1.0600     24.363    30.4896    23.2517    1.69209    2.41817     73.852    6.34917    9.07360  0.000e+00
        859     24.435     35.440   3233.126   8906.462    11.0774   3.457037     1.3773     0.0073     0.1319     0.0085     1.3773     1.0806     24.230    30.4974    23.2584    1.69484    2.42210     73.971    6.34936    9.07387  0.000e+00
        860     24.346     35.310   3233.063   8906.276    11.0765   3.456875     1.3761     0.0073     0.1343     0.0085     1.3761     1.1220     24.142    30.4966    23.2580    1.69212    2.41821     73.852    6.34952    9.07410  0.000e+00
        861     24.256     35.181   3233.126   8906.089    11.0774   3.456713     1.3785     0.0073     0.1306     0.0085     1.3785     1.0600     24.053    30.4943    23.2560    1.69757    2.42600     74.090    6.34948    9.07405  0.000e+00
        862     24.167     35.051   3233.506   8905.903    11.0829   3.456550     1.3773     0.0073     0.1294     0.0085     1.3773     1.0393     23.964    30.4882    23.2503    1.69469    2.42188     73.965    6.34897    9.07331  0.000e+00
        863     24.032     34.856   3233.190   8906.462    11.0784   3.457037     1.3773     0.0061     0.1294     0.0085     1.3773     1.0393     23.831    30.4968    23.2578    1.69472    2.42193     73.966    6.34926    9.07372  0.000e+00
        864     23.943     34.726   3233.126   8905.531    11.0774   3.456226     1.3773     0.0073     0.1294     0.0085     1.3773     1.0393     23.742    30.4897    23.2524    1.69481    2.42205     73.970    6.34967    9.07431  0.000e+00
        865     23.898     34.661   3233.190   8905.531    11.0784   3.456226     1.3773     0.0061     0.1294     0.0085     1.3773     1.0393     23.698    30.4889    23.2517    1.69478    2.42201     73.969    6.34957    9.07418  0.000e+00
        866     23.809     34.531   3233.190   8905.158    11.0784   3.455901     1.3773     0.0061     0.1270     0.0085     1.3773     0.9980     23.609    30.4858    23.2492    1.69479    2.42202     73.970    6.34970    9.07436  0.000e+00
        867     23.674     34.337   3233.063   8905.158    11.0765   3.455901     1.3773     0.0061     0.1355     0.0085     1.3773     1.1426     23.476    30.4874    23.2508    1.69481    2.42205     73.970    6.34989    9.07463  0.000e+00
        868     23.585     34.207   3233.190   8905.717    11.0784   3.456388     1.3773     0.0073     0.1306     0.0085     1.3773     1.0600     23.387    30.4907    23.2530    1.69469    2.42188     73.965    6.34951    9.07408  0.000e+00
        869     23.495     34.077   3233.379   8904.972    11.0811   3.455739     1.3761     0.0073     0.1294     0.0085     1.3761     1.0393     23.298    30.4821    23.2458    1.69193    2.41793     73.845    6.34947    9.07403  0.000e+00
        870     23.406     33.947   3233.126   8904.413    11.0774   3.455252     1.3748     0.0073     0.1306     0.0098     1.3748     1.0600     23.210    30.4804    23.2452    1.68931    2.41419     73.731    6.35004    9.07485  0.000e+00
        871     23.272     33.753   3232.937   8905.158    11.0747   3.455901     1.3748     0.0073     0.1294     0.0085     1.3748     1.0393     23.077    30.4891    23.2524    1.68928    2.41415     73.729    6.35008    9.07489  0.000e+00
        872     23.137     33.558   3233.316   8903.482    11.0802   3.454441     1.3736     0.0073     0.1270     0.0085     1.3736     0.9980     22.943    30.4703    23.2368    1.68653    2.41021     73.610    6.35007    9.07488  0.000e+00
        873     23.093     33.493   3233.063   8904.599    11.0765   3.455414     1.3724     0.0073     0.1294     0.0085     1.3724     1.0393     22.899    30.4828    23.2472    1.68377    2.40627     73.489    6.35007    9.07489  0.000e+00
        874     23.003     33.363   3232.810   8904.227    11.0729   3.455090     1.3736     0.0061     0.1306     0.0085     1.3736     1.0600     22.810    30.4827    23.2478    1.68661    2.41034     73.613    6.35058    9.07562  0.000e+00
        875     22.869     33.169   3233.000   8904.227    11.0756   3.455090     1.3736     0.0073     0.1282     0.0085     1.3736     1.0187     22.677    30.4805    23.2456    1.68651    2.41019     73.609    6.35029    9.07520  0.000e+00
        876     22.779     33.039   3233.000   8903.854    11.0756   3.454765     1.3736     0.0073     0.1294     0.0085     1.3736     1.0393     22.588    30.4774    23.2431    1.68653    2.41021     73.609    6.35042    9.07538  0.000e+00
        877     22.690     32.909   3232.937   8904.041    11.0747   3.454927     1.3736     0.0073     0.1270     0.0085     1.3736     0.9980     22.500    30.4798    23.2452    1.68651    2.41019     73.609    6.35045    9.07543  0.000e+00
        878     22.600     32.779   3233.000   8903.854    11.0756   3.454765     1.3736     0.0073     0.1282     0.0085     1.3736     1.0187     22.411    30.4774    23.2432    1.68648    2.41015     73.607    6.35041    9.07538  0.000e+00
        879     22.511     32.649   3233.063   8902.737    11.0765   3.453791     1.3748     0.0073     0.1294     0.0085     1.3748     1.0393     22.322    30.4672    23.2351    1.68928    2.41415     73.730    6.35070    9.07578  0.000e+00
        880     22.421     32.519   3233.063   8903.482    11.0765   3.454440     1.3724     0.0061     0.1294     0.0085     1.3724     1.0393     22.234    30.4736    23.2400    1.68371    2.40620     73.487    6.35044    9.07542  0.000e+00
        881     22.287     32.325   3232.368   8905.903    11.0664   3.456550     1.3724     0.0073     0.1282     0.0085     1.3724     1.0187     22.100    30.5026    23.2644    1.68372    2.40621     73.485    6.35067    9.07575  0.000e+00
        882     22.287     32.325   3232.368   8903.668    11.0664   3.454603     1.3724     0.0061     0.1270     0.0085     1.3724     0.9980     22.100    30.4836    23.2495    1.68392    2.40650     73.495    6.35144    9.07684  0.000e+00
        883     22.242     32.260   3232.684   8903.854    11.0710   3.454765     1.3736     0.0073     0.1294     0.0085     1.3736     1.0393     22.056    30.4814    23.2471    1.68652    2.41020     73.609    6.35089    9.07606  0.000e+00
        884     22.108     32.065   3232.557   8903.109    11.0692   3.454116     1.3700     0.0073     0.1282     0.0085     1.3700     1.0187     21.923    30.4766    23.2437    1.67839    2.39858     73.254    6.35133    9.07669  0.000e+00
        885     22.063     32.000   3232.873   8902.550    11.0738   3.453629     1.3700     0.0073     0.1282     0.0085     1.3700     1.0187     21.879    30.4681    23.2362    1.67831    2.39847     73.251    6.35104    9.07628  0.000e+00
        886     21.929     31.806   3232.810   8902.178    11.0729   3.453304     1.3712     0.0073     0.1306     0.0085     1.3712     1.0600     21.745    30.4657    23.2345    1.68107    2.40242     73.372    6.35126    9.07659  0.000e+00
        887     21.884     31.741   3232.810   8902.550    11.0729   3.453629     1.3712     0.0073     0.1294     0.0085     1.3712     1.0393     21.701    30.4689    23.2370    1.68103    2.40236     73.370    6.35114    9.07641  0.000e+00
        888     21.795     31.611   3232.684   8901.805    11.0710   3.452980     1.3712     0.0073     0.1282     0.0085     1.3712     1.0187     21.612    30.4641    23.2336    1.68112    2.40249     73.374    6.35158    9.07705  0.000e+00
        889     21.705     31.481   3232.368   8902.178    11.0664   3.453304     1.3700     0.0061     0.1282     0.0085     1.3700     1.0187     21.524    30.4711    23.2398    1.67845    2.39867     73.257    6.35193    9.07755  0.000e+00
        890     21.571     31.286   3232.494   8900.314    11.0683   3.451681     1.3700     0.0061     0.1282     0.0085     1.3700     1.0187     21.390    30.4538    23.2260    1.67854    2.39880     73.262    6.35238    9.07818  0.000e+00
        891     21.482     31.157   3232.368   8901.060    11.0664   3.452331     1.3700     0.0073     0.1282     0.0085     1.3700     1.0187     21.302    30.4617    23.2325    1.67850    2.39874     73.260    6.35231    9.07809  0.000e+00
        892     21.392     31.027   3232.494   8900.128    11.0683   3.451519     1.3700     0.0073     0.1319     0.0085     1.3700     1.0806     21.213    30.4522    23.2249    1.67851    2.39876     73.261    6.35244    9.07827  0.000e+00
        893     21.303     30.897   3232.368   8899.942    11.0664   3.451357     1.3687     0.0073     0.1319     0.0085     1.3687     1.0806     21.124    30.4522    23.2252    1.67582    2.39491     73.143    6.35269    9.07863  0.000e+00
        894     21.213     30.767   3232.368   8900.314    11.0664   3.451681     1.3687     0.0073     0.1294     0.0098     1.3687     1.0393     21.036    30.4554    23.2277    1.67576    2.39483     73.141    6.35256    9.07845  0.000e+00
        895     21.124     30.637   3232.241   8899.755    11.0646   3.451195     1.3675     0.0073     0.1319     0.0098     1.3675     1.0806     20.947    30.4522    23.2255    1.67310    2.39103     73.025    6.35294    9.07899  0.000e+00
        896     21.034     30.508   3232.431   8899.569    11.0674   3.451032     1.3651     0.0073     0.1282     0.0085     1.3651     1.0187     20.858    30.4484    23.2220    1.66755    2.38310     72.783    6.35272    9.07867  0.000e+00
        897     20.945     30.378   3232.178   8899.196    11.0637   3.450708     1.3626     0.0073     0.1429     0.0085     1.3626     1.2666     20.769    30.4483    23.2226    1.66218    2.37542     72.548    6.35323    9.07940  0.000e+00
        898     20.855     30.248   3232.368   8898.637    11.0664   3.450221     1.3626     0.0061     0.1368     0.0085     1.3626     1.1633     20.681    30.4413    23.2167    1.66214    2.37537     72.547    6.35313    9.07926  0.000e+00
        899     20.811     30.183   3232.178   8899.196    11.0637   3.450708     1.3614     0.0073     0.1319     0.0085     1.3614     1.0806     20.636    30.4483    23.2226    1.65941    2.37147     72.427    6.35323    9.07940  0.000e+00
        900     20.721     30.053   3232.305   8898.451    11.0655   3.450059     1.3590     0.0073     0.1294     0.0085     1.3590     1.0393     20.547    30.4405    23.2162    1.65394    2.36364     72.189    6.35329    9.07948  0.000e+00
        901     20.632     29.924   3231.989   8897.892    11.0609   3.449572     1.3590     0.0073     0.1306     0.0085     1.3590     1.0600     20.459    30.4396    23.2163    1.65408    2.36384     72.195    6.35396    9.08044  0.000e+00
        902     20.497     29.729   3232.305   8897.705    11.0655   3.449409     1.3578     0.0073     0.1306     0.0098     1.3578     1.0600     20.326    30.4342    23.2113    1.65121    2.35975     72.070    6.35354    9.07984  0.000e+00
        903     20.318     29.469   3232.178   8898.078    11.0637   3.449734     1.3553     0.0073     0.1331     0.0085     1.3553     1.1013     20.148    30.4390    23.2154    1.64571    2.35188     71.830    6.35360    9.07993  0.000e+00
        904     20.274     29.404   3232.368   8896.960    11.0664   3.448760     1.3529     0.0073     0.1306     0.0085     1.3529     1.0600     20.104    30.4272    23.2057    1.64025    2.34408     71.592    6.35369    9.08006  0.000e+00
        905     20.184     29.275   3232.178   8897.705    11.0637   3.449409     1.3516     0.0073     0.1306     0.0085     1.3516     1.0600     20.015    30.4359    23.2129    1.63750    2.34014     71.471    6.35373    9.08011  0.000e+00
        906     20.095     29.145   3232.368   8897.332    11.0664   3.449085     1.3492     0.0073     0.1294     0.0085     1.3492     1.0393     19.926    30.4304    23.2082    1.63196    2.33224     71.230    6.35356    9.07988  0.000e+00
        907     20.005     29.015   3231.989   8897.519    11.0609   3.449247     1.3468     0.0061     0.1282     0.0085     1.3468     1.0187     19.838    30.4366    23.2140    1.62659    2.32455     70.995    6.35408    9.08061  0.000e+00
        908     19.916     28.885   3232.115   8896.773    11.0628   3.448598     1.3443     0.0073     0.1294     0.0085     1.3443     1.0393     19.749    30.4288    23.2076    1.62111    2.31673     70.757    6.35414    9.08070  0.000e+00
        909     19.826     28.755   3232.115   8896.773    11.0628   3.448598     1.3443     0.0061     0.1294     0.0085     1.3443     1.0393     19.660    30.4288    23.2076    1.62109    2.31670     70.756    6.35413    9.08069  0.000e+00
        910     19.737     28.626   3232.052   8896.400    11.0619   3.448273     1.3431     0.0073     0.1294     0.0085     1.3431     1.0393     19.571    30.4264    23.2059    1.61839    2.31283     70.638    6.35436    9.08101  0.000e+00
        911     19.647     28.496   3231.989   8896.400    11.0609   3.448273     1.3419     0.0073     0.1294     0.0085     1.3419     1.0393     19.483    30.4272    23.2067    1.61565    2.30893     70.518    6.35445    9.08115  0.000e+00
        912     19.513     28.301   3231.925   8896.400    11.0600   3.448273     1.3394     0.0073     0.1319     0.0085     1.3394     1.0806     19.350    30.4280    23.2075    1.61017    2.30109     70.279    6.35455    9.08128  0.000e+00
        913     19.423     28.171   3231.862   8895.095    11.0591   3.447137     1.3370     0.0073     0.1306     0.0085     1.3370     1.0600     19.261    30.4177    23.1996    1.60480    2.29343     70.045    6.35509    9.08205  0.000e+00
        914     19.334     28.042   3231.989   8895.841    11.0609   3.447786     1.3358     0.0061     0.1282     0.0085     1.3358     1.0187     19.172    30.4226    23.2031    1.60194    2.28933     69.920    6.35464    9.08141  0.000e+00
        915     19.289     27.977   3231.862   8896.400    11.0591   3.448273     1.3346     0.0073     0.1282     0.0085     1.3346     1.0187     19.128    30.4289    23.2083    1.59918    2.28540     69.800    6.35464    9.08141  0.000e+00
        916     19.155     27.782   3231.925   8895.841    11.0600   3.447786     1.3321     0.0073     0.1294     0.0085     1.3321     1.0393     18.995    30.4234    23.2039    1.59370    2.27756     69.561    6.35473    9.08155  0.000e+00
        917     19.066     27.652   3231.989   8894.722    11.0609   3.446813     1.3321     0.0061     0.1282     0.0085     1.3321     1.0187     18.906    30.4132    23.1958    1.59376    2.27764     69.564    6.35502    9.08195  0.000e+00
