unitTesting/processed_seabird_noalign/ORCA1_CAST0011.cnv
* Sea-Bird SBE 19 Data File:
* FileName =
* Software Version 4.234
* Temperature SN = 2835
* Conductivity SN = 2835
* System UpLoad Time = Fri Jan 21 17:52:17 2005

** Ship: ORCA
** Cruise: Mooring
** Station: Twanoh
** Latitude: 47 22.5
** Longitude: 123 0.5
# nquan = 22
# nvalues = 884                                   
# units = specified
# name 0 = scan: Scan Count
# name 1 = prSM: Pressure, Strain Gauge [db]
# name 2 = prSE: Pressure, Strain Gauge [psi]
# name 3 = f0: Frequency 0
# name 4 = f1: Frequency 1
# name 5 = t090C: Temperature [ITS-90, deg C]
# name 6 = c0S/m: Conductivity [S/m]
# name 7 = v0: Voltage 0
# name 8 = v1: Voltage 1
# name 9 = v2: Voltage 2
# name 10 = v3: Voltage 3
# name 11 = sbeox0V: Oxygen raw, SBE 43 [V]
# name 12 = wetStar: Fluorescence, WET Labs WETstar [mg/m^3]
# name 13 = depSM: Depth [salt water, m], lat = 47.28
# name 14 = sal00: Salinity, Practical [PSU]
# name 15 = sigma-t00: Density [sigma-t, Kg/m^3 ]
# name 16 = sbeox0ML/L: Oxygen, SBE 43 [ml/l]
# name 17 = sbeox0Mg/L: Oxygen, SBE 43 [mg/l]
# name 18 = sbeox0Mm/Kg: Oxygen, SBE 43 [umol/Kg]
# name 19 = oxsatML/L: Oxygen Saturation, Weiss [ml/l]
# name 20 = oxsatMg/L: Oxygen Saturation, Weiss [mg/l]
# name 21 = flag:  0.000e+00
# span 0 =          1,        884                 
# span 1 =      0.951,     29.672                 
# span 2 =      1.380,     43.035                 
# span 3 =   3054.918,   3233.057                 
# span 4 =   7205.405,   8908.693                 
# span 5 =     8.4413,    11.0764                 
# span 6 =   2.117989,   3.458984                 
# span 7 =     0.0000,     3.1978                 
# span 8 =     0.0000,     0.0073                 
# span 9 =     0.0000,     0.4310                 
# span 10 =     0.0000,     0.0098                
# span 11 =     0.0000,     3.1978                
# span 12 =    -1.1506,     6.1422                
# span 13 =      0.943,     29.422                
# span 14 =    19.0908,    30.5268                
# span 15 =    14.7479,    23.2839                
# span 16 =   -1.39386,    6.35849                
# span 17 =   -1.99196,    9.08691                
# span 18 =    -60.840,    279.658                
# span 19 =    6.35026,    7.22871                
# span 20 =    9.07515,   10.33055                
# span 21 = 0.0000e+00, 0.0000e+00                
# interval = seconds: 0.5
# start_time = Jan 31 2016 20:27:08 [DatCnv date, localtime]
# bad_flag = -9.990e-29
*END*
[from data line 461]
        462      0.996      1.444   3063.397   7228.809     8.5691   2.134470     1.4530     0.0061     0.2076     0.0085     1.4530     2.3615      0.988    19.2377    14.8591    2.10532    3.00871     92.647    7.21709   10.31395  0.000e+00
        463      0.996      1.444   3063.080   7226.057     8.5644   2.132530     1.5470     0.0073     0.2686     0.0085     1.5470     3.3945      0.988    19.2211    14.8468    2.34386    3.34962    103.146    7.21866   10.31619  0.000e+00
        464      0.996      1.444   3062.891   7225.601     8.5615   2.132208     1.6447     0.0073     0.3114     0.0085     1.6447     4.1176      0.988    19.2195    14.8458    2.59143    3.70341    114.040    7.21921   10.31698  0.000e+00
        465      0.996      1.444   3062.511   7224.226     8.5558   2.131239     1.7448     0.0073     0.2503     0.0085     1.7448     3.0846      0.988    19.2131    14.8415    2.84548    4.06648    125.221    7.22048   10.31878  0.000e+00
        466      0.996      1.444   3062.511   7221.702     8.5558   2.129460     1.8486     0.0073     0.2918     0.0085     1.8486     3.7870      0.988    19.1956    14.8278    3.10873    4.44269    136.807    7.22129   10.31994  0.000e+00
        467      0.996      1.444   3062.891   7221.705     8.5615   2.129462     1.9573     0.0073     0.3834     0.0085     1.9573     5.3365      0.988    19.1925    14.8247    3.38368    4.83561    148.908    7.22047   10.31877  0.000e+00
        468      0.996      1.444   3062.765   7219.410     8.5596   2.127845     2.0611     0.0073     0.3602     0.0098     2.0611     4.9439      0.988    19.1776    14.8133    3.64708    5.21204    160.501    7.22148   10.32021  0.000e+00
        469      0.996      1.444   3062.828   7221.480     8.5606   2.129304     2.1600     0.0073     0.2906     0.0098     2.1600     3.7664      0.988    19.1914    14.8240    3.89722    5.56951    171.507    7.22068   10.31907  0.000e+00
        470      0.996      1.444   3062.701   7217.577     8.5587   2.126554     2.2466     0.0073     0.2857     0.0085     2.2466     3.6837      0.988    19.1654    14.8039    4.11768    5.88458    181.213    7.22220   10.32125  0.000e+00
        471      0.996      1.444   3062.765   7218.499     8.5596   2.127203     2.3284     0.0073     0.3553     0.0085     2.3284     4.8613      0.988    19.1713    14.8084    4.32471    6.18044    190.323    7.22177   10.32063  0.000e+00
        472      0.996      1.444   3062.638   7218.961     8.5577   2.127529     2.4066     0.0073     0.2772     0.0085     2.4066     3.5391      0.988    19.1755    14.8119    4.52276    6.46348    199.038    7.22189   10.32081  0.000e+00
        473      0.996      1.444   3062.449   7216.436     8.5548   2.125750     2.4847     0.0061     0.3309     0.0085     2.4847     4.4481      0.988    19.1595    14.7998    4.72153    6.74753    207.788    7.22312   10.32255  0.000e+00
        474      0.996      1.444   3062.196   7214.369     8.5510   2.124296     2.5580     0.0073     0.2466     0.0085     2.5580     3.0226      0.988    19.1473    14.7907    4.90797    7.01398    215.995    7.22433   10.32428  0.000e+00
        475      0.996      1.444   3062.512   7218.739     8.5558   2.127372     2.6276     0.0073     0.2759     0.0085     2.6276     3.5185      0.988    19.1750    14.8117    5.08292    7.26400    223.690    7.22224   10.32130  0.000e+00
        476      0.996      1.444   3062.196   7219.660     8.5510   2.128021     2.6935     0.0073     0.2589     0.0098     2.6935     3.2292      0.988    19.1840    14.8193    5.25023    7.50310    231.051    7.22262   10.32185  0.000e+00
        477      0.996      1.444   3061.943   7213.917     8.5472   2.123977     2.7509     0.0073     0.2430     0.0085     2.7509     2.9606      0.988    19.1462    14.7903    5.39740    7.71342    237.535    7.22502   10.32527  0.000e+00
        478      0.996      1.444   3062.070   7214.609     8.5491   2.124465     2.7998     0.0073     0.2503     0.0098     2.7998     3.0846      0.988    19.1500    14.7930    5.52083    7.88981    242.966    7.22452   10.32456  0.000e+00
        479      0.996      1.444   3062.070   7210.702     8.5491   2.121715     2.8413     0.0073     0.2076     0.0085     2.8413     2.3615      0.988    19.1229    14.7719    5.62702    8.04158    247.645    7.22578   10.32636  0.000e+00
        480      0.996      1.444   3062.259   7212.545     8.5520   2.123012     2.8767     0.0073     0.2552     0.0085     2.8767     3.1672      0.988    19.1341    14.7803    5.71601    8.16875    251.559    7.22478   10.32493  0.000e+00
        481      0.996      1.444   3061.817   7210.938     8.5453   2.121880     2.9096     0.0073     0.3468     0.0085     2.9096     4.7167      0.988    19.1266    14.7752    5.80070    8.28978    255.287    7.22625   10.32703  0.000e+00
        482      0.996      1.444   3061.627   7209.560     8.5425   2.120911     2.9353     0.0073     0.2979     0.0085     2.9353     3.8903      0.988    19.1186    14.7693    5.86637    8.38363    258.179    7.22710   10.32825  0.000e+00
        483      0.996      1.444   3061.817   7211.863     8.5453   2.122531     2.9597     0.0073     0.2759     0.0098     2.9597     3.5185      0.988    19.1330    14.7802    5.92737    8.47080    260.861    7.22595   10.32661  0.000e+00
        484      0.996      1.444   3061.943   7211.865     8.5472   2.122533     2.9853     0.0073     0.2918     0.0085     2.9853     3.7870      0.988    19.1320    14.7792    5.99216    8.56339    263.712    7.22568   10.32621  0.000e+00
        485      0.996      1.444   3061.880   7210.869     8.5463   2.121832     3.0049     0.0073     0.3248     0.0085     3.0049     4.3448      0.988    19.1256    14.7743    6.04205    8.63470    265.909    7.22613   10.32687  0.000e+00
        486      0.996      1.444   3061.817   7209.871     8.5453   2.121130     3.0244     0.0073     0.2991     0.0085     3.0244     3.9110      0.988    19.1192    14.7694    6.09195    8.70601    268.107    7.22659   10.32752  0.000e+00
        487      1.041      1.509   3061.753   7208.871     8.5444   2.120427     3.0403     0.0073     0.4310     0.0085     3.0403     6.1422      1.032    19.1128    14.7645    6.13261    8.76412    269.898    7.22705   10.32818  0.000e+00
        488      0.996      1.444   3061.437   7206.567     8.5396   2.118807     3.0586     0.0073     0.3150     0.0098     3.0586     4.1795      0.988    19.0994    14.7547    6.18019    8.83211    271.994    7.22847   10.33021  0.000e+00
        489      0.996      1.444   3061.500   7209.556     8.5405   2.120908     3.0696     0.0073     0.2821     0.0085     3.0696     3.6217      0.988    19.1196    14.7703    6.20712    8.87060    273.175    7.22738   10.32865  0.000e+00
        490      0.996      1.444   3061.246   7210.473     8.5367   2.121554     3.0806     0.0073     0.2650     0.0085     3.0806     3.3325      0.988    19.1280    14.7773    6.23517    8.91068    274.408    7.22763   10.32901  0.000e+00
        491      0.996      1.444   3061.436   7208.170     8.5396   2.119933     3.0879     0.0073     0.3419     0.0098     3.0879     4.6341      0.988    19.1105    14.7633    6.25406    8.93767    275.243    7.22796   10.32948  0.000e+00
        492      0.996      1.444   3061.499   7205.405     8.5405   2.117989     3.0952     0.0061     0.2369     0.0085     3.0952     2.8574      0.988    19.0908    14.7479    6.27329    8.96516    276.094    7.22871   10.33055  0.000e+00
        493      0.996      1.444   3061.498   7208.164     8.5405   2.119929     3.1038     0.0073     0.2259     0.0098     3.1038     2.6714      0.988    19.1100    14.7628    6.29420    8.99504    277.009    7.22783   10.32929  0.000e+00
        494      0.996      1.444   3061.308   7209.772     8.5377   2.121060     3.1123     0.0061     0.2796     0.0085     3.1123     3.5804      0.988    19.1226    14.7730    6.31575    9.02584    277.955    7.22772   10.32914  0.000e+00
        495      1.130      1.639   3061.245   7220.114     8.5367   2.128341     3.1172     0.0073     0.2637     0.0085     3.1172     3.3119      1.121    19.1949    14.8295    6.32545    9.03970    278.367    7.22453   10.32458  0.000e+00
        496      1.264      1.833   3060.802   7237.320     8.5300   2.140477     3.1221     0.0073     0.2479     0.0085     3.1221     3.0433      1.254    19.3181    14.9265    6.33386    9.05172    278.710    7.21994   10.31802  0.000e+00
        497      1.398      2.028   3058.777   7256.314     8.4995   2.153909     3.1270     0.0073     0.2418     0.0085     3.1270     2.9400      1.387    19.4674    15.0466    6.34451    9.06693    279.145    7.21816   10.31548  0.000e+00
        498      1.488      2.158   3056.690   7291.427     8.4680   2.178832     3.1331     0.0073     0.2784     0.0098     3.1331     3.5598      1.475    19.7313    15.2564    6.35366    9.08001    279.490    7.21123   10.30557  0.000e+00
        499      1.622      2.352   3054.918   7317.990     8.4413   2.197769     3.1368     0.0073     0.2918     0.0085     3.1368     3.7870      1.608    19.9339    15.4178    6.35849    9.08691    279.658    7.20634   10.29859  0.000e+00
        500      1.756      2.547   3055.234   7861.488     8.4461   2.600527     3.1416     0.0073     0.3284     0.0098     3.1416     4.4068      1.741    23.9677    18.5683    6.20734    8.87091    272.166    7.02124   10.03405  0.000e+00
        501      1.935      2.806   3092.614   8399.241     9.0078   3.027796     3.1477     0.0073     0.3199     0.0098     3.1477     4.2622      1.919    27.8936    21.5586    5.99498    8.56742    262.085    6.75916    9.65951  0.000e+00
        502      2.069      3.001   3130.179   8504.620     9.5675   3.114875     3.1514     0.0073     0.3651     0.0098     3.1514     5.0266      2.052    28.3342    21.8195    5.91634    8.45504    258.582    6.65550    9.51138  0.000e+00
        503      2.203      3.195   3147.885   8552.071     9.8297   3.154444     3.1587     0.0073     0.2821     0.0098     3.1587     3.6217      2.185    28.5239    21.9271    5.89388    8.42294    257.573    6.60854    9.44427  0.000e+00
        504      2.337      3.390   3157.179   8563.502     9.9669   3.164010     3.1624     0.0073     0.3004     0.0085     3.1624     3.9316      2.318    28.5110    21.8956    5.88606    8.41177    257.239    6.58888    9.41616  0.000e+00
        505      2.471      3.584   3161.036   8586.516    10.0237   3.183308     3.1661     0.0073     0.3162     0.0085     3.1661     4.2002      2.451    28.6582    22.0014    5.88216    8.40619    257.042    6.57439    9.39545  0.000e+00
        506      2.606      3.779   3165.083   8615.824    10.0833   3.207960     3.1709     0.0073     0.3101     0.0098     3.1709     4.0969      2.584    28.8562    22.1462    5.87884    8.40146    256.861    6.55743    9.37122  0.000e+00
        507      2.740      3.974   3172.101   8667.833    10.1865   3.251917     3.1783     0.0073     0.2589     0.0085     3.1783     3.2292      2.717    29.2107    22.4058    5.86998    8.38879    256.408    6.52772    9.32876  0.000e+00
        508      2.919      4.233   3183.544   8710.016    10.3545   3.287765     3.1917     0.0073     0.3846     0.0098     3.1917     5.3571      2.894    29.4310    22.5502    5.87224    8.39202    256.471    6.49442    9.28118  0.000e+00
        509      2.963      4.298   3192.712   8728.464    10.4888   3.303498     3.1978     0.0073     0.2674     0.0085     3.1978     3.3738      2.939    29.4780    22.5648    5.86816    8.38619    256.289    6.47328    9.25096  0.000e+00
        510      3.187      4.622   3198.591   8746.115    10.5747   3.318582     3.1856     0.0073     0.2674     0.0085     3.1856     3.3738      3.160    29.5573    22.6124    5.82726    8.32774    254.491    6.45780    9.22884  0.000e+00
        511      3.366      4.882   3203.585   8760.134    10.6477   3.330584     3.1490     0.0073     0.3443     0.0085     3.1490     4.6754      3.338    29.6165    22.6463    5.73339    8.19359    250.383    6.44504    9.21061  0.000e+00
        512      3.500      5.076   3206.999   8772.806    10.6975   3.341451     3.0879     0.0073     0.4029     0.0085     3.0879     5.6670      3.471    29.6831    22.6898    5.58693    7.98428    243.976    6.43529    9.19667  0.000e+00
        513      3.634      5.271   3209.906   8783.195    10.7399   3.350371     3.0000     0.0073     0.3895     0.0098     3.0000     5.4398      3.604    29.7363    22.7241    5.38139    7.69054    234.993    6.42714    9.18503  0.000e+00
        514      3.768      5.465   3213.130   8815.047    10.7868   3.377788     2.8926     0.0073     0.3297     0.0085     2.8926     4.4275      3.737    29.9676    22.8961    5.12594    7.32548    223.800    6.41116    9.16219  0.000e+00
        515      3.902      5.660   3217.871   8827.077    10.8559   3.388169     2.7717     0.0073     0.3504     0.0085     2.7717     4.7787      3.870    30.0131    22.9198    4.84494    6.92391    211.527    6.39965    9.14573  0.000e+00
        516      4.036      5.854   3220.400   8830.080    10.8926   3.390762     2.6435     0.0073     0.2955     0.0085     2.6435     3.8490      4.003    30.0083    22.9099    4.55285    6.50648    198.776    6.39469    9.13866  0.000e+00
        517      4.171      6.049   3221.537   8831.766    10.9092   3.392219     2.5177     0.0073     0.2686     0.0098     2.5177     3.3945      4.136    30.0091    22.9076    4.26829    6.09981    186.353    6.39235    9.13531  0.000e+00
        518      4.305      6.243   3222.232   8834.391    10.9193   3.394487     2.3956     0.0073     0.2637     0.0098     2.3956     3.3119      4.269    30.0230    22.9167    3.99234    5.70545    174.303    6.39038    9.13249  0.000e+00
        519      4.439      6.438   3222.674   8838.329    10.9257   3.397891     2.2808     0.0073     0.2466     0.0085     2.2808     3.0226      4.402    30.0510    22.9374    3.73298    5.33480    162.976    6.38835    9.12960  0.000e+00
        520      4.573      6.633   3223.559   8845.829    10.9386   3.404378     2.1722     0.0061     0.2601     0.0085     2.1722     3.2499      4.535    30.1041    22.9765    3.48648    4.98253    152.209    6.38442    9.12398  0.000e+00
        521      4.707      6.827   3224.696   8853.509    10.9551   3.411028     2.0720     0.0073     0.2100     0.0098     2.0720     2.4028      4.668    30.1556    23.0137    3.25927    4.65782    142.284    6.38005    9.11772  0.000e+00
        522      4.797      6.957   3226.023   8857.064    10.9744   3.414107     1.9829     0.0061     0.2015     0.0085     1.9829     2.2582      4.757    30.1699    23.0216    3.05755    4.36954    133.477    6.37679    9.11307  0.000e+00
        523      4.931      7.151   3226.845   8858.184    10.9863   3.415078     1.9035     0.0073     0.1990     0.0098     1.9035     2.2169      4.890    30.1696    23.0193    2.87866    4.11390    125.668    6.37514    9.11072  0.000e+00
        524      5.065      7.346   3227.224   8859.491    10.9918   3.416210     1.8327     0.0073     0.2198     0.0085     1.8327     2.5681      5.023    30.1761    23.0234    2.71928    3.88613    118.710    6.37412    9.10925  0.000e+00
        525      5.199      7.541   3227.539   8860.049    10.9964   3.416694     1.7692     0.0073     0.1685     0.0085     1.7692     1.7004      5.156    30.1770    23.0233    2.57653    3.68212    112.478    6.37344    9.10829  0.000e+00
        526      5.289      7.670   3227.665   8861.355    10.9982   3.417826     1.7094     0.0073     0.1832     0.0085     1.7094     1.9483      5.244    30.1866    23.0304    2.44201    3.48988    106.605    6.37280    9.10737  0.000e+00
