unitTesting/processed_seabird_noalign/ORCA1_CAST0014.cnv
* Sea-Bird SBE 19 Data File:
* FileName =
* Software Version 4.234
* Temperature SN = 2835
* Conductivity SN = 2835
* System UpLoad Time = Sat Jan 22 11:54:09 2005

** Ship: ORCA
** Cruise: Mooring
** Station: Twanoh
** Latitude: 47 22.5
** Longitude: 123 0.5
# nquan = 22
# nvalues = 907                                   
# units = specified
# name 0 = scan: Scan Count
# name 1 = prSM: Pressure, Strain Gauge [db]
# name 2 = prSE: Pressure, Strain Gauge [psi]
# name 3 = f0: Frequency 0
# name 4 = f1: Frequency 1
# name 5 = t090C: Temperature [ITS-90, deg C]
# name 6 = c0S/m: Conductivity [S/m]
# name 7 = v0: Voltage 0
# name 8 = v1: Voltage 1
# name 9 = v2: Voltage 2
# name 10 = v3: Voltage 3
# name 11 = sbeox0V: Oxygen raw, SBE 43 [V]
# name 12 = wetStar: Fluorescence, WET Labs WETstar [mg/m^3]
# name 13 = depSM: Depth [salt water, m], lat = 47.28
# name 14 = sal00: Salinity, Practical [PSU]
# name 15 = sigma-t00: Density [sigma-t, Kg/m^3 ]
# name 16 = sbeox0ML/L: Oxygen, SBE 43 [ml/l]
# name 17 = sbeox0Mg/L: Oxygen, SBE 43 [mg/l]
# name 18 = sbeox0Mm/Kg: Oxygen, SBE 43 [umol/Kg]
# name 19 = oxsatML/L: Oxygen Saturation, Weiss [ml/l]
# name 20 = oxsatMg/L: Oxygen Saturation, Weiss [mg/l]
# name 21 = flag:  0.000e+00
# span 0 =          1,        907                 
# span 1 =      0.951,     29.627                 
# span 2 =      1.380,     42.970                 
# span 3 =   3087.042,   3233.277                 
# span 4 =   7071.961,   8907.006                 
# span 5 =     8.9244,    11.0796                 
# span 6 =   2.025051,   3.457513                 
# span 7 =     0.0000,     3.0159                 
# span 8 =     0.0000,     0.0073                 
# span 9 =     0.0000,     0.5201                 
# span 10 =     0.0000,     0.0098                
# span 11 =     0.0000,     3.0159                
# span 12 =    -1.1506,     7.6503                
# span 13 =      0.943,     29.378                
# span 14 =    17.9648,    30.5110                
# span 15 =    13.8196,    23.2713                
# span 16 =   -1.39490,    5.88668                
# span 17 =   -1.99345,    8.41266                
# span 18 =    -60.889,    259.078                
# span 19 =    6.35065,    7.21049                
# span 20 =    9.07572,   10.30451                
# span 21 = 0.0000e+00, 0.0000e+00                
# interval = seconds: 0.5
# start_time = Jan 31 2016 20:27:10 [DatCnv date, localtime]
# bad_flag = -9.990e-29
*END*
[from data line 659]
        660     19.379     28.106   3231.643   8892.519    11.0559   3.444896     1.2882     0.0073     0.1306     0.0085     1.2882     1.0600     19.216    30.3984    23.1852    1.49553    2.13726     65.277    6.35630    9.08379  0.000e+00
        661     19.468     28.236   3231.707   8892.519    11.0569   3.444896     1.2882     0.0073     0.1306     0.0085     1.2882     1.0600     19.305    30.3976    23.1844    1.49553    2.13726     65.277    6.35620    9.08365  0.000e+00
        662     19.602     28.431   3231.644   8892.706    11.0559   3.445058     1.2857     0.0073     0.1331     0.0085     1.2857     1.1013     19.438    30.3999    23.1863    1.49008    2.12948     65.039    6.35624    9.08370  0.000e+00
        663     19.692     28.561   3231.707   8892.893    11.0569   3.445221     1.2869     0.0061     0.1294     0.0085     1.2869     1.0393     19.527    30.4007    23.1868    1.49280    2.13337     65.158    6.35608    9.08347  0.000e+00
        664     19.826     28.755   3231.833   8892.893    11.0587   3.445221     1.2857     0.0073     0.1319     0.0085     1.2857     1.0806     19.660    30.3992    23.1853    1.49005    2.12943     65.038    6.35589    9.08320  0.000e+00
        665     19.916     28.885   3231.833   8893.080    11.0587   3.445384     1.2857     0.0073     0.1306     0.0085     1.2857     1.0600     19.749    30.4007    23.1865    1.49005    2.12944     65.038    6.35583    9.08311  0.000e+00
        666     20.050     29.080   3231.833   8893.080    11.0587   3.445384     1.2857     0.0073     0.1306     0.0085     1.2857     1.0600     19.882    30.4007    23.1864    1.49008    2.12947     65.039    6.35583    9.08311  0.000e+00
        667     20.139     29.210   3231.897   8893.826    11.0596   3.446034     1.2845     0.0073     0.1368     0.0085     1.2845     1.1633     19.971    30.4062    23.1906    1.48728    2.12547     64.916    6.35548    9.08261  0.000e+00
        668     20.274     29.404   3231.960   8893.640    11.0605   3.445872     1.2833     0.0061     0.1319     0.0085     1.2833     1.0806     20.104    30.4038    23.1886    1.48456    2.12159     64.798    6.35545    9.08257  0.000e+00
        669     20.363     29.534   3231.960   8894.200    11.0605   3.446359     1.2833     0.0073     0.1331     0.0085     1.2833     1.1013     20.193    30.4086    23.1922    1.48454    2.12155     64.797    6.35526    9.08230  0.000e+00
        670     20.587     29.859   3232.023   8893.827    11.0614   3.446034     1.2821     0.0073     0.1319     0.0098     1.2821     1.0806     20.414    30.4045    23.1890    1.48185    2.11771     64.680    6.35529    9.08235  0.000e+00
        671     20.676     29.988   3231.960   8894.014    11.0605   3.446197     1.2821     0.0073     0.1306     0.0085     1.2821     1.0600     20.503    30.4068    23.1909    1.48188    2.11775     64.681    6.35533    9.08240  0.000e+00
        672     20.811     30.183   3231.960   8894.201    11.0605   3.446360     1.2833     0.0073     0.1306     0.0085     1.2833     1.0600     20.636    30.4084    23.1921    1.48463    2.12168     64.801    6.35526    9.08231  0.000e+00
        673     20.900     30.313   3231.897   8894.201    11.0596   3.446360     1.2821     0.0073     0.1306     0.0085     1.2821     1.0600     20.725    30.4091    23.1928    1.48193    2.11782     64.683    6.35536    9.08245  0.000e+00
        674     20.990     30.443   3232.023   8894.761    11.0614   3.446847     1.2821     0.0061     0.1294     0.0085     1.2821     1.0393     20.814    30.4123    23.1950    1.48186    2.11773     64.680    6.35498    9.08190  0.000e+00
        675     21.124     30.637   3232.023   8894.948    11.0614   3.447009     1.2833     0.0073     0.1306     0.0085     1.2833     1.0600     20.947    30.4139    23.1962    1.48461    2.12166     64.800    6.35492    9.08181  0.000e+00
        676     21.213     30.767   3231.960   8895.134    11.0605   3.447172     1.2821     0.0073     0.1392     0.0085     1.2821     1.2046     21.036    30.4162    23.1982    1.48190    2.11778     64.681    6.35495    9.08186  0.000e+00
        677     21.303     30.897   3232.087   8895.135    11.0624   3.447172     1.2821     0.0073     0.1294     0.0085     1.2821     1.0393     21.124    30.4146    23.1966    1.48187    2.11774     64.680    6.35476    9.08159  0.000e+00
        678     21.392     31.027   3232.087   8894.576    11.0624   3.446686     1.2833     0.0073     0.1331     0.0085     1.2833     1.1013     21.213    30.4098    23.1929    1.48467    2.12175     64.803    6.35495    9.08186  0.000e+00
        679     21.526     31.221   3232.087   8895.322    11.0624   3.447335     1.2833     0.0073     0.1380     0.0085     1.2833     1.1839     21.346    30.4161    23.1978    1.48464    2.12170     64.801    6.35470    9.08150  0.000e+00
        680     21.616     31.351   3232.150   8895.509    11.0633   3.447498     1.2833     0.0073     0.1306     0.0085     1.2833     1.0600     21.435    30.4169    23.1983    1.48463    2.12168     64.800    6.35454    9.08127  0.000e+00
        681     21.705     31.481   3231.961   8895.509    11.0605   3.447498     1.2857     0.0073     0.1319     0.0085     1.2857     1.0806     21.524    30.4192    23.2005    1.49018    2.12962     65.043    6.35483    9.08169  0.000e+00
        682     21.840     31.676   3232.150   8895.323    11.0633   3.447336     1.2857     0.0073     0.1294     0.0085     1.2857     1.0393     21.657    30.4152    23.1970    1.49016    2.12959     65.042    6.35461    9.08137  0.000e+00
        683     21.929     31.806   3232.087   8895.323    11.0624   3.447336     1.2857     0.0073     0.1306     0.0085     1.2857     1.0600     21.745    30.4160    23.1977    1.49020    2.12965     65.044    6.35471    9.08151  0.000e+00
        684     21.974     31.870   3232.087   8895.510    11.0624   3.447499     1.2869     0.0073     0.1331     0.0098     1.2869     1.1013     21.790    30.4175    23.1989    1.49294    2.13356     65.163    6.35464    9.08142  0.000e+00
        685     22.108     32.065   3232.087   8895.510    11.0624   3.447499     1.2869     0.0073     0.1294     0.0085     1.2869     1.0393     21.923    30.4175    23.1989    1.49296    2.13360     65.164    6.35464    9.08142  0.000e+00
        686     22.242     32.260   3232.087   8895.510    11.0624   3.447499     1.2894     0.0073     0.1319     0.0085     1.2894     1.0806     22.056    30.4174    23.1988    1.49847    2.14146     65.404    6.35465    9.08142  0.000e+00
        687     22.332     32.390   3232.087   8895.697    11.0624   3.447662     1.2906     0.0073     0.1306     0.0098     1.2906     1.0600     22.145    30.4190    23.2000    1.50121    2.14538     65.524    6.35458    9.08134  0.000e+00
        688     22.421     32.519   3232.151   8895.511    11.0633   3.447500     1.2906     0.0061     0.1319     0.0085     1.2906     1.0806     22.234    30.4166    23.1980    1.50123    2.14540     65.525    6.35455    9.08129  0.000e+00
        689     22.511     32.649   3232.087   8895.884    11.0624   3.447825     1.2906     0.0073     0.1306     0.0085     1.2906     1.0600     22.322    30.4205    23.2012    1.50124    2.14542     65.525    6.35452    9.08125  0.000e+00
        690     22.645     32.844   3232.151   8895.884    11.0633   3.447825     1.2918     0.0073     0.1331     0.0098     1.2918     1.1013     22.455    30.4197    23.2004    1.50398    2.14934     65.645    6.35443    9.08111  0.000e+00
        691     22.779     33.039   3232.088   8895.885    11.0624   3.447825     1.2894     0.0073     0.1306     0.0085     1.2894     1.0600     22.588    30.4204    23.2011    1.49855    2.14158     65.408    6.35453    9.08125  0.000e+00
        692     22.869     33.169   3232.151   8895.885    11.0633   3.447826     1.2906     0.0073     0.1294     0.0085     1.2906     1.0393     22.677    30.4196    23.2004    1.50129    2.14549     65.527    6.35443    9.08112  0.000e+00
        693     23.003     33.363   3232.214   8895.885    11.0642   3.447826     1.2906     0.0073     0.1319     0.0098     1.2906     1.0806     22.810    30.4188    23.1996    1.50130    2.14550     65.528    6.35434    9.08098  0.000e+00
        694     23.093     33.493   3232.214   8896.072    11.0642   3.447989     1.2906     0.0061     0.1319     0.0085     1.2906     1.0806     22.899    30.4204    23.2008    1.50130    2.14551     65.528    6.35427    9.08089  0.000e+00
        695     23.182     33.623   3232.214   8896.259    11.0642   3.448151     1.2918     0.0073     0.1306     0.0085     1.2918     1.0600     22.988    30.4219    23.2020    1.50404    2.14943     65.647    6.35421    9.08080  0.000e+00
        696     23.361     33.882   3232.277   8896.073    11.0651   3.447989     1.2918     0.0073     0.1319     0.0098     1.2918     1.0806     23.165    30.4195    23.2000    1.50407    2.14947     65.649    6.35418    9.08076  0.000e+00
        697     23.495     34.077   3232.214   8896.259    11.0642   3.448152     1.2906     0.0073     0.1319     0.0085     1.2906     1.0806     23.298    30.4218    23.2019    1.50137    2.14560     65.531    6.35422    9.08081  0.000e+00
        698     23.585     34.207   3232.278   8896.446    11.0651   3.448314     1.2906     0.0073     0.1306     0.0098     1.2906     1.0600     23.387    30.4226    23.2024    1.50135    2.14558     65.530    6.35406    9.08058  0.000e+00
        699     23.674     34.337   3232.278   8896.260    11.0651   3.448152     1.2906     0.0073     0.1306     0.0085     1.2906     1.0600     23.476    30.4210    23.2011    1.50138    2.14563     65.531    6.35412    9.08068  0.000e+00
        700     23.809     34.531   3232.278   8896.447    11.0651   3.448315     1.2906     0.0073     0.1294     0.0085     1.2906     1.0393     23.609    30.4225    23.2023    1.50140    2.14564     65.532    6.35406    9.08059  0.000e+00
        701     23.898     34.661   3232.278   8896.447    11.0651   3.448315     1.2906     0.0073     0.1306     0.0085     1.2906     1.0600     23.698    30.4225    23.2023    1.50141    2.14567     65.533    6.35406    9.08059  0.000e+00
        702     24.032     34.856   3232.215   8896.261    11.0642   3.448153     1.2906     0.0073     0.1294     0.0085     1.2906     1.0393     23.831    30.4216    23.2018    1.50148    2.14576     65.535    6.35422    9.08082  0.000e+00
        703     24.122     34.986   3232.278   8896.448    11.0651   3.448316     1.2906     0.0061     0.1294     0.0085     1.2906     1.0393     23.920    30.4224    23.2022    1.50146    2.14574     65.535    6.35407    9.08059  0.000e+00
        704     24.256     35.181   3232.278   8896.634    11.0651   3.448478     1.2894     0.0073     0.1294     0.0085     1.2894     1.0393     24.053    30.4239    23.2034    1.49873    2.14184     65.416    6.35400    9.08051  0.000e+00
        705     24.346     35.310   3232.341   8896.635    11.0661   3.448479     1.2894     0.0073     0.1306     0.0085     1.2894     1.0600     24.142    30.4231    23.2026    1.49873    2.14184     65.415    6.35391    9.08037  0.000e+00
        706     24.435     35.440   3232.341   8897.194    11.0661   3.448966     1.2882     0.0061     0.1306     0.0085     1.2882     1.0600     24.230    30.4279    23.2063    1.49596    2.13788     65.294    6.35372    9.08010  0.000e+00
        707     24.569     35.635   3232.278   8897.008    11.0651   3.448804     1.2882     0.0073     0.1331     0.0085     1.2882     1.1013     24.363    30.4270    23.2058    1.49603    2.13797     65.297    6.35388    9.08033  0.000e+00
        708     24.659     35.765   3232.278   8897.195    11.0651   3.448966     1.2894     0.0073     0.1294     0.0085     1.2894     1.0393     24.452    30.4285    23.2070    1.49877    2.14189     65.417    6.35382    9.08024  0.000e+00
        709     24.793     35.959   3232.341   8897.381    11.0661   3.449129     1.2882     0.0073     0.1306     0.0085     1.2882     1.0600     24.585    30.4293    23.2074    1.49602    2.13797     65.297    6.35366    9.08002  0.000e+00
        710     24.883     36.089   3232.405   8897.195    11.0670   3.448967     1.2894     0.0061     0.1282     0.0085     1.2894     1.0187     24.674    30.4269    23.2054    1.49877    2.14190     65.417    6.35363    9.07997  0.000e+00
        711     25.017     36.284   3232.405   8897.568    11.0670   3.449292     1.2906     0.0073     0.1294     0.0085     1.2906     1.0393     24.807    30.4301    23.2079    1.50151    2.14581     65.537    6.35350    9.07979  0.000e+00
        712     25.106     36.414   3232.468   8897.755    11.0679   3.449454     1.2894     0.0061     0.1294     0.0085     1.2894     1.0393     24.896    30.4309    23.2083    1.49876    2.14187     65.416    6.35334    9.07957  0.000e+00
        713     25.196     36.544   3232.468   8897.755    11.0679   3.449455     1.2894     0.0061     0.1294     0.0085     1.2894     1.0393     24.985    30.4308    23.2083    1.49877    2.14190     65.417    6.35335    9.07957  0.000e+00
        714     25.330     36.738   3232.468   8897.756    11.0679   3.449455     1.2894     0.0073     0.1319     0.0085     1.2894     1.0806     25.118    30.4308    23.2083    1.49880    2.14194     65.418    6.35335    9.07957  0.000e+00
        715     25.464     36.933   3232.342   8897.942    11.0661   3.449618     1.2906     0.0073     0.1319     0.0085     1.2906     1.0806     25.251    30.4338    23.2109    1.50160    2.14593     65.540    6.35348    9.07976  0.000e+00
        716     25.554     37.063   3232.405   8897.756    11.0670   3.449456     1.2906     0.0073     0.1306     0.0085     1.2906     1.0600     25.340    30.4314    23.2089    1.50161    2.14595     65.541    6.35345    9.07971  0.000e+00
        717     25.643     37.193   3232.468   8897.943    11.0679   3.449618     1.2906     0.0073     0.1294     0.0098     1.2906     1.0393     25.428    30.4322    23.2094    1.50159    2.14592     65.540    6.35329    9.07949  0.000e+00
        718     25.778     37.387   3232.468   8897.757    11.0679   3.449456     1.2918     0.0073     0.1294     0.0085     1.2918     1.0393     25.561    30.4306    23.2081    1.50437    2.14990     65.661    6.35335    9.07958  0.000e+00
        719     25.867     37.517   3232.405   8897.944    11.0670   3.449619     1.2918     0.0073     0.1294     0.0085     1.2918     1.0393     25.650    30.4329    23.2101    1.50440    2.14994     65.662    6.35339    9.07963  0.000e+00
        720     25.957     37.647   3232.405   8898.317    11.0670   3.449943     1.2930     0.0073     0.1294     0.0085     1.2930     1.0393     25.739    30.4361    23.2125    1.50713    2.15383     65.781    6.35326    9.07945  0.000e+00
        721     26.091     37.842   3232.342   8898.317    11.0661   3.449944     1.2930     0.0073     0.1306     0.0085     1.2930     1.0600     25.872    30.4368    23.2132    1.50718    2.15390     65.783    6.35336    9.07959  0.000e+00
        722     26.270     38.101   3232.342   8898.690    11.0661   3.450269     1.2943     0.0061     0.1319     0.0085     1.2943     1.0806     26.050    30.4399    23.2156    1.50992    2.15783     65.903    6.35324    9.07941  0.000e+00
        723     26.360     38.231   3232.342   8898.504    11.0661   3.450107     1.2943     0.0073     0.1306     0.0085     1.2943     1.0600     26.138    30.4383    23.2144    1.50996    2.15788     65.905    6.35330    9.07950  0.000e+00
        724     26.449     38.361   3232.405   8898.877    11.0670   3.450431     1.2967     0.0073     0.1306     0.0085     1.2967     1.0600     26.227    30.4406    23.2161    1.51540    2.16566     66.142    6.35308    9.07919  0.000e+00
