unitTesting/processed_seabird_noalign/ORCA1_CAST0049.cnv
* Sea-Bird SBE 19 Data File:
* FileName =
* Software Version 4.234
* Temperature SN = 2835
* Conductivity SN = 2835
* System UpLoad Time = Mon Jan 31 06:13:00 2005

** Ship: ORCA
** Cruise: Mooring
** Station: Twanoh
** Latitude: 47 22.5
** Longitude: 123 0.5
# nquan = 22
# nvalues = 932                                   
# units = specified
# name 0 = scan: Scan Count
# name 1 = prSM: Pressure, Strain Gauge [db]
# name 2 = prSE: Pressure, Strain Gauge [psi]
# name 3 = f0: Frequency 0
# name 4 = f1: Frequency 1
# name 5 = t090C: Temperature [ITS-90, deg C]
# name 6 = c0S/m: Conductivity [S/m]
# name 7 = v0: Voltage 0
# name 8 = v1: Voltage 1
# name 9 = v2: Voltage 2
# name 10 = v3: Voltage 3
# name 11 = sbeox0V: Oxygen raw, SBE 43 [V]
# name 12 = wetStar: Fluorescence, WET Labs WETstar [mg/m^3]
# name 13 = depSM: Depth [salt water, m], lat = 47.28
# name 14 = sal00: Salinity, Practical [PSU]
# name 15 = sigma-t00: Density [sigma-t, Kg/m^3 ]
# name 16 = sbeox0ML/L: Oxygen, SBE 43 [ml/l]
# name 17 = sbeox0Mg/L: Oxygen, SBE 43 [mg/l]
# name 18 = sbeox0Mm/Kg: Oxygen, SBE 43 [umol/Kg]
# name 19 = oxsatML/L: Oxygen Saturation, Weiss [ml/l]
# name 20 = oxsatMg/L: Oxygen Saturation, Weiss [mg/l]
# name 21 = flag:  0.000e+00
# span 0 =          1,        932                 
# span 1 =      0.906,     29.582                 
# span 2 =      1.315,     42.905                 
# span 3 =   3100.212,   3227.843                 
# span 4 =   7479.576,   8903.377                 
# span 5 =     9.1214,    11.0008                 
# span 6 =   2.314454,   3.454353                 
# span 7 =     0.0000,     2.7363                 
# span 8 =     0.0000,     0.0073                 
# span 9 =     0.0000,     0.2821                 
# span 10 =     0.0000,     0.0098                
# span 11 =     0.0000,     2.7363                
# span 12 =    -1.1506,     3.6217                
# span 13 =      0.899,     29.334                
# span 14 =    20.6917,    30.5867                
# span 15 =    15.9234,    23.3522                
# span 16 =   -1.39818,    5.21058                
# span 17 =   -1.99814,    7.44643                
# span 18 =    -61.035,    228.978                
# span 19 =    6.36539,    7.05896                
# span 20 =    9.09678,   10.08795                
# span 21 = 0.0000e+00, 0.0000e+00                
# interval = seconds: 0.5
# start_time = Jan 31 2016 20:27:40 [DatCnv date, localtime]
# bad_flag = -9.990e-29
*END*
[from data line 922]
        923     20.005     29.015   3224.947   8886.385    10.9587   3.439562     1.2674     0.0061     0.1368     0.0085     1.2674     1.1633     19.838    30.4264    23.2236    1.45171    2.07463     63.362    6.36866    9.10145  0.000e+00
        924     19.916     28.885   3225.010   8886.198    10.9596   3.439400     1.2662     0.0073     0.1368     0.0085     1.2662     1.1633     19.749    30.4240    23.2216    1.44894    2.07068     63.241    6.36862    9.10140  0.000e+00
        925     19.826     28.755   3225.010   8886.198    10.9596   3.439400     1.2662     0.0073     0.1355     0.0085     1.2662     1.1426     19.660    30.4241    23.2217    1.44892    2.07065     63.240    6.36862    9.10140  0.000e+00
        926     19.737     28.626   3224.883   8886.012    10.9578   3.439238     1.2650     0.0073     0.1355     0.0085     1.2650     1.1426     19.571    30.4240    23.2219    1.44621    2.06678     63.122    6.36888    9.10176  0.000e+00
        927     19.647     28.496   3224.883   8886.012    10.9578   3.439238     1.2650     0.0061     0.1355     0.0085     1.2650     1.1426     19.483    30.4241    23.2220    1.44620    2.06676     63.121    6.36888    9.10176  0.000e+00
        928     19.558     28.366   3224.947   8885.639    10.9587   3.438913     1.2637     0.0073     0.1355     0.0085     1.2637     1.1426     19.394    30.4202    23.2188    1.44344    2.06282     63.001    6.36891    9.10180  0.000e+00
        929     19.468     28.236   3224.947   8885.825    10.9587   3.439075     1.2637     0.0073     0.1355     0.0085     1.2637     1.1426     19.305    30.4218    23.2200    1.44341    2.06278     63.000    6.36884    9.10171  0.000e+00
        930     19.334     28.042   3224.883   8884.892    10.9578   3.438264     1.2625     0.0073     0.1355     0.0085     1.2625     1.1426     19.172    30.4146    23.2146    1.44073    2.05895     62.883    6.36925    9.10230  0.000e+00
        931     19.244     27.912   3224.883   8884.892    10.9578   3.438264     1.2625     0.0061     0.1355     0.0085     1.2625     1.1426     19.083    30.4147    23.2147    1.44071    2.05892     62.882    6.36925    9.10230  0.000e+00
        932     19.155     27.782   3224.820   8884.892    10.9569   3.438264     1.2613     0.0061     0.1368     0.0085     1.2613     1.1633     18.995    30.4155    23.2154    1.43797    2.05501     62.763    6.36935    9.10244  0.000e+00
