unitTesting/processed_seabird_noalign/ORCA1_CAST0026.cnv
* Sea-Bird SBE 19 Data File:
* FileName =
* Software Version 4.234
* Temperature SN = 2835
* Conductivity SN = 2835
* System UpLoad Time = Tue Jan 25 12:00:20 2005

** Ship: ORCA
** Cruise: Mooring
** Station: Twanoh
** Latitude: 47 22.5
** Longitude: 123 0.5
# nquan = 22
# nvalues = 882                                   
# units = specified
# name 0 = scan: Scan Count
# name 1 = prSM: Pressure, Strain Gauge [db]
# name 2 = prSE: Pressure, Strain Gauge [psi]
# name 3 = f0: Frequency 0
# name 4 = f1: Frequency 1
# name 5 = t090C: Temperature [ITS-90, deg C]
# name 6 = c0S/m: Conductivity [S/m]
# name 7 = v0: Voltage 0
# name 8 = v1: Voltage 1
# name 9 = v2: Voltage 2
# name 10 = v3: Voltage 3
# name 11 = sbeox0V: Oxygen raw, SBE 43 [V]
# name 12 = wetStar: Fluorescence, WET Labs WETstar [mg/m^3]
# name 13 = depSM: Depth [salt water, m], lat = 47.28
# name 14 = sal00: Salinity, Practical [PSU]
# name 15 = sigma-t00: Density [sigma-t, Kg/m^3 ]
# name 16 = sbeox0ML/L: Oxygen, SBE 43 [ml/l]
# name 17 = sbeox0Mg/L: Oxygen, SBE 43 [mg/l]
# name 18 = sbeox0Mm/Kg: Oxygen, SBE 43 [umol/Kg]
# name 19 = oxsatML/L: Oxygen Saturation, Weiss [ml/l]
# name 20 = oxsatMg/L: Oxygen Saturation, Weiss [mg/l]
# name 21 = flag:  0.000e+00
# span 0 =          1,        882                 
# span 1 =      0.862,     29.627                 
# span 2 =      1.250,     42.970                 
# span 3 =   3110.897,   3233.845                 
# span 4 =   7507.055,   8900.703                 
# span 5 =     9.2808,    11.0879                 
# span 6 =   2.334554,   3.452022                 
# span 7 =     0.0000,     2.9695                 
# span 8 =     0.0000,     0.0073                 
# span 9 =     0.0000,     0.2601                 
# span 10 =     0.0000,     0.0098                
# span 11 =     0.0000,     2.9695                
# span 12 =    -1.1506,     3.2499                
# span 13 =      0.855,     29.378                
# span 14 =    20.7991,    30.4610                
# span 15 =    15.9874,    23.2332                
# span 16 =   -1.39433,    5.62678                
# span 17 =   -1.99263,    8.04122                
# span 18 =    -60.862,    247.337                
# span 19 =    6.35328,    7.02875                
# span 20 =    9.07947,   10.04478                
# span 21 = 0.0000e+00, 0.0000e+00                
# interval = seconds: 0.5
# start_time = Jan 31 2016 20:27:20 [DatCnv date, localtime]
# bad_flag = -9.990e-29
*END*
[from data line 264]
        265     18.931     27.458   3232.507   8889.415    11.0685   3.442196     1.1441     0.0073     0.1319     0.0085     1.1441     1.0806     18.773    30.3618    23.1546    1.17221    1.67521     51.166    6.35603    9.08340  0.000e+00
        266     18.887     27.393   3232.380   8889.604    11.0666   3.442359     1.1441     0.0061     0.1343     0.0085     1.1441     1.1220     18.728    30.3650    23.1573    1.17223    1.67523     51.167    6.35616    9.08359  0.000e+00
        267     18.887     27.393   3232.444   8889.605    11.0675   3.442361     1.1441     0.0073     0.1331     0.0085     1.1441     1.1013     18.728    30.3642    23.1566    1.17221    1.67521     51.166    6.35606    9.08345  0.000e+00
        268     18.887     27.393   3232.444   8889.607    11.0676   3.442362     1.1453     0.0061     0.1319     0.0085     1.1453     1.0806     18.728    30.3642    23.1566    1.17495    1.67912     51.286    6.35606    9.08345  0.000e+00
        269     18.887     27.393   3232.382   8889.795    11.0666   3.442526     1.1453     0.0061     0.1355     0.0085     1.1453     1.1426     18.728    30.3666    23.1586    1.17495    1.67913     51.286    6.35609    9.08349  0.000e+00
        270     18.887     27.393   3232.445   8889.424    11.0676   3.442203     1.1465     0.0061     0.1355     0.0085     1.1465     1.1426     18.728    30.3627    23.1554    1.17770    1.68305     51.406    6.35612    9.08353  0.000e+00
        271     18.887     27.393   3232.445   8889.612    11.0676   3.442367     1.1477     0.0061     0.1380     0.0085     1.1477     1.1839     18.728    30.3643    23.1566    1.18043    1.68695     51.525    6.35606    9.08344  0.000e+00
        272     18.887     27.393   3232.446   8889.427    11.0676   3.442206     1.1490     0.0061     0.1392     0.0085     1.1490     1.2046     18.728    30.3627    23.1554    1.18318    1.69088     51.645    6.35612    9.08353  0.000e+00
        273     18.887     27.393   3232.446   8889.429    11.0676   3.442207     1.1490     0.0061     0.1404     0.0085     1.1490     1.2253     18.728    30.3627    23.1554    1.18318    1.69088     51.645    6.35612    9.08353  0.000e+00
        274     18.887     27.393   3232.383   8889.617    11.0667   3.442371     1.1490     0.0061     0.1404     0.0085     1.1490     1.2253     18.728    30.3650    23.1574    1.18318    1.69089     51.645    6.35615    9.08357  0.000e+00
        275     18.887     27.393   3232.447   8889.619    11.0676   3.442373     1.1490     0.0061     0.1368     0.0085     1.1490     1.1633     18.728    30.3643    23.1566    1.18317    1.69086     51.644    6.35605    9.08344  0.000e+00
        276     18.931     27.458   3232.384   8889.620    11.0667   3.442374     1.1490     0.0061     0.1368     0.0085     1.1490     1.1633     18.773    30.3651    23.1574    1.18319    1.69090     51.645    6.35615    9.08357  0.000e+00
        277     18.887     27.393   3232.384   8889.622    11.0667   3.442375     1.1477     0.0061     0.1343     0.0085     1.1477     1.1220     18.728    30.3651    23.1574    1.18044    1.68697     51.525    6.35615    9.08357  0.000e+00
        278     18.887     27.393   3232.448   8889.624    11.0676   3.442377     1.1477     0.0073     0.1355     0.0085     1.1477     1.1426     18.728    30.3643    23.1567    1.18043    1.68695     51.525    6.35605    9.08343  0.000e+00
        279     18.887     27.393   3232.448   8889.625    11.0676   3.442378     1.1477     0.0061     0.1343     0.0085     1.1477     1.1220     18.728    30.3643    23.1567    1.18043    1.68695     51.525    6.35605    9.08343  0.000e+00
        280     18.887     27.393   3232.385   8889.441    11.0667   3.442218     1.1477     0.0061     0.1343     0.0085     1.1477     1.1220     18.728    30.3635    23.1562    1.18045    1.68699     51.526    6.35621    9.08366  0.000e+00
        281     18.887     27.393   3232.386   8889.629    11.0667   3.442381     1.1477     0.0061     0.1343     0.0085     1.1477     1.1220     18.728    30.3651    23.1574    1.18044    1.68697     51.525    6.35614    9.08356  0.000e+00
        282     18.887     27.393   3232.386   8889.630    11.0667   3.442383     1.1477     0.0073     0.1355     0.0085     1.1477     1.1426     18.728    30.3651    23.1574    1.18044    1.68697     51.525    6.35614    9.08356  0.000e+00
        283     18.887     27.393   3232.323   8889.632    11.0658   3.442384     1.1477     0.0061     0.1319     0.0085     1.1477     1.0806     18.728    30.3659    23.1582    1.18046    1.68699     51.526    6.35624    9.08370  0.000e+00
        284     18.887     27.393   3232.387   8889.634    11.0667   3.442386     1.1465     0.0061     0.1331     0.0085     1.1465     1.1013     18.728    30.3651    23.1574    1.17770    1.68305     51.406    6.35614    9.08356  0.000e+00
        285     18.887     27.393   3232.387   8889.635    11.0667   3.442387     1.1465     0.0061     0.1319     0.0085     1.1465     1.0806     18.728    30.3652    23.1575    1.17770    1.68305     51.406    6.35614    9.08356  0.000e+00
        286     18.887     27.393   3232.388   8889.637    11.0667   3.442389     1.1465     0.0073     0.1319     0.0085     1.1465     1.0806     18.728    30.3652    23.1575    1.17770    1.68305     51.406    6.35614    9.08356  0.000e+00
        287     18.887     27.393   3232.325   8889.639    11.0658   3.442390     1.1465     0.0061     0.1319     0.0085     1.1465     1.0806     18.728    30.3659    23.1582    1.17772    1.68308     51.406    6.35623    9.08369  0.000e+00
        288     18.931     27.458   3232.262   8893.371    11.0649   3.445637     1.1465     0.0073     0.1319     0.0085     1.1465     1.0806     18.773    30.3984    23.1836    1.17751    1.68277     51.396    6.35506    9.08201  0.000e+00
        289     18.887     27.393   3232.325   8889.269    11.0658   3.442068     1.1453     0.0061     0.1319     0.0085     1.1453     1.0806     18.728    30.3628    23.1558    1.17500    1.67920     51.288    6.35636    9.08387  0.000e+00
        290     18.752     27.198   3232.452   8889.644    11.0677   3.442394     1.1465     0.0073     0.1331     0.0085     1.1465     1.1013     18.595    30.3645    23.1568    1.17766    1.68300     51.404    6.35603    9.08341  0.000e+00
        291     18.663     27.068   3232.579   8889.646    11.0695   3.442396     1.1465     0.0061     0.1319     0.0085     1.1465     1.0806     18.507    30.3630    23.1553    1.17762    1.68293     51.402    6.35584    9.08313  0.000e+00
        292     18.529     26.873   3232.453   8889.834    11.0677   3.442559     1.1465     0.0073     0.1319     0.0085     1.1465     1.0806     18.374    30.3662    23.1581    1.17761    1.68293     51.402    6.35596    9.08331  0.000e+00
        293     18.439     26.744   3232.516   8889.835    11.0686   3.442561     1.1477     0.0061     0.1331     0.0085     1.1477     1.1013     18.285    30.3655    23.1574    1.18032    1.68680     51.520    6.35587    9.08317  0.000e+00
        294     18.305     26.549   3232.517   8889.837    11.0686   3.442562     1.1477     0.0073     0.1343     0.0085     1.1477     1.1220     18.152    30.3656    23.1574    1.18030    1.68677     51.519    6.35586    9.08316  0.000e+00
        295     18.215     26.419   3232.391   8889.839    11.0668   3.442564     1.1477     0.0061     0.1526     0.0085     1.1477     1.4319     18.063    30.3671    23.1590    1.18032    1.68679     51.520    6.35605    9.08344  0.000e+00
        296     18.126     26.289   3232.581   8889.840    11.0695   3.442565     1.1490     0.0073     0.1404     0.0085     1.1490     1.2253     17.974    30.3649    23.1568    1.18299    1.69062     51.637    6.35576    9.08302  0.000e+00
        297     17.947     26.030   3232.518   8890.029    11.0686   3.442729     1.1490     0.0073     0.1368     0.0085     1.1490     1.1633     17.797    30.3673    23.1588    1.18297    1.69058     51.636    6.35579    9.08306  0.000e+00
        298     17.858     25.900   3232.581   8889.844    11.0695   3.442568     1.1490     0.0073     0.1368     0.0085     1.1490     1.1633     17.708    30.3650    23.1569    1.18295    1.69055     51.635    6.35575    9.08301  0.000e+00
        299     17.768     25.770   3232.518   8889.472    11.0686   3.442245     1.1490     0.0073     0.1343     0.0085     1.1490     1.1220     17.619    30.3626    23.1552    1.18297    1.69059     51.636    6.35598    9.08332  0.000e+00
        300     17.634     25.576   3232.519   8889.287    11.0686   3.442084     1.1490     0.0073     0.1453     0.0085     1.1490     1.3079     17.486    30.3611    23.1540    1.18296    1.69057     51.636    6.35604    9.08341  0.000e+00
        301     17.455     25.316   3232.519   8888.543    11.0686   3.441436     1.1490     0.0061     0.1355     0.0085     1.1490     1.1426     17.309    30.3548    23.1491    1.18298    1.69060     51.637    6.35629    9.08377  0.000e+00
        302     17.365     25.186   3232.456   8887.985    11.0677   3.440951     1.1477     0.0073     0.1343     0.0085     1.1477     1.1220     17.220    30.3509    23.1462    1.18028    1.68674     51.519    6.35657    9.08418  0.000e+00
        303     17.231     24.992   3232.330   8887.986    11.0659   3.440952     1.1465     0.0061     0.1319     0.0085     1.1465     1.0806     17.087    30.3525    23.1477    1.17755    1.68284     51.400    6.35676    9.08445  0.000e+00
        304     17.142     24.862   3232.457   8887.428    11.0677   3.440467     1.1465     0.0073     0.1368     0.0085     1.1465     1.1633     16.998    30.3462    23.1426    1.17754    1.68282     51.399    6.35676    9.08444  0.000e+00
        305     17.052     24.732   3232.331   8886.497    11.0659   3.439657     1.1453     0.0073     0.1343     0.0085     1.1453     1.1220     16.910    30.3399    23.1379    1.17488    1.67902     51.283    6.35726    9.08517  0.000e+00
        306     16.918     24.537   3232.331   8886.872    11.0659   3.439983     1.1441     0.0073     0.1368     0.0085     1.1441     1.1633     16.776    30.3431    23.1404    1.17210    1.67504     51.162    6.35713    9.08498  0.000e+00
        307     16.829     24.408   3232.205   8886.127    11.0641   3.439335     1.1441     0.0073     0.1355     0.0085     1.1441     1.1426     16.688    30.3383    23.1370    1.17216    1.67513     51.165    6.35758    9.08562  0.000e+00
        308     16.739     24.278   3232.142   8885.942    11.0632   3.439175     1.1429     0.0073     0.1368     0.0085     1.1429     1.1633     16.599    30.3375    23.1366    1.16943    1.67124     51.046    6.35774    9.08584  0.000e+00
        309     16.605     24.083   3232.080   8885.944    11.0623   3.439176     1.1416     0.0073     0.1392     0.0085     1.1416     1.2046     16.466    30.3383    23.1374    1.16669    1.66732     50.926    6.35783    9.08598  0.000e+00
        310     16.560     24.018   3232.080   8885.945    11.0623   3.439178     1.1404     0.0073     0.1416     0.0085     1.1404     1.2459     16.422    30.3384    23.1374    1.16394    1.66339     50.806    6.35783    9.08597  0.000e+00
        311     16.471     23.889   3232.080   8885.760    11.0623   3.439017     1.1404     0.0061     0.1392     0.0085     1.1404     1.2046     16.333    30.3368    23.1362    1.16394    1.66339     50.806    6.35789    9.08606  0.000e+00
        312     16.336     23.694   3231.954   8885.762    11.0604   3.439018     1.1392     0.0073     0.1368     0.0085     1.1392     1.1633     16.200    30.3384    23.1377    1.16121    1.65949     50.687    6.35808    9.08633  0.000e+00
        313     16.202     23.499   3231.954   8885.577    11.0604   3.438857     1.1392     0.0061     0.1441     0.0085     1.1392     1.2872     16.067    30.3369    23.1365    1.16120    1.65948     50.687    6.35814    9.08642  0.000e+00
        314     16.113     23.369   3231.892   8885.579    11.0595   3.438859     1.1368     0.0073     0.1380     0.0085     1.1368     1.1839     15.978    30.3377    23.1373    1.15573    1.65165     50.448    6.35823    9.08655  0.000e+00
        315     15.978     23.175   3231.892   8885.580    11.0595   3.438860     1.1368     0.0073     0.1355     0.0085     1.1368     1.1426     15.845    30.3377    23.1374    1.15571    1.65162     50.447    6.35823    9.08655  0.000e+00
        316     15.889     23.045   3231.829   8885.955    11.0586   3.439186     1.1355     0.0073     0.1343     0.0085     1.1355     1.1220     15.756    30.3417    23.1406    1.15295    1.64768     50.326    6.35820    9.08650  0.000e+00
        317     15.800     22.915   3231.893   8885.957    11.0596   3.439187     1.1368     0.0073     0.1392     0.0085     1.1368     1.2046     15.667    30.3410    23.1399    1.15565    1.65155     50.444    6.35810    9.08636  0.000e+00
        318     15.710     22.786   3231.830   8885.399    11.0586   3.438702     1.1355     0.0073     0.1343     0.0085     1.1355     1.1220     15.579    30.3370    23.1370    1.15295    1.64768     50.326    6.35838    9.08677  0.000e+00
        319     15.621     22.656   3231.767   8884.467    11.0577   3.437892     1.1368     0.0073     0.1380     0.0098     1.1368     1.1839     15.490    30.3299    23.1316    1.15575    1.65168     50.449    6.35880    9.08736  0.000e+00
        320     15.531     22.526   3231.641   8882.789    11.0559   3.436433     1.1368     0.0073     0.1404     0.0085     1.1368     1.2253     15.401    30.3172    23.1220    1.15587    1.65186     50.455    6.35956    9.08845  0.000e+00
        321     15.442     22.396   3231.262   8882.604    11.0504   3.436273     1.1368     0.0073     0.1355     0.0085     1.1368     1.1426     15.313    30.3202    23.1253    1.15597    1.65199     50.459    6.36020    9.08936  0.000e+00
        322     15.307     22.202   3231.073   8882.979    11.0477   3.436599     1.1355     0.0073     0.1355     0.0085     1.1355     1.1426     15.179    30.3257    23.1300    1.15323    1.64808     50.339    6.36036    9.08959  0.000e+00
        323     15.263     22.137   3231.136   8882.794    11.0486   3.436438     1.1368     0.0073     0.1368     0.0085     1.1368     1.1633     15.135    30.3234    23.1281    1.15596    1.65198     50.458    6.36033    9.08954  0.000e+00
        324     15.129     21.942   3231.137   8882.422    11.0486   3.436115     1.1380     0.0073     0.1368     0.0085     1.1380     1.1633     15.002    30.3202    23.1257    1.15870    1.65590     50.578    6.36045    9.08972  0.000e+00
        325     15.039     21.812   3231.011   8881.677    11.0468   3.435467     1.1380     0.0073     0.1368     0.0085     1.1380     1.1633     14.913    30.3155    23.1223    1.15876    1.65599     50.581    6.36090    9.09036  0.000e+00
        326     14.950     21.683   3230.884   8878.503    11.0449   3.432710     1.1392     0.0073     0.1355     0.0085     1.1392     1.1426     14.825    30.2900    23.1028    1.16172    1.66021     50.711    6.36217    9.09218  0.000e+00
        327     14.815     21.488   3230.253   8875.889    11.0358   3.430440     1.1392     0.0073     0.1441     0.0085     1.1392     1.2872     14.691    30.2754    23.0930    1.16202    1.66064     50.724    6.36403    9.09483  0.000e+00
        328     14.636     21.228   3229.621   8874.396    11.0266   3.429143     1.1380     0.0073     0.1355     0.0085     1.1380     1.1426     14.514    30.2703    23.0906    1.15951    1.65705     50.615    6.36550    9.09694  0.000e+00
        329     14.547     21.099   3229.179   8873.650    11.0202   3.428496     1.1392     0.0073     0.1355     0.0085     1.1392     1.1426     14.425    30.2693    23.0910    1.16239    1.66117     50.741    6.36643    9.09827  0.000e+00
