unitTesting/processed_seabird_noalign/ORCA1_CAST0008.cnv
* Sea-Bird SBE 19 Data File:
* FileName =
* Software Version 4.234
* Temperature SN = 2835
* Conductivity SN = 2835
* System UpLoad Time = Thu Jan 20 23:50:41 2005

** Ship: ORCA
** Cruise: Mooring
** Station: Twanoh
** Latitude: 47 22.5
** Longitude: 123 0.5
# nquan = 22
# nvalues = 890                                   
# units = specified
# name 0 = scan: Scan Count
# name 1 = prSM: Pressure, Strain Gauge [db]
# name 2 = prSE: Pressure, Strain Gauge [psi]
# name 3 = f0: Frequency 0
# name 4 = f1: Frequency 1
# name 5 = t090C: Temperature [ITS-90, deg C]
# name 6 = c0S/m: Conductivity [S/m]
# name 7 = v0: Voltage 0
# name 8 = v1: Voltage 1
# name 9 = v2: Voltage 2
# name 10 = v3: Voltage 3
# name 11 = sbeox0V: Oxygen raw, SBE 43 [V]
# name 12 = wetStar: Fluorescence, WET Labs WETstar [mg/m^3]
# name 13 = depSM: Depth [salt water, m], lat = 47.28
# name 14 = sal00: Salinity, Practical [PSU]
# name 15 = sigma-t00: Density [sigma-t, Kg/m^3 ]
# name 16 = sbeox0ML/L: Oxygen, SBE 43 [ml/l]
# name 17 = sbeox0Mg/L: Oxygen, SBE 43 [mg/l]
# name 18 = sbeox0Mm/Kg: Oxygen, SBE 43 [umol/Kg]
# name 19 = oxsatML/L: Oxygen Saturation, Weiss [ml/l]
# name 20 = oxsatMg/L: Oxygen Saturation, Weiss [mg/l]
# name 21 = flag:  0.000e+00
# span 0 =          1,        890                 
# span 1 =      0.951,     29.582                 
# span 2 =      1.380,     42.905                 
# span 3 =   3055.975,   3232.734                 
# span 4 =   7305.519,   8909.245                 
# span 5 =     8.4572,    11.0718                 
# span 6 =   2.188868,   3.459465                 
# span 7 =     0.0000,     3.0696                 
# span 8 =     0.0000,     0.0073                 
# span 9 =     0.0000,     0.6056                 
# span 10 =     0.0000,     0.0098                
# span 11 =     0.0000,     3.0696                
# span 12 =    -1.1506,     9.0965                
# span 13 =      0.943,     29.334                
# span 14 =    19.7447,    30.5326                
# span 15 =    15.2484,    23.2886                
# span 16 =   -1.39376,    6.10846                
# span 17 =   -1.99182,    8.72960                
# span 18 =    -60.834,    268.583                
# span 19 =    6.35020,    7.18485                
# span 20 =    9.07507,   10.26786                
# span 21 = 0.0000e+00, 0.0000e+00                
# interval = seconds: 0.5
# start_time = Jan 31 2016 20:27:05 [DatCnv date, localtime]
# bad_flag = -9.990e-29
*END*
[from data line 593]
        594     12.847     18.633   3231.314   8883.715    11.0512   3.437238     1.1392     0.0061     0.1416     0.0085     1.1392     1.2459     12.740    30.3300    23.1328    1.16095    1.65911     50.676    6.35970    9.08865  0.000e+00
        595     12.981     18.828   3231.313   8883.711    11.0511   3.437235     1.1416     0.0061     0.1380     0.0085     1.1416     1.1839     12.873    30.3299    23.1328    1.16645    1.66697     50.916    6.35971    9.08865  0.000e+00
        596     13.071     18.958   3231.377   8884.081    11.0521   3.437556     1.1453     0.0061     0.1636     0.0085     1.1453     1.6178     12.962    30.3323    23.1344    1.17464    1.67867     51.273    6.35948    9.08834  0.000e+00
        597     13.205     19.152   3231.376   8884.451    11.0521   3.437877     1.1477     0.0073     0.1563     0.0085     1.1477     1.4938     13.095    30.3354    23.1368    1.18011    1.68649     51.512    6.35936    9.08816  0.000e+00
        598     13.294     19.282   3231.376   8884.447    11.0521   3.437874     1.1514     0.0073     0.1526     0.0085     1.1514     1.4319     13.183    30.3353    23.1368    1.18834    1.69826     51.871    6.35936    9.08817  0.000e+00
        599     13.429     19.477   3231.439   8884.444    11.0530   3.437871     1.1551     0.0073     0.1380     0.0085     1.1551     1.1839     13.316    30.3345    23.1360    1.19656    1.71000     52.230    6.35927    9.08803  0.000e+00
        600     13.518     19.606   3231.376   8884.440    11.0521   3.437868     1.1575     0.0073     0.1343     0.0085     1.1575     1.1220     13.405    30.3352    23.1367    1.20207    1.71787     52.470    6.35937    9.08818  0.000e+00
        601     13.652     19.801   3231.502   8884.436    11.0539   3.437865     1.1624     0.0061     0.1331     0.0085     1.1624     1.1013     13.538    30.3336    23.1351    1.21301    1.73351     52.948    6.35918    9.08790  0.000e+00
        602     13.786     19.996   3231.439   8884.619    11.0530   3.438024     1.1685     0.0073     0.1355     0.0085     1.1685     1.1426     13.671    30.3358    23.1370    1.22673    1.75312     53.547    6.35922    9.08796  0.000e+00
        603     13.876     20.125   3231.439   8884.616    11.0530   3.438021     1.1746     0.0073     0.1429     0.0085     1.1746     1.2666     13.760    30.3358    23.1370    1.24043    1.77271     54.145    6.35922    9.08796  0.000e+00
        604     14.010     20.320   3231.439   8884.799    11.0530   3.438180     1.1795     0.0073     0.1380     0.0085     1.1795     1.1839     13.893    30.3373    23.1382    1.25140    1.78837     54.624    6.35916    9.08787  0.000e+00
        605     14.144     20.515   3231.439   8884.798    11.0530   3.438179     1.1844     0.0073     0.1355     0.0085     1.1844     1.1426     14.026    30.3372    23.1381    1.26238    1.80406     55.103    6.35916    9.08788  0.000e+00
        606     14.234     20.644   3231.439   8884.797    11.0530   3.438178     1.1868     0.0061     0.1355     0.0073     1.1868     1.1426     14.115    30.3372    23.1381    1.26787    1.81191     55.342    6.35916    9.08788  0.000e+00
        607     14.368     20.839   3231.439   8884.796    11.0530   3.438178     1.1905     0.0073     0.1331     0.0085     1.1905     1.1013     14.248    30.3371    23.1380    1.27611    1.82368     55.702    6.35917    9.08788  0.000e+00
        608     14.457     20.969   3231.502   8884.983    11.0539   3.438341     1.1917     0.0073     0.1319     0.0085     1.1917     1.0806     14.337    30.3379    23.1385    1.27883    1.82758     55.821    6.35901    9.08766  0.000e+00
        609     14.547     21.099   3231.502   8884.797    11.0539   3.438179     1.1929     0.0073     0.1306     0.0085     1.1929     1.0600     14.425    30.3363    23.1372    1.28160    1.83153     55.942    6.35907    9.08775  0.000e+00
        610     14.681     21.293   3231.439   8884.984    11.0530   3.438342     1.1966     0.0073     0.1294     0.0085     1.1966     1.0393     14.558    30.3386    23.1392    1.28984    1.84331     56.302    6.35911    9.08780  0.000e+00
        611     14.860     21.553   3231.502   8885.358    11.0539   3.438666     1.1966     0.0073     0.1306     0.0085     1.1966     1.0600     14.736    30.3410    23.1409    1.28983    1.84330     56.301    6.35889    9.08748  0.000e+00
        612     14.950     21.683   3231.565   8885.918    11.0548   3.439154     1.1978     0.0073     0.1294     0.0085     1.1978     1.0393     14.825    30.3449    23.1438    1.29253    1.84715     56.419    6.35860    9.08707  0.000e+00
        613     15.039     21.812   3231.628   8886.106    11.0557   3.439316     1.1990     0.0073     0.1343     0.0098     1.1990     1.1220     14.913    30.3457    23.1442    1.29525    1.85104     56.537    6.35844    9.08685  0.000e+00
        614     15.129     21.942   3231.565   8886.293    11.0548   3.439479     1.1990     0.0061     0.1319     0.0085     1.1990     1.0806     15.002    30.3480    23.1462    1.29527    1.85107     56.538    6.35847    9.08690  0.000e+00
        615     15.263     22.137   3231.565   8886.293    11.0548   3.439480     1.2015     0.0073     0.1282     0.0085     1.2015     1.0187     15.135    30.3480    23.1462    1.30077    1.85893     56.778    6.35848    9.08690  0.000e+00
        616     15.397     22.331   3231.565   8886.294    11.0548   3.439480     1.2027     0.0073     0.1306     0.0085     1.2027     1.0600     15.268    30.3479    23.1461    1.30354    1.86288     56.899    6.35848    9.08690  0.000e+00
        617     15.486     22.461   3231.502   8886.294    11.0539   3.439480     1.2027     0.0073     0.1306     0.0085     1.2027     1.0600     15.357    30.3487    23.1469    1.30357    1.86293     56.900    6.35858    9.08704  0.000e+00
        618     15.621     22.656   3231.628   8886.481    11.0557   3.439643     1.2027     0.0073     0.1306     0.0085     1.2027     1.0600     15.490    30.3487    23.1466    1.30354    1.86290     56.899    6.35832    9.08668  0.000e+00
        619     15.665     22.721   3231.502   8886.295    11.0539   3.439481     1.2039     0.0073     0.1294     0.0098     1.2039     1.0393     15.534    30.3486    23.1468    1.30634    1.86689     57.021    6.35858    9.08705  0.000e+00
        620     15.800     22.915   3231.628   8886.482    11.0557   3.439644     1.2051     0.0073     0.1306     0.0085     1.2051     1.0600     15.667    30.3486    23.1465    1.30905    1.87077     57.140    6.35832    9.08668  0.000e+00
        621     15.889     23.045   3231.628   8887.042    11.0557   3.440131     1.2051     0.0061     0.1343     0.0085     1.2051     1.1220     15.756    30.3534    23.1502    1.30903    1.87074     57.139    6.35813    9.08641  0.000e+00
        622     16.023     23.240   3231.565   8888.349    11.0548   3.441267     1.2063     0.0073     0.1331     0.0098     1.2063     1.1013     15.889    30.3652    23.1595    1.31172    1.87458     57.255    6.35779    9.08591  0.000e+00
        623     16.113     23.369   3231.691   8892.827    11.0566   3.445162     1.2063     0.0061     0.1282     0.0085     1.2063     1.0187     15.978    30.4018    23.1876    1.31138    1.87410     57.239    6.35607    9.08346  0.000e+00
        624     16.247     23.564   3231.818   8893.573    11.0585   3.445812     1.2076     0.0073     0.1331     0.0085     1.2076     1.1013     16.111    30.4066    23.1910    1.31406    1.87792     57.356    6.35562    9.08282  0.000e+00
        625     16.336     23.694   3231.944   8893.946    11.0603   3.446137     1.2088     0.0073     0.1331     0.0098     1.2088     1.1013     16.200    30.4082    23.1920    1.31675    1.88176     57.473    6.35530    9.08237  0.000e+00
        626     16.471     23.889   3231.881   8893.947    11.0594   3.446137     1.2088     0.0073     0.1306     0.0085     1.2088     1.0600     16.333    30.4089    23.1927    1.31679    1.88183     57.475    6.35540    9.08251  0.000e+00
        627     16.605     24.083   3231.944   8894.134    11.0603   3.446300     1.2088     0.0073     0.1306     0.0085     1.2088     1.0600     16.466    30.4097    23.1932    1.31678    1.88181     57.475    6.35524    9.08228  0.000e+00
        628     16.694     24.213   3231.944   8894.134    11.0603   3.446300     1.2100     0.0073     0.1306     0.0085     1.2100     1.0600     16.555    30.4096    23.1931    1.31954    1.88575     57.595    6.35525    9.08228  0.000e+00
        629     16.829     24.408   3231.944   8894.135    11.0603   3.446301     1.2100     0.0073     0.1294     0.0085     1.2100     1.0393     16.688    30.4096    23.1931    1.31956    1.88579     57.596    6.35525    9.08229  0.000e+00
        630     16.963     24.602   3231.944   8893.949    11.0603   3.446139     1.2112     0.0061     0.1294     0.0085     1.2112     1.0393     16.821    30.4080    23.1918    1.32234    1.88975     57.717    6.35531    9.08238  0.000e+00
        631     17.097     24.797   3231.881   8893.949    11.0594   3.446139     1.2125     0.0073     0.1294     0.0085     1.2125     1.0393     16.954    30.4087    23.1925    1.32512    1.89373     57.838    6.35541    9.08252  0.000e+00
        632     17.186     24.927   3231.944   8893.950    11.0603   3.446140     1.2149     0.0073     0.1306     0.0085     1.2149     1.0600     17.043    30.4079    23.1918    1.33059    1.90155     58.077    6.35532    9.08238  0.000e+00
        633     17.321     25.121   3231.944   8894.323    11.0603   3.446465     1.2173     0.0073     0.1319     0.0085     1.2173     1.0806     17.176    30.4110    23.1942    1.33606    1.90937     58.316    6.35519    9.08220  0.000e+00
        634     17.455     25.316   3231.944   8895.069    11.0603   3.447114     1.2210     0.0073     0.1380     0.0098     1.2210     1.1839     17.309    30.4173    23.1991    1.34425    1.92107     58.673    6.35494    9.08184  0.000e+00
        635     17.589     25.511   3231.944   8895.256    11.0603   3.447277     1.2247     0.0073     0.1319     0.0085     1.2247     1.0806     17.442    30.4188    23.2003    1.35247    1.93282     59.032    6.35488    9.08176  0.000e+00
        636     17.768     25.770   3231.944   8895.257    11.0603   3.447277     1.2283     0.0073     0.1306     0.0085     1.2283     1.0600     17.619    30.4188    23.2002    1.36072    1.94461     59.392    6.35488    9.08176  0.000e+00
        637     17.858     25.900   3231.944   8895.444    11.0603   3.447440     1.2320     0.0073     0.1306     0.0085     1.2320     1.0600     17.708    30.4203    23.2014    1.36894    1.95635     59.750    6.35482    9.08167  0.000e+00
        638     17.992     26.095   3232.007   8895.444    11.0612   3.447441     1.2344     0.0073     0.1306     0.0085     1.2344     1.0600     17.841    30.4195    23.2007    1.37442    1.96418     59.990    6.35472    9.08154  0.000e+00
        639     18.126     26.289   3232.007   8895.445    11.0612   3.447441     1.2393     0.0061     0.1294     0.0085     1.2393     1.0393     17.974    30.4195    23.2006    1.38540    1.97987     60.469    6.35473    9.08154  0.000e+00
        640     18.215     26.419   3232.007   8895.631    11.0612   3.447604     1.2430     0.0073     0.1294     0.0085     1.2430     1.0393     18.063    30.4210    23.2018    1.39361    1.99161     60.827    6.35466    9.08145  0.000e+00
        641     18.350     26.614   3231.944   8895.073    11.0603   3.447117     1.2454     0.0073     0.1294     0.0085     1.2454     1.0393     18.196    30.4170    23.1988    1.39918    1.99957     61.070    6.35495    9.08186  0.000e+00
        642     18.439     26.744   3232.007   8895.632    11.0612   3.447605     1.2479     0.0073     0.1319     0.0085     1.2479     1.0806     18.285    30.4210    23.2018    1.40461    2.00733     61.307    6.35467    9.08145  0.000e+00
        643     18.573     26.938   3232.007   8896.565    11.0612   3.448416     1.2515     0.0073     0.1306     0.0085     1.2515     1.0600     18.418    30.4288    23.2079    1.41278    2.01900     61.664    6.35435    9.08100  0.000e+00
        644     18.708     27.133   3232.007   8896.193    11.0612   3.448092     1.2527     0.0073     0.1294     0.0085     1.2527     1.0393     18.551    30.4256    23.2054    1.41557    2.02299     61.786    6.35448    9.08119  0.000e+00
        645     18.797     27.263   3231.944   8896.007    11.0603   3.447930     1.2552     0.0073     0.1319     0.0085     1.2552     1.0806     18.640    30.4248    23.2049    1.42110    2.03089     62.027    6.35464    9.08142  0.000e+00
        646     18.931     27.458   3232.007   8896.194    11.0612   3.448093     1.2589     0.0073     0.1319     0.0085     1.2589     1.0806     18.773    30.4255    23.2053    1.42931    2.04262     62.385    6.35448    9.08119  0.000e+00
        647     19.066     27.652   3231.943   8896.380    11.0603   3.448256     1.2601     0.0073     0.1294     0.0085     1.2601     1.0393     18.906    30.4278    23.2073    1.43208    2.04658     62.506    6.35452    9.08124  0.000e+00
        648     19.200     27.847   3232.007   8897.686    11.0612   3.449392     1.2637     0.0061     0.1306     0.0085     1.2637     1.0600     19.039    30.4381    23.2151    1.44020    2.05818     62.860    6.35398    9.08047  0.000e+00
        649     19.289     27.977   3232.133   8898.059    11.0630   3.449717     1.2662     0.0073     0.1319     0.0098     1.2662     1.0806     19.128    30.4398    23.2161    1.44562    2.06594     63.097    6.35366    9.08002  0.000e+00
        650     19.379     28.106   3232.133   8898.246    11.0630   3.449880     1.2686     0.0073     0.1294     0.0085     1.2686     1.0393     19.216    30.4413    23.2173    1.45110    2.07377     63.336    6.35360    9.07993  0.000e+00
        651     19.513     28.301   3232.070   8898.246    11.0621   3.449880     1.2698     0.0061     0.1319     0.0085     1.2698     1.0806     19.350    30.4420    23.2180    1.45389    2.07775     63.457    6.35370    9.08007  0.000e+00
        652     19.647     28.496   3232.133   8898.433    11.0630   3.450043     1.2711     0.0073     0.1319     0.0085     1.2711     1.0806     19.483    30.4428    23.2185    1.45662    2.08165     63.576    6.35354    9.07984  0.000e+00
        653     19.737     28.626   3232.133   8898.620    11.0630   3.450206     1.2723     0.0073     0.1306     0.0085     1.2723     1.0600     19.571    30.4444    23.2197    1.45936    2.08557     63.696    6.35348    9.07975  0.000e+00
        654     19.871     28.820   3232.133   8898.621    11.0630   3.450206     1.2723     0.0073     0.1343     0.0085     1.2723     1.1220     19.705    30.4443    23.2196    1.45938    2.08561     63.697    6.35348    9.07975  0.000e+00
        655     20.005     29.015   3232.070   8898.807    11.0621   3.450369     1.2735     0.0073     0.1306     0.0085     1.2735     1.0600     19.838    30.4466    23.2216    1.46215    2.08957     63.818    6.35351    9.07980  0.000e+00
        656     20.139     29.210   3232.070   8899.181    11.0621   3.450694     1.2735     0.0073     0.1294     0.0085     1.2735     1.0393     19.971    30.4498    23.2240    1.46215    2.08956     63.818    6.35339    9.07963  0.000e+00
        657     20.229     29.339   3232.196   8899.367    11.0640   3.450856     1.2747     0.0061     0.1294     0.0085     1.2747     1.0393     20.059    30.4498    23.2237    1.46485    2.09342     63.935    6.35313    9.07926  0.000e+00
        658     20.318     29.469   3232.196   8899.741    11.0640   3.451181     1.2772     0.0073     0.1294     0.0098     1.2772     1.0393     20.148    30.4529    23.2262    1.47032    2.10123     64.174    6.35301    9.07908  0.000e+00
