unitTesting/processed_seabird_noalign/ORCA1_CAST0039.cnv
* Sea-Bird SBE 19 Data File:
* FileName =
* Software Version 4.234
* Temperature SN = 2835
* Conductivity SN = 2835
* System UpLoad Time = Fri Jan 28 18:07:32 2005

** Ship: ORCA
** Cruise: Mooring
** Station: Twanoh
** Latitude: 47 22.5
** Longitude: 123 0.5
# nquan = 22
# nvalues = 925                                   
# units = specified
# name 0 = scan: Scan Count
# name 1 = prSM: Pressure, Strain Gauge [db]
# name 2 = prSE: Pressure, Strain Gauge [psi]
# name 3 = f0: Frequency 0
# name 4 = f1: Frequency 1
# name 5 = t090C: Temperature [ITS-90, deg C]
# name 6 = c0S/m: Conductivity [S/m]
# name 7 = v0: Voltage 0
# name 8 = v1: Voltage 1
# name 9 = v2: Voltage 2
# name 10 = v3: Voltage 3
# name 11 = sbeox0V: Oxygen raw, SBE 43 [V]
# name 12 = wetStar: Fluorescence, WET Labs WETstar [mg/m^3]
# name 13 = depSM: Depth [salt water, m], lat = 47.28
# name 14 = sal00: Salinity, Practical [PSU]
# name 15 = sigma-t00: Density [sigma-t, Kg/m^3 ]
# name 16 = sbeox0ML/L: Oxygen, SBE 43 [ml/l]
# name 17 = sbeox0Mg/L: Oxygen, SBE 43 [mg/l]
# name 18 = sbeox0Mm/Kg: Oxygen, SBE 43 [umol/Kg]
# name 19 = oxsatML/L: Oxygen Saturation, Weiss [ml/l]
# name 20 = oxsatMg/L: Oxygen Saturation, Weiss [mg/l]
# name 21 = flag:  0.000e+00
# span 0 =          1,        925                 
# span 1 =      0.951,     29.627                 
# span 2 =      1.380,     42.970                 
# span 3 =   3069.976,   3233.284                 
# span 4 =   7083.643,   8897.883                 
# span 5 =     8.6682,    11.0797                 
# span 6 =   2.033118,   3.449568                 
# span 7 =     0.0000,     2.8425                 
# span 8 =     0.0000,     0.0073                 
# span 9 =     0.0000,     0.3065                 
# span 10 =     0.0000,     0.0098                
# span 11 =     0.0000,     2.8425                
# span 12 =    -1.1506,     4.0349                
# span 13 =      0.943,     29.378                
# span 14 =    18.1850,    30.4651                
# span 15 =    14.0246,    23.2422                
# span 16 =   -1.39674,    5.56255                
# span 17 =   -1.99608,    7.94943                
# span 18 =    -60.978,    244.878                
# span 19 =    6.35780,    7.24814                
# span 20 =    9.08594,   10.35832                
# span 21 = 0.0000e+00, 0.0000e+00                
# interval = seconds: 0.5
# start_time = Jan 31 2016 20:27:31 [DatCnv date, localtime]
# bad_flag = -9.990e-29
*END*
[from data line 725]
        726     25.241     36.608   3229.189   8881.470    11.0203   3.435291     1.1355     0.0061     0.1355     0.0073     1.1355     1.1426     25.029    30.3315    23.1392    1.15538    1.65115     50.432    6.36392    9.09467  0.000e+00
        727     25.375     36.803   3229.169   8882.155    11.0200   3.435887     1.1368     0.0073     0.1380     0.0085     1.1368     1.1839     25.162    30.3375    23.1440    1.15811    1.65505     50.551    6.36372    9.09439  0.000e+00
        728     25.464     36.933   3229.295   8882.343    11.0219   3.436050     1.1368     0.0073     0.1368     0.0085     1.1368     1.1633     25.251    30.3375    23.1437    1.15808    1.65501     50.550    6.36346    9.09402  0.000e+00
        729     25.509     36.998   3229.359   8882.530    11.0228   3.436212     1.1368     0.0073     0.1343     0.0085     1.1368     1.1220     25.295    30.3383    23.1442    1.15806    1.65498     50.549    6.36330    9.09379  0.000e+00
        730     25.643     37.193   3229.359   8882.718    11.0228   3.436375     1.1355     0.0061     0.1368     0.0085     1.1355     1.1633     25.428    30.3399    23.1454    1.15532    1.65107     50.429    6.36324    9.09370  0.000e+00
        731     25.733     37.322   3229.233   8882.905    11.0210   3.436538     1.1368     0.0073     0.1368     0.0085     1.1368     1.1633     25.517    30.3430    23.1481    1.15810    1.65504     50.551    6.36337    9.09389  0.000e+00
        732     25.822     37.452   3229.170   8883.092    11.0200   3.436701     1.1368     0.0073     0.1368     0.0085     1.1368     1.1633     25.606    30.3453    23.1500    1.15812    1.65507     50.551    6.36340    9.09394  0.000e+00
        733     25.912     37.582   3229.170   8883.093    11.0200   3.436702     1.1368     0.0073     0.1368     0.0085     1.1368     1.1633     25.695    30.3452    23.1500    1.15813    1.65509     50.552    6.36340    9.09394  0.000e+00
        734     26.001     37.712   3229.170   8883.094    11.0200   3.436702     1.1380     0.0073     0.1355     0.0085     1.1380     1.1426     25.783    30.3452    23.1500    1.16089    1.65903     50.672    6.36340    9.09394  0.000e+00
        735     26.091     37.842   3229.044   8883.281    11.0182   3.436865     1.1380     0.0073     0.1355     0.0085     1.1380     1.1426     25.872    30.3483    23.1527    1.16093    1.65908     50.674    6.36353    9.09413  0.000e+00
        736     26.270     38.101   3229.107   8883.095    11.0191   3.436704     1.1380     0.0073     0.1380     0.0085     1.1380     1.1839     26.050    30.3459    23.1506    1.16095    1.65912     50.675    6.36350    9.09408  0.000e+00
        737     26.404     38.296   3228.918   8884.216    11.0164   3.437678     1.1404     0.0073     0.1355     0.0085     1.1404     1.1426     26.183    30.3576    23.1603    1.16644    1.66696     50.914    6.36341    9.09395  0.000e+00
        738     26.449     38.361   3229.171   8884.777    11.0201   3.438165     1.1392     0.0073     0.1355     0.0085     1.1392     1.1426     26.227    30.3593    23.1610    1.16360    1.66291     50.790    6.36283    9.09313  0.000e+00
        739     26.583     38.556   3229.234   8885.897    11.0210   3.439140     1.1416     0.0073     0.1355     0.0085     1.1416     1.1426     26.360    30.3681    23.1676    1.16903    1.67066     51.027    6.36236    9.09244  0.000e+00
        740     26.673     38.686   3229.361   8887.018    11.0228   3.440114     1.1404     0.0073     0.1355     0.0085     1.1404     1.1426     26.449    30.3761    23.1735    1.16619    1.66661     50.903    6.36178    9.09162  0.000e+00
        741     26.762     38.815   3229.614   8888.138    11.0265   3.441088     1.1429     0.0061     0.1355     0.0085     1.1429     1.1426     26.538    30.3825    23.1779    1.17156    1.67428     51.137    6.36101    9.09052  0.000e+00
        742     26.897     39.010   3229.741   8888.885    11.0283   3.441737     1.1429     0.0073     0.1355     0.0085     1.1429     1.1426     26.671    30.3873    23.1813    1.17150    1.67420     51.134    6.36057    9.08989  0.000e+00
        743     26.941     39.075   3229.741   8889.259    11.0283   3.442063     1.1441     0.0061     0.1355     0.0085     1.1441     1.1426     26.715    30.3905    23.1837    1.17423    1.67809     51.253    6.36044    9.08970  0.000e+00
        744     27.076     39.270   3229.741   8889.260    11.0283   3.442063     1.1453     0.0073     0.1355     0.0085     1.1453     1.1426     26.848    30.3904    23.1837    1.17700    1.68205     51.374    6.36044    9.08971  0.000e+00
        745     27.165     39.400   3229.994   8889.633    11.0320   3.442388     1.1453     0.0073     0.1343     0.0085     1.1453     1.1220     26.937    30.3905    23.1832    1.17692    1.68194     51.370    6.35993    9.08897  0.000e+00
        746     27.255     39.529   3229.868   8889.821    11.0302   3.442551     1.1465     0.0073     0.1355     0.0085     1.1465     1.1426     27.026    30.3936    23.1859    1.17970    1.68591     51.492    6.36006    9.08916  0.000e+00
        747     27.344     39.659   3229.868   8890.008    11.0302   3.442714     1.1465     0.0061     0.1368     0.0085     1.1465     1.1633     27.115    30.3952    23.1871    1.17970    1.68591     51.492    6.36000    9.08907  0.000e+00
        748     27.434     39.789   3229.805   8889.822    11.0293   3.442553     1.1490     0.0073     0.1355     0.0085     1.1490     1.1426     27.203    30.3943    23.1866    1.18523    1.69382     51.733    6.36016    9.08930  0.000e+00
        749     27.523     39.919   3229.868   8889.823    11.0302   3.442553     1.1502     0.0073     0.1368     0.0085     1.1502     1.1633     27.292    30.3935    23.1858    1.18797    1.69773     51.853    6.36006    9.08916  0.000e+00
        750     27.657     40.114   3229.869   8890.010    11.0302   3.442716     1.1502     0.0073     0.1380     0.0085     1.1502     1.1839     27.425    30.3951    23.1870    1.18798    1.69775     51.853    6.36000    9.08907  0.000e+00
        751     27.747     40.244   3229.869   8890.384    11.0302   3.443041     1.1514     0.0073     0.1368     0.0085     1.1514     1.1633     27.514    30.3982    23.1894    1.19072    1.70166     51.972    6.35987    9.08889  0.000e+00
        752     27.836     40.373   3229.869   8890.384    11.0302   3.443042     1.1502     0.0073     0.1380     0.0085     1.1502     1.1839     27.603    30.3982    23.1894    1.18799    1.69776     51.853    6.35987    9.08889  0.000e+00
        753     27.926     40.503   3229.933   8890.385    11.0311   3.443043     1.1514     0.0073     0.1368     0.0085     1.1514     1.1633     27.692    30.3974    23.1886    1.19073    1.70167     51.973    6.35978    9.08876  0.000e+00
        754     28.015     40.633   3229.806   8890.386    11.0293   3.443043     1.1526     0.0073     0.1355     0.0085     1.1526     1.1426     27.780    30.3989    23.1901    1.19352    1.70566     52.095    6.35997    9.08904  0.000e+00
        755     28.150     40.828   3229.870   8890.573    11.0302   3.443206     1.1526     0.0073     0.1355     0.0085     1.1526     1.1426     27.913    30.3996    23.1906    1.19352    1.70565     52.094    6.35981    9.08881  0.000e+00
        756     28.239     40.958   3229.870   8890.387    11.0302   3.443044     1.1551     0.0073     0.1355     0.0085     1.1551     1.1426     28.002    30.3980    23.1893    1.19903    1.71353     52.335    6.35988    9.08890  0.000e+00
        757     28.329     41.087   3229.870   8890.388    11.0302   3.443045     1.1538     0.0073     0.1343     0.0085     1.1538     1.1220     28.091    30.3980    23.1893    1.19630    1.70963     52.216    6.35988    9.08890  0.000e+00
        758     28.418     41.217   3229.807   8890.575    11.0293   3.443208     1.1551     0.0073     0.1343     0.0085     1.1551     1.1220     28.180    30.4003    23.1912    1.19906    1.71358     52.336    6.35991    9.08895  0.000e+00
        759     28.508     41.347   3229.934   8890.389    11.0311   3.443046     1.1551     0.0073     0.1343     0.0085     1.1551     1.1220     28.269    30.3972    23.1885    1.19906    1.71357     52.336    6.35978    9.08877  0.000e+00
        760     28.642     41.542   3229.871   8890.577    11.0302   3.443209     1.1575     0.0061     0.1343     0.0085     1.1575     1.1220     28.402    30.3995    23.1904    1.20457    1.72145     52.577    6.35982    9.08882  0.000e+00
        761     28.732     41.672   3229.871   8890.577    11.0302   3.443210     1.1575     0.0073     0.1343     0.0085     1.1575     1.1220     28.490    30.3994    23.1904    1.20459    1.72148     52.578    6.35982    9.08882  0.000e+00
        762     28.821     41.802   3229.871   8890.765    11.0302   3.443373     1.1587     0.0061     0.1343     0.0085     1.1587     1.1220     28.579    30.4010    23.1916    1.20733    1.72540     52.697    6.35976    9.08873  0.000e+00
        763     28.955     41.996   3229.745   8890.952    11.0284   3.443536     1.1600     0.0073     0.1368     0.0085     1.1600     1.1633     28.712    30.4041    23.1943    1.21012    1.72938     52.819    6.35989    9.08891  0.000e+00
        764     29.090     42.191   3229.872   8890.952    11.0302   3.443536     1.1612     0.0061     0.1343     0.0085     1.1612     1.1220     28.845    30.4025    23.1928    1.21285    1.73329     52.938    6.35970    9.08864  0.000e+00
        765     29.179     42.321   3229.872   8891.140    11.0302   3.443699     1.1624     0.0073     0.1355     0.0085     1.1624     1.1426     28.934    30.4040    23.1940    1.21560    1.73722     53.058    6.35963    9.08855  0.000e+00
        766     29.269     42.451   3229.872   8891.700    11.0302   3.444187     1.1624     0.0073     0.1355     0.0085     1.1624     1.1426     29.023    30.4088    23.1976    1.21558    1.73718     53.057    6.35944    9.08828  0.000e+00
        767     29.403     42.645   3229.619   8892.074    11.0266   3.444512     1.1624     0.0061     0.1343     0.0085     1.1624     1.1220     29.156    30.4149    23.2031    1.21564    1.73728     53.060    6.35970    9.08865  0.000e+00
        768     29.493     42.775   3229.556   8892.261    11.0257   3.444675     1.1636     0.0073     0.1368     0.0085     1.1636     1.1633     29.245    30.4173    23.2050    1.21841    1.74123     53.180    6.35974    9.08870  0.000e+00
        769     29.582     42.905   3229.241   8892.635    11.0211   3.445000     1.1636     0.0073     0.1343     0.0085     1.1636     1.1220     29.334    30.4242    23.2112    1.21848    1.74134     53.183    6.36009    9.08921  0.000e+00
        770     29.627     42.970   3229.241   8892.635    11.0211   3.445001     1.1636     0.0073     0.1343     0.0098     1.1636     1.1220     29.378    30.4242    23.2112    1.21849    1.74135     53.183    6.36009    9.08921  0.000e+00
        771     29.582     42.905   3229.241   8892.263    11.0211   3.444677     1.1648     0.0073     0.1355     0.0085     1.1648     1.1426     29.334    30.4210    23.2087    1.22125    1.74529     53.304    6.36022    9.08939  0.000e+00
        772     29.582     42.905   3229.304   8892.077    11.0220   3.444515     1.1636     0.0073     0.1355     0.0085     1.1636     1.1426     29.334    30.4187    23.2068    1.21850    1.74136     53.184    6.36019    9.08934  0.000e+00
        773     29.582     42.905   3229.431   8891.705    11.0238   3.444191     1.1648     0.0073     0.1343     0.0085     1.1648     1.1220     29.334    30.4140    23.2028    1.22124    1.74527     53.304    6.36012    9.08925  0.000e+00
        774     29.582     42.905   3229.558   8890.959    11.0257   3.443543     1.1648     0.0073     0.1343     0.0085     1.1648     1.1220     29.334    30.4061    23.1964    1.22125    1.74529     53.305    6.36018    9.08933  0.000e+00
        775     29.627     42.970   3229.558   8890.774    11.0257   3.443381     1.1648     0.0061     0.1343     0.0085     1.1648     1.1220     29.378    30.4045    23.1951    1.22127    1.74532     53.306    6.36024    9.08943  0.000e+00
        776     29.582     42.905   3229.495   8889.841    11.0248   3.442570     1.1661     0.0073     0.1355     0.0085     1.1661     1.1426     29.334    30.3973    23.1897    1.22409    1.74934     53.429    6.36066    9.09002  0.000e+00
        777     29.582     42.905   3229.748   8889.282    11.0284   3.442084     1.1673     0.0061     0.1343     0.0085     1.1673     1.1220     29.334    30.3896    23.1830    1.22680    1.75322     53.548    6.36046    9.08974  0.000e+00
        778     29.582     42.905   3229.622   8890.216    11.0266   3.442896     1.1697     0.0073     0.1355     0.0098     1.1697     1.1426     29.334    30.3990    23.1907    1.23226    1.76103     53.785    6.36034    9.08956  0.000e+00
        779     29.582     42.905   3229.748   8889.284    11.0284   3.442085     1.1709     0.0061     0.1343     0.0085     1.1709     1.1220     29.334    30.3896    23.1830    1.23503    1.76499     53.907    6.36046    9.08974  0.000e+00
        780     29.627     42.970   3229.622   8889.098    11.0266   3.441924     1.1734     0.0073     0.1343     0.0085     1.1734     1.1220     29.378    30.3895    23.1833    1.24058    1.77291     54.149    6.36072    9.09010  0.000e+00
        781     29.582     42.905   3229.496   8889.099    11.0248   3.441924     1.1758     0.0073     0.1343     0.0085     1.1758     1.1220     29.334    30.3910    23.1848    1.24609    1.78079     54.390    6.36091    9.09038  0.000e+00
        782     29.627     42.970   3229.559   8888.540    11.0257   3.441438     1.1758     0.0061     0.1343     0.0085     1.1758     1.1220     29.378    30.3855    23.1803    1.24612    1.78083     54.391    6.36101    9.09051  0.000e+00
        783     29.627     42.970   3229.623   8889.660    11.0266   3.442412     1.1770     0.0073     0.1355     0.0085     1.1770     1.1426     29.378    30.3942    23.1870    1.24877    1.78462     54.506    6.36053    9.08983  0.000e+00
        784     29.627     42.970   3229.560   8888.914    11.0257   3.441764     1.1783     0.0061     0.1343     0.0085     1.1783     1.1220     29.378    30.3887    23.1828    1.25159    1.78864     54.629    6.36088    9.09033  0.000e+00
        785     29.582     42.905   3229.560   8888.542    11.0257   3.441440     1.1783     0.0073     0.1368     0.0085     1.1783     1.1633     29.334    30.3855    23.1803    1.25160    1.78867     54.630    6.36100    9.09051  0.000e+00
        786     29.582     42.905   3229.623   8888.542    11.0266   3.441440     1.1795     0.0061     0.1368     0.0085     1.1795     1.1633     29.334    30.3847    23.1796    1.25433    1.79256     54.749    6.36091    9.09037  0.000e+00
        787     29.582     42.905   3229.624   8888.916    11.0266   3.441766     1.1783     0.0073     0.1355     0.0085     1.1783     1.1426     29.334    30.3879    23.1821    1.25156    1.78861     54.628    6.36078    9.09019  0.000e+00
        788     29.582     42.905   3229.497   8889.477    11.0248   3.442253     1.1770     0.0073     0.1355     0.0098     1.1770     1.1426     29.334    30.3942    23.1873    1.24881    1.78468     54.508    6.36078    9.09019  0.000e+00
        789     29.582     42.905   3229.561   8889.851    11.0257   3.442578     1.1770     0.0073     0.1380     0.0085     1.1770     1.1839     29.334    30.3966    23.1890    1.24877    1.78462     54.506    6.36055    9.08987  0.000e+00
        790     29.582     42.905   3229.624   8889.665    11.0266   3.442416     1.1770     0.0073     0.1355     0.0085     1.1770     1.1426     29.334    30.3943    23.1870    1.24877    1.78461     54.506    6.36052    9.08982  0.000e+00
