unitTesting/processed_seabird_noalign/ORCA1_CAST0026.cnv
* Sea-Bird SBE 19 Data File:
* FileName =
* Software Version 4.234
* Temperature SN = 2835
* Conductivity SN = 2835
* System UpLoad Time = Tue Jan 25 12:00:20 2005

** Ship: ORCA
** Cruise: Mooring
** Station: Twanoh
** Latitude: 47 22.5
** Longitude: 123 0.5
# nquan = 22
# nvalues = 882                                   
# units = specified
# name 0 = scan: Scan Count
# name 1 = prSM: Pressure, Strain Gauge [db]
# name 2 = prSE: Pressure, Strain Gauge [psi]
# name 3 = f0: Frequency 0
# name 4 = f1: Frequency 1
# name 5 = t090C: Temperature [ITS-90, deg C]
# name 6 = c0S/m: Conductivity [S/m]
# name 7 = v0: Voltage 0
# name 8 = v1: Voltage 1
# name 9 = v2: Voltage 2
# name 10 = v3: Voltage 3
# name 11 = sbeox0V: Oxygen raw, SBE 43 [V]
# name 12 = wetStar: Fluorescence, WET Labs WETstar [mg/m^3]
# name 13 = depSM: Depth [salt water, m], lat = 47.28
# name 14 = sal00: Salinity, Practical [PSU]
# name 15 = sigma-t00: Density [sigma-t, Kg/m^3 ]
# name 16 = sbeox0ML/L: Oxygen, SBE 43 [ml/l]
# name 17 = sbeox0Mg/L: Oxygen, SBE 43 [mg/l]
# name 18 = sbeox0Mm/Kg: Oxygen, SBE 43 [umol/Kg]
# name 19 = oxsatML/L: Oxygen Saturation, Weiss [ml/l]
# name 20 = oxsatMg/L: Oxygen Saturation, Weiss [mg/l]
# name 21 = flag:  0.000e+00
# span 0 =          1,        882                 
# span 1 =      0.862,     29.627                 
# span 2 =      1.250,     42.970                 
# span 3 =   3110.897,   3233.845                 
# span 4 =   7507.055,   8900.703                 
# span 5 =     9.2808,    11.0879                 
# span 6 =   2.334554,   3.452022                 
# span 7 =     0.0000,     2.9695                 
# span 8 =     0.0000,     0.0073                 
# span 9 =     0.0000,     0.2601                 
# span 10 =     0.0000,     0.0098                
# span 11 =     0.0000,     2.9695                
# span 12 =    -1.1506,     3.2499                
# span 13 =      0.855,     29.378                
# span 14 =    20.7991,    30.4610                
# span 15 =    15.9874,    23.2332                
# span 16 =   -1.39433,    5.62678                
# span 17 =   -1.99263,    8.04122                
# span 18 =    -60.862,    247.337                
# span 19 =    6.35328,    7.02875                
# span 20 =    9.07947,   10.04478                
# span 21 = 0.0000e+00, 0.0000e+00                
# interval = seconds: 0.5
# start_time = Jan 31 2016 20:27:20 [DatCnv date, localtime]
# bad_flag = -9.990e-29
*END*
[from data line 330]
        331     14.323     20.774   3228.421   8870.289    11.0092   3.425578     1.1392     0.0073     0.1368     0.0085     1.1392     1.1633     14.204    30.2499    23.0777    1.16276    1.66170     50.758    6.36874    9.10156  0.000e+00
        332     14.279     20.709   3228.421   8871.038    11.0092   3.426228     1.1404     0.0073     0.1380     0.0085     1.1404     1.1839     14.159    30.2563    23.0827    1.16545    1.66554     50.875    6.36848    9.10120  0.000e+00
        333     14.100     20.450   3228.358   8871.227    11.0083   3.426392     1.1429     0.0073     0.1343     0.0085     1.1429     1.1220     13.982    30.2587    23.0847    1.17091    1.67335     51.113    6.36851    9.10124  0.000e+00
        334     14.010     20.320   3228.485   8870.294    11.0101   3.425582     1.1441     0.0073     0.1368     0.0085     1.1441     1.1633     13.893    30.2493    23.0771    1.17366    1.67728     51.233    6.36863    9.10141  0.000e+00
        335     13.876     20.125   3228.359   8870.669    11.0083   3.425908     1.1465     0.0073     0.1355     0.0085     1.1465     1.1426     13.760    30.2540    23.0811    1.17913    1.68510     51.472    6.36870    9.10150  0.000e+00
        336     13.831     20.060   3228.296   8869.549    11.0074   3.424936     1.1477     0.0061     0.1368     0.0085     1.1477     1.1633     13.716    30.2453    23.0745    1.18196    1.68913     51.596    6.36917    9.10219  0.000e+00
        337     13.697     19.866   3228.044   8868.429    11.0037   3.423964     1.1526     0.0073     0.1380     0.0085     1.1526     1.1839     13.583    30.2388    23.0701    1.19304    1.70498     52.080    6.36994    9.10328  0.000e+00
        338     13.608     19.736   3227.791   8867.121    11.0000   3.422830     1.1551     0.0073     0.1355     0.0085     1.1551     1.1426     13.494    30.2308    23.0645    1.19866    1.71301     52.325    6.37077    9.10447  0.000e+00
        339     13.473     19.541   3227.475   8866.936    10.9954   3.422669     1.1600     0.0073     0.1355     0.0085     1.1600     1.1426     13.361    30.2330    23.0670    1.20971    1.72880     52.808    6.37132    9.10525  0.000e+00
        340     13.384     19.412   3227.539   8866.189    10.9964   3.422021     1.1636     0.0073     0.1355     0.0098     1.1636     1.1426     13.272    30.2260    23.0613    1.21796    1.74058     53.168    6.37148    9.10548  0.000e+00
        341     13.250     19.217   3227.350   8863.572    10.9936   3.419751     1.1697     0.0073     0.1368     0.0085     1.1697     1.1633     13.139    30.2060    23.0463    1.23187    1.76047     53.776    6.37266    9.10717  0.000e+00
        342     13.160     19.087   3226.781   8861.702    10.9854   3.418130     1.1734     0.0073     0.1368     0.0085     1.1734     1.1633     13.050    30.1970    23.0407    1.24037    1.77261     54.147    6.37417    9.10933  0.000e+00
        343     13.026     18.893   3226.402   8860.955    10.9799   3.417482     1.1770     0.0073     0.1343     0.0085     1.1770     1.1220     12.917    30.1952    23.0403    1.24873    1.78457     54.512    6.37501    9.11052  0.000e+00
        344     12.937     18.763   3226.339   8860.957    10.9790   3.417484     1.1795     0.0073     0.1343     0.0085     1.1795     1.1220     12.828    30.1960    23.0410    1.25422    1.79241     54.752    6.37510    9.11066  0.000e+00
        345     12.802     18.568   3226.213   8859.274    10.9771   3.416025     1.1832     0.0073     0.1343     0.0085     1.1832     1.1220     12.695    30.1833    23.0315    1.26258    1.80436     55.118    6.37587    9.11175  0.000e+00
        346     12.668     18.374   3225.961   8859.463    10.9735   3.416189     1.1844     0.0073     0.1355     0.0098     1.1844     1.1426     12.562    30.1879    23.0357    1.26536    1.80833     55.239    6.37619    9.11221  0.000e+00
        347     12.579     18.244   3226.088   8860.026    10.9753   3.416677     1.1893     0.0061     0.1343     0.0085     1.1893     1.1220     12.474    30.1912    23.0380    1.27625    1.82389     55.714    6.37580    9.11166  0.000e+00
        348     12.445     18.049   3226.151   8860.028    10.9762   3.416678     1.1929     0.0073     0.1355     0.0085     1.1929     1.1426     12.341    30.1906    23.0373    1.28444    1.83560     56.072    6.37570    9.11151  0.000e+00
        349     12.310     17.855   3226.025   8860.029    10.9744   3.416680     1.1941     0.0061     0.1343     0.0085     1.1941     1.1220     12.207    30.1921    23.0388    1.28720    1.83954     56.192    6.37589    9.11179  0.000e+00
        350     12.221     17.725   3226.089   8860.218    10.9753   3.416843     1.1978     0.0073     0.1380     0.0085     1.1978     1.1839     12.119    30.1930    23.0393    1.29539    1.85124     56.549    6.37573    9.11155  0.000e+00
        351     12.131     17.595   3226.152   8859.284    10.9762   3.416033     1.2002     0.0061     0.1355     0.0085     1.2002     1.1426     12.030    30.1844    23.0324    1.30091    1.85913     56.791    6.37595    9.11187  0.000e+00
        352     11.997     17.400   3225.963   8858.537    10.9735   3.415386     1.2039     0.0073     0.1368     0.0085     1.2039     1.1633     11.897    30.1803    23.0298    1.30922    1.87101     57.154    6.37649    9.11265  0.000e+00
        353     11.818     17.141   3225.963   8858.725    10.9735   3.415549     1.2063     0.0061     0.1368     0.0085     1.2063     1.1633     11.720    30.1820    23.0311    1.31467    1.87879     57.391    6.37642    9.11255  0.000e+00
        354     11.684     16.946   3225.900   8857.229    10.9726   3.414253     1.2088     0.0073     0.1380     0.0085     1.2088     1.1839     11.586    30.1701    23.0220    1.32026    1.88678     57.636    6.37703    9.11341  0.000e+00
        355     11.550     16.752   3225.585   8856.107    10.9680   3.413281     1.2112     0.0073     0.1368     0.0085     1.2112     1.1633     11.453    30.1644    23.0183    1.32590    1.89484     57.882    6.37790    9.11465  0.000e+00
        356     11.460     16.622   3225.269   8856.109    10.9634   3.413282     1.2137     0.0073     0.1392     0.0085     1.2137     1.2046     11.365    30.1682    23.0221    1.33146    1.90279     58.125    6.37838    9.11535  0.000e+00
        357     11.326     16.427   3225.269   8855.736    10.9634   3.412959     1.2173     0.0073     0.1392     0.0085     1.2173     1.2046     11.232    30.1651    23.0197    1.33970    1.91457     58.485    6.37851    9.11552  0.000e+00
        358     11.237     16.298   3225.206   8855.551    10.9625   3.412798     1.2198     0.0073     0.1368     0.0085     1.2198     1.1633     11.143    30.1643    23.0192    1.34521    1.92243     58.725    6.37867    9.11575  0.000e+00
        359     11.103     16.103   3225.144   8855.552    10.9616   3.412800     1.2210     0.0073     0.1355     0.0085     1.2210     1.1426     11.010    30.1651    23.0200    1.34795    1.92635     58.845    6.37876    9.11589  0.000e+00
        360     11.058     16.038   3225.081   8854.617    10.9607   3.411990     1.2234     0.0073     0.1380     0.0085     1.2234     1.1839     10.966    30.1579    23.0146    1.35351    1.93431     59.088    6.37918    9.11648  0.000e+00
        361     11.058     16.038   3224.955   8854.057    10.9588   3.411504     1.2247     0.0073     0.1380     0.0085     1.2247     1.1839     10.966    30.1547    23.0124    1.35634    1.93834     59.211    6.37956    9.11703  0.000e+00
        362     10.834     15.714   3224.765   8853.497    10.9561   3.411019     1.2259     0.0073     0.1392     0.0085     1.2259     1.2046     10.744    30.1523    23.0110    1.35914    1.94235     59.334    6.38004    9.11772  0.000e+00
        363     10.700     15.519   3224.576   8852.187    10.9533   3.409885     1.2259     0.0073     0.1429     0.0085     1.2259     1.2666     10.611    30.1435    23.0046    1.35927    1.94253     59.340    6.38078    9.11877  0.000e+00
        364     10.790     15.649   3224.197   8852.001    10.9478   3.409724     1.2271     0.0073     0.1416     0.0085     1.2271     1.2459     10.699    30.1464    23.0078    1.36216    1.94666     59.466    6.38143    9.11970  0.000e+00
        365     10.745     15.584   3224.197   8852.002    10.9478   3.409724     1.2283     0.0061     0.1380     0.0085     1.2283     1.1839     10.655    30.1464    23.0078    1.36490    1.95057     59.585    6.38143    9.11970  0.000e+00
        366     10.566     15.325   3224.197   8852.004    10.9478   3.409726     1.2295     0.0073     0.1392     0.0073     1.2295     1.2046     10.478    30.1465    23.0079    1.36761    1.95445     59.704    6.38142    9.11969  0.000e+00
        367     10.432     15.130   3224.198   8852.008    10.9478   3.409729     1.2308     0.0073     0.1404     0.0085     1.2308     1.2253     10.345    30.1466    23.0079    1.37033    1.95834     59.822    6.38142    9.11969  0.000e+00
        368     10.387     15.065   3224.134   8851.823    10.9469   3.409569     1.2320     0.0073     0.1416     0.0085     1.2320     1.2459     10.300    30.1458    23.0075    1.37310    1.96230     59.943    6.38158    9.11992  0.000e+00
        369     10.253     14.870   3224.008   8852.387    10.9451   3.410058     1.2320     0.0073     0.1392     0.0085     1.2320     1.2046     10.167    30.1521    23.0127    1.37307    1.96226     59.942    6.38158    9.11992  0.000e+00
        370     10.163     14.741   3224.071   8852.015    10.9460   3.409735     1.2332     0.0073     0.1392     0.0085     1.2332     1.2046     10.078    30.1482    23.0095    1.37581    1.96617     60.062    6.38161    9.11996  0.000e+00
        371     10.074     14.611   3223.945   8851.268    10.9442   3.409089     1.2332     0.0073     0.1416     0.0085     1.2332     1.2459      9.990    30.1434    23.0061    1.37588    1.96628     60.065    6.38206    9.12060  0.000e+00
        372      9.940     14.416   3223.882   8849.396    10.9433   3.407468     1.2357     0.0061     0.1392     0.0085     1.2357     1.2046      9.857    30.1284    22.9946    1.38151    1.97432     60.311    6.38279    9.12165  0.000e+00
        373      9.895     14.351   3223.376   8848.836    10.9359   3.406983     1.2357     0.0073     0.1404     0.0085     1.2357     1.2253      9.812    30.1297    22.9968    1.38170    1.97458     60.319    6.38376    9.12304  0.000e+00
        374      9.761     14.157   3223.187   8847.527    10.9332   3.405850     1.2369     0.0061     0.1392     0.0085     1.2369     1.2046      9.679    30.1209    22.9904    1.38457    1.97870     60.445    6.38450    9.12409  0.000e+00
        375      9.671     14.027   3222.934   8846.967    10.9295   3.405365     1.2393     0.0073     0.1416     0.0098     1.2393     1.2459      9.591    30.1192    22.9897    1.39017    1.98669     60.690    6.38508    9.12492  0.000e+00
        376      9.582     13.897   3222.807   8846.969    10.9276   3.405367     1.2381     0.0073     0.1392     0.0085     1.2381     1.2046      9.502    30.1207    22.9913    1.38745    1.98280     60.571    6.38528    9.12520  0.000e+00
        377      9.448     13.703   3222.681   8847.159    10.9258   3.405531     1.2393     0.0073     0.1380     0.0085     1.2393     1.1839      9.369    30.1239    22.9940    1.39019    1.98672     60.690    6.38540    9.12538  0.000e+00
        378      9.358     13.573   3222.744   8846.411    10.9267   3.404884     1.2405     0.0061     0.1416     0.0085     1.2405     1.2459      9.280    30.1168    22.9884    1.39296    1.99068     60.812    6.38556    9.12560  0.000e+00
        379      9.269     13.443   3222.681   8845.476    10.9258   3.404075     1.2430     0.0073     0.1416     0.0085     1.2430     1.2459      9.191    30.1097    22.9830    1.39853    1.99863     61.055    6.38598    9.12620  0.000e+00
        380      9.179     13.314   3222.365   8844.728    10.9212   3.403428     1.2430     0.0073     0.1404     0.0085     1.2430     1.2253      9.103    30.1071    22.9818    1.39866    1.99883     61.061    6.38672    9.12726  0.000e+00
        381      8.956     12.989   3222.365   8844.543    10.9212   3.403268     1.2454     0.0061     0.1392     0.0085     1.2454     1.2046      8.881    30.1057    22.9807    1.40413    2.00664     61.300    6.38678    9.12735  0.000e+00
        382      8.866     12.859   3222.239   8844.546    10.9194   3.403270     1.2479     0.0073     0.1392     0.0085     1.2479     1.2046      8.792    30.1072    22.9822    1.40965    2.01453     61.540    6.38697    9.12762  0.000e+00
        383      8.732     12.665   3222.176   8843.985    10.9185   3.402785     1.2491     0.0073     0.1404     0.0085     1.2491     1.2253      8.659    30.1033    22.9793    1.41243    2.01851     61.662    6.38726    9.12803  0.000e+00
        384      8.643     12.535   3222.113   8843.988    10.9175   3.402787     1.2503     0.0061     0.1453     0.0085     1.2503     1.3079      8.571    30.1041    22.9800    1.41518    2.02244     61.782    6.38736    9.12817  0.000e+00
        385      8.553     12.405   3222.113   8843.240    10.9175   3.402140     1.2527     0.0073     0.1416     0.0085     1.2527     1.2459      8.482    30.0978    22.9751    1.42072    2.03035     62.024    6.38761    9.12853  0.000e+00
        386      8.419     12.211   3221.986   8843.242    10.9157   3.402142     1.2540     0.0061     0.1429     0.0085     1.2540     1.2666      8.349    30.0993    22.9767    1.42348    2.03429     62.145    6.38780    9.12881  0.000e+00
        387      8.330     12.081   3221.923   8842.307    10.9148   3.401333     1.2564     0.0073     0.1416     0.0085     1.2564     1.2459      8.260    30.0922    22.9713    1.42905    2.04225     62.388    6.38822    9.12940  0.000e+00
        388      8.240     11.951   3221.607   8839.308    10.9102   3.398739     1.2576     0.0061     0.1404     0.0085     1.2576     1.2253      8.171    30.0706    22.9552    1.43211    2.04663     62.523    6.38973    9.13157  0.000e+00
        389      8.061     11.692   3220.849   8839.310    10.8992   3.398741     1.2576     0.0073     0.1429     0.0085     1.2576     1.2666      7.994    30.0797    22.9642    1.43232    2.04692     62.531    6.39090    9.13324  0.000e+00
        390      8.017     11.627   3220.975   8840.813    10.9010   3.400041     1.2613     0.0073     0.1477     0.0085     1.2613     1.3492      7.950    30.0909    22.9727    1.44040    2.05847     62.884    6.39019    9.13222  0.000e+00
        391      7.927     11.497   3221.038   8836.312    10.9019   3.396149     1.2637     0.0073     0.1429     0.0085     1.2637     1.2666      7.861    30.0520    22.9423    1.44621    2.06677     63.139    6.39163    9.13428  0.000e+00
        392      7.793     11.303   3220.154   8832.935    10.8891   3.393230     1.2637     0.0061     0.1429     0.0085     1.2637     1.2666      7.728    30.0340    22.9304    1.44672    2.06751     63.162    6.39416    9.13789  0.000e+00
        393      7.703     11.173   3219.395   8824.860    10.8780   3.386255     1.2650     0.0073     0.1441     0.0085     1.2650     1.2872      7.639    29.9746    22.8861    1.45033    2.07266     63.322    6.39810    9.14352  0.000e+00
        394      7.569     10.978   3217.625   8822.983    10.8523   3.384635     1.2650     0.0061     0.1429     0.0085     1.2650     1.2666      7.506    29.9798    22.8945    1.45102    2.07365     63.352    6.40149    9.14837  0.000e+00
        395      7.435     10.784   3217.183   8819.225    10.8458   3.381392     1.2662     0.0073     0.1453     0.0085     1.2662     1.3079      7.373    29.9533    22.8750    1.45418    2.07817     63.491    6.40346    9.15119  0.000e+00
