unitTesting/processed_seabird_noalign/ORCA1_CAST0015.cnv
* Sea-Bird SBE 19 Data File:
* FileName =
* Software Version 4.234
* Temperature SN = 2835
* Conductivity SN = 2835
* System UpLoad Time = Sat Jan 22 17:54:41 2005

** Ship: ORCA
** Cruise: Mooring
** Station: Twanoh
** Latitude: 47 22.5
** Longitude: 123 0.5
# nquan = 22
# nvalues = 913                                   
# units = specified
# name 0 = scan: Scan Count
# name 1 = prSM: Pressure, Strain Gauge [db]
# name 2 = prSE: Pressure, Strain Gauge [psi]
# name 3 = f0: Frequency 0
# name 4 = f1: Frequency 1
# name 5 = t090C: Temperature [ITS-90, deg C]
# name 6 = c0S/m: Conductivity [S/m]
# name 7 = v0: Voltage 0
# name 8 = v1: Voltage 1
# name 9 = v2: Voltage 2
# name 10 = v3: Voltage 3
# name 11 = sbeox0V: Oxygen raw, SBE 43 [V]
# name 12 = wetStar: Fluorescence, WET Labs WETstar [mg/m^3]
# name 13 = depSM: Depth [salt water, m], lat = 47.28
# name 14 = sal00: Salinity, Practical [PSU]
# name 15 = sigma-t00: Density [sigma-t, Kg/m^3 ]
# name 16 = sbeox0ML/L: Oxygen, SBE 43 [ml/l]
# name 17 = sbeox0Mg/L: Oxygen, SBE 43 [mg/l]
# name 18 = sbeox0Mm/Kg: Oxygen, SBE 43 [umol/Kg]
# name 19 = oxsatML/L: Oxygen Saturation, Weiss [ml/l]
# name 20 = oxsatMg/L: Oxygen Saturation, Weiss [mg/l]
# name 21 = flag:  0.000e+00
# span 0 =          1,        913                 
# span 1 =      1.085,     29.672                 
# span 2 =      1.574,     43.035                 
# span 3 =   3064.339,   3232.838                 
# span 4 =   7072.476,   8909.669                 
# span 5 =     8.5833,    11.0733                 
# span 6 =   2.025406,   3.459835                 
# span 7 =     0.0000,     3.1343                 
# span 8 =     0.0000,     0.0073                 
# span 9 =     0.0000,     0.4359                 
# span 10 =     0.0000,     0.0098                
# span 11 =     0.0000,     3.1343                
# span 12 =    -1.1506,     6.2248                
# span 13 =      1.076,     29.422                
# span 14 =    17.9688,    30.5336                
# span 15 =    13.8225,    23.2888                
# span 16 =   -1.39495,    6.16960                
# span 17 =   -1.99352,    8.81698                
# span 18 =    -60.891,    271.740                
# span 19 =    6.34973,    7.21348                
# span 20 =    9.07439,   10.30879                
# span 21 = 0.0000e+00, 0.0000e+00                
# interval = seconds: 0.5
# start_time = Jan 31 2016 20:27:11 [DatCnv date, localtime]
# bad_flag = -9.990e-29
*END*
[from data line 856]
        857     24.435     35.440   3232.294   8900.746    11.0654   3.452058     1.2650     0.0073     0.1319     0.0085     1.2650     1.0806     24.230    30.4587    23.2304    1.44365    2.06311     63.009    6.35258    9.07847  0.000e+00
        858     24.346     35.310   3232.231   8900.559    11.0645   3.451896     1.2637     0.0073     0.1319     0.0085     1.2637     1.0806     24.142    30.4579    23.2299    1.44092    2.05922     62.891    6.35274    9.07870  0.000e+00
        859     24.256     35.181   3232.294   8900.559    11.0654   3.451896     1.2637     0.0073     0.1319     0.0085     1.2637     1.0806     24.053    30.4572    23.2292    1.44088    2.05917     62.889    6.35264    9.07856  0.000e+00
        860     24.167     35.051   3232.357   8900.373    11.0663   3.451733     1.2613     0.0073     0.1319     0.0085     1.2613     1.0806     23.964    30.4549    23.2273    1.43538    2.05131     62.649    6.35261    9.07851  0.000e+00
        861     24.077     34.921   3232.294   8900.373    11.0654   3.451733     1.2613     0.0061     0.1319     0.0085     1.2613     1.0806     23.875    30.4557    23.2280    1.43539    2.05131     62.649    6.35270    9.07864  0.000e+00
        862     23.988     34.791   3232.294   8900.373    11.0654   3.451733     1.2613     0.0073     0.1319     0.0098     1.2613     1.0806     23.787    30.4557    23.2281    1.43537    2.05128     62.648    6.35270    9.07864  0.000e+00
        863     23.898     34.661   3232.357   8900.187    11.0663   3.451571     1.2613     0.0073     0.1331     0.0085     1.2613     1.1013     23.698    30.4534    23.2261    1.43534    2.05125     62.647    6.35267    9.07859  0.000e+00
        864     23.809     34.531   3232.231   8900.187    11.0645   3.451571     1.2613     0.0073     0.1343     0.0085     1.2613     1.1220     23.609    30.4549    23.2276    1.43537    2.05128     62.648    6.35286    9.07887  0.000e+00
        865     23.719     34.402   3232.294   8900.000    11.0654   3.451409     1.2613     0.0073     0.1306     0.0085     1.2613     1.0600     23.520    30.4526    23.2257    1.43534    2.05125     62.647    6.35282    9.07882  0.000e+00
        866     23.630     34.272   3232.357   8900.000    11.0663   3.451409     1.2613     0.0073     0.1319     0.0085     1.2613     1.0806     23.432    30.4519    23.2250    1.43531    2.05120     62.646    6.35272    9.07868  0.000e+00
        867     23.540     34.142   3232.294   8900.000    11.0654   3.451409     1.2613     0.0073     0.1319     0.0085     1.2613     1.0806     23.343    30.4527    23.2257    1.43531    2.05120     62.646    6.35282    9.07881  0.000e+00
        868     23.451     34.012   3232.357   8900.000    11.0663   3.451409     1.2613     0.0061     0.1306     0.0085     1.2613     1.0600     23.254    30.4520    23.2250    1.43527    2.05114     62.644    6.35272    9.07867  0.000e+00
        869     23.316     33.818   3232.294   8899.814    11.0654   3.451246     1.2625     0.0073     0.1331     0.0085     1.2625     1.1013     23.121    30.4512    23.2246    1.43802    2.05507     62.764    6.35288    9.07890  0.000e+00
        870     23.182     33.623   3232.294   8899.814    11.0654   3.451246     1.2613     0.0061     0.1306     0.0085     1.2613     1.0600     22.988    30.4513    23.2246    1.43525    2.05112     62.643    6.35288    9.07890  0.000e+00
        871     23.093     33.493   3232.231   8899.628    11.0645   3.451084     1.2601     0.0061     0.1319     0.0085     1.2601     1.0806     22.899    30.4505    23.2241    1.43253    2.04723     62.525    6.35304    9.07912  0.000e+00
        872     23.003     33.363   3232.231   8899.441    11.0645   3.450922     1.2601     0.0073     0.1331     0.0098     1.2601     1.1013     22.810    30.4489    23.2229    1.43253    2.04722     62.525    6.35310    9.07921  0.000e+00
        873     22.914     33.233   3232.294   8899.628    11.0654   3.451084     1.2601     0.0073     0.1319     0.0085     1.2601     1.0806     22.722    30.4498    23.2235    1.43247    2.04715     62.522    6.35294    9.07898  0.000e+00
        874     22.824     33.104   3232.231   8899.441    11.0645   3.450922     1.2601     0.0073     0.1306     0.0085     1.2601     1.0600     22.633    30.4490    23.2230    1.43249    2.04717     62.523    6.35310    9.07921  0.000e+00
        875     22.735     32.974   3232.357   8899.441    11.0663   3.450922     1.2601     0.0073     0.1319     0.0085     1.2601     1.0806     22.544    30.4475    23.2215    1.43243    2.04709     62.521    6.35290    9.07893  0.000e+00
        876     22.600     32.779   3232.231   8899.441    11.0645   3.450922     1.2589     0.0073     0.1319     0.0098     1.2589     1.0806     22.411    30.4491    23.2231    1.42971    2.04320     62.402    6.35309    9.07920  0.000e+00
        877     22.556     32.714   3232.294   8899.255    11.0654   3.450759     1.2589     0.0061     0.1306     0.0085     1.2589     1.0600     22.367    30.4467    23.2211    1.42969    2.04317     62.401    6.35306    9.07916  0.000e+00
        878     22.421     32.519   3232.294   8898.696    11.0654   3.450272     1.2576     0.0061     0.1319     0.0085     1.2576     1.0806     22.234    30.4420    23.2174    1.42697    2.03928     62.282    6.35325    9.07942  0.000e+00
        879     22.332     32.390   3232.231   8898.323    11.0645   3.449948     1.2589     0.0073     0.1319     0.0085     1.2589     1.0806     22.145    30.4396    23.2157    1.42974    2.04324     62.403    6.35347    9.07974  0.000e+00
        880     22.242     32.260   3232.357   8898.137    11.0663   3.449786     1.2589     0.0073     0.1306     0.0085     1.2589     1.0600     22.056    30.4366    23.2130    1.42970    2.04318     62.402    6.35334    9.07956  0.000e+00
        881     22.153     32.130   3232.294   8897.950    11.0654   3.449623     1.2564     0.0073     0.1319     0.0085     1.2564     1.0806     21.967    30.4358    23.2126    1.42424    2.03538     62.163    6.35350    9.07978  0.000e+00
        882     22.063     32.000   3232.294   8897.391    11.0654   3.449137     1.2564     0.0073     0.1294     0.0085     1.2564     1.0393     21.879    30.4311    23.2089    1.42426    2.03541     62.165    6.35369    9.08005  0.000e+00
        883     22.019     31.935   3232.357   8897.018    11.0663   3.448812     1.2576     0.0073     0.1319     0.0098     1.2576     1.0806     21.834    30.4271    23.2057    1.42700    2.03933     62.284    6.35372    9.08010  0.000e+00
        884     21.929     31.806   3232.357   8896.832    11.0663   3.448650     1.2576     0.0073     0.1331     0.0085     1.2576     1.1013     21.745    30.4256    23.2045    1.42700    2.03932     62.284    6.35378    9.08018  0.000e+00
        885     21.840     31.676   3232.420   8897.018    11.0672   3.448812     1.2564     0.0073     0.1319     0.0085     1.2564     1.0806     21.657    30.4264    23.2050    1.42421    2.03533     62.163    6.35362    9.07995  0.000e+00
        886     21.750     31.546   3232.357   8897.018    11.0663   3.448812     1.2564     0.0073     0.1319     0.0085     1.2564     1.0806     21.568    30.4272    23.2058    1.42421    2.03534     62.163    6.35371    9.08009  0.000e+00
        887     21.661     31.416   3232.357   8897.018    11.0663   3.448812     1.2576     0.0073     0.1306     0.0085     1.2576     1.0600     21.479    30.4273    23.2058    1.42693    2.03923     62.281    6.35371    9.08009  0.000e+00
        888     21.571     31.286   3232.357   8897.018    11.0663   3.448812     1.2564     0.0073     0.1306     0.0085     1.2564     1.0600     21.390    30.4273    23.2058    1.42417    2.03529     62.161    6.35371    9.08009  0.000e+00
        889     21.482     31.157   3232.357   8897.018    11.0663   3.448812     1.2564     0.0061     0.1306     0.0085     1.2564     1.0600     21.302    30.4273    23.2059    1.42416    2.03526     62.160    6.35371    9.08008  0.000e+00
        890     21.392     31.027   3232.231   8897.018    11.0645   3.448812     1.2552     0.0073     0.1319     0.0085     1.2552     1.0806     21.213    30.4289    23.2074    1.42144    2.03138     62.042    6.35390    9.08036  0.000e+00
        891     21.303     30.897   3232.357   8896.645    11.0663   3.448487     1.2540     0.0073     0.1319     0.0085     1.2540     1.0806     21.124    30.4242    23.2035    1.41867    2.02742     61.921    6.35383    9.08026  0.000e+00
        892     21.213     30.767   3232.294   8896.645    11.0654   3.448487     1.2527     0.0073     0.1319     0.0085     1.2527     1.0806     21.036    30.4250    23.2042    1.41594    2.02351     61.802    6.35393    9.08040  0.000e+00
        893     21.124     30.637   3232.420   8896.459    11.0672   3.448325     1.2503     0.0073     0.1319     0.0085     1.2503     1.0806     20.947    30.4220    23.2015    1.41042    2.01562     61.561    6.35380    9.08021  0.000e+00
        894     21.034     30.508   3232.357   8896.459    11.0663   3.448325     1.2503     0.0073     0.1306     0.0085     1.2503     1.0600     20.858    30.4228    23.2023    1.41042    2.01563     61.561    6.35389    9.08035  0.000e+00
        895     20.945     30.378   3232.294   8896.086    11.0654   3.448000     1.2479     0.0073     0.1306     0.0085     1.2479     1.0600     20.769    30.4204    23.2006    1.40497    2.00784     61.323    6.35411    9.08066  0.000e+00
        896     20.855     30.248   3232.294   8896.086    11.0654   3.448000     1.2466     0.0061     0.1319     0.0085     1.2466     1.0806     20.681    30.4204    23.2006    1.40221    2.00391     61.203    6.35411    9.08066  0.000e+00
        897     20.766     30.118   3232.294   8896.086    11.0654   3.448000     1.2454     0.0073     0.1319     0.0085     1.2454     1.0806     20.592    30.4205    23.2007    1.39946    1.99997     61.083    6.35411    9.08066  0.000e+00
        898     20.676     29.988   3232.294   8895.900    11.0654   3.447838     1.2430     0.0073     0.1331     0.0085     1.2430     1.1013     20.503    30.4189    23.1995    1.39398    1.99213     60.844    6.35417    9.08075  0.000e+00
        899     20.587     29.859   3232.357   8895.713    11.0663   3.447676     1.2418     0.0073     0.1331     0.0085     1.2418     1.1013     20.414    30.4166    23.1975    1.39122    1.98819     60.723    6.35414    9.08070  0.000e+00
        900     20.453     29.664   3232.357   8895.340    11.0663   3.447351     1.2393     0.0073     0.1319     0.0085     1.2393     1.0806     20.281    30.4135    23.1951    1.38574    1.98036     60.484    6.35426    9.08088  0.000e+00
        901     20.318     29.469   3232.294   8894.968    11.0654   3.447026     1.2393     0.0061     0.1306     0.0085     1.2393     1.0600     20.148    30.4111    23.1934    1.38576    1.98039     60.485    6.35449    9.08119  0.000e+00
        902     20.184     29.275   3232.294   8894.968    11.0654   3.447026     1.2369     0.0073     0.1319     0.0085     1.2369     1.0806     20.015    30.4112    23.1934    1.38026    1.97253     60.245    6.35448    9.08119  0.000e+00
        903     20.139     29.210   3232.294   8894.781    11.0654   3.446864     1.2369     0.0073     0.1331     0.0085     1.2369     1.1013     19.971    30.4096    23.1922    1.38027    1.97254     60.245    6.35455    9.08128  0.000e+00
        904     20.050     29.080   3232.294   8894.595    11.0654   3.446702     1.2357     0.0061     0.1306     0.0085     1.2357     1.0600     19.882    30.4080    23.1910    1.37752    1.96862     60.126    6.35461    9.08137  0.000e+00
        905     19.916     28.885   3232.168   8894.408    11.0635   3.446540     1.2344     0.0073     0.1306     0.0098     1.2344     1.0600     19.749    30.4080    23.1913    1.37481    1.96474     60.007    6.35486    9.08173  0.000e+00
        906     19.826     28.755   3232.231   8894.222    11.0645   3.446377     1.2344     0.0073     0.1331     0.0085     1.2344     1.1013     19.660    30.4057    23.1894    1.37479    1.96471     60.007    6.35483    9.08168  0.000e+00
        907     19.737     28.626   3232.231   8894.222    11.0645   3.446377     1.2332     0.0073     0.1319     0.0085     1.2332     1.0806     19.571    30.4057    23.1894    1.37203    1.96077     59.886    6.35483    9.08168  0.000e+00
        908     19.647     28.496   3232.231   8894.222    11.0645   3.446377     1.2320     0.0061     0.1355     0.0085     1.2320     1.1426     19.483    30.4058    23.1894    1.36928    1.95684     59.766    6.35483    9.08168  0.000e+00
        909     19.513     28.301   3232.231   8893.849    11.0645   3.446053     1.2308     0.0073     0.1331     0.0085     1.2308     1.1013     19.350    30.4026    23.1870    1.36654    1.95293     59.647    6.35495    9.08186  0.000e+00
        910     19.423     28.171   3232.231   8893.476    11.0645   3.445728     1.2308     0.0073     0.1331     0.0085     1.2308     1.1013     19.261    30.3995    23.1845    1.36655    1.95294     59.647    6.35508    9.08204  0.000e+00
        911     19.334     28.042   3232.104   8893.103    11.0626   3.445404     1.2295     0.0073     0.1319     0.0085     1.2295     1.0806     19.172    30.3979    23.1836    1.36386    1.94910     59.530    6.35539    9.08249  0.000e+00
        912     19.244     27.912   3232.104   8893.103    11.0626   3.445403     1.2283     0.0073     0.1306     0.0085     1.2283     1.0600     19.083    30.3979    23.1836    1.36111    1.94516     59.410    6.35539    9.08249  0.000e+00
        913     19.155     27.782   3232.168   8892.730    11.0635   3.445079     1.2283     0.0073     0.1331     0.0085     1.2283     1.1013     18.995    30.3940    23.1804    1.36110    1.94515     59.409    6.35542    9.08253  0.000e+00
