unitTesting/processed_seabird_noalign/ORCA1_CAST0035.cnv
* Sea-Bird SBE 19 Data File:
* FileName =
* Software Version 4.234
* Temperature SN = 2835
* Conductivity SN = 2835
* System UpLoad Time = Thu Jan 27 18:05:13 2005

** Ship: ORCA
** Cruise: Mooring
** Station: Twanoh
** Latitude: 47 22.5
** Longitude: 123 0.5
# nquan = 22
# nvalues = 902                                   
# units = specified
# name 0 = scan: Scan Count
# name 1 = prSM: Pressure, Strain Gauge [db]
# name 2 = prSE: Pressure, Strain Gauge [psi]
# name 3 = f0: Frequency 0
# name 4 = f1: Frequency 1
# name 5 = t090C: Temperature [ITS-90, deg C]
# name 6 = c0S/m: Conductivity [S/m]
# name 7 = v0: Voltage 0
# name 8 = v1: Voltage 1
# name 9 = v2: Voltage 2
# name 10 = v3: Voltage 3
# name 11 = sbeox0V: Oxygen raw, SBE 43 [V]
# name 12 = wetStar: Fluorescence, WET Labs WETstar [mg/m^3]
# name 13 = depSM: Depth [salt water, m], lat = 47.28
# name 14 = sal00: Salinity, Practical [PSU]
# name 15 = sigma-t00: Density [sigma-t, Kg/m^3 ]
# name 16 = sbeox0ML/L: Oxygen, SBE 43 [ml/l]
# name 17 = sbeox0Mg/L: Oxygen, SBE 43 [mg/l]
# name 18 = sbeox0Mm/Kg: Oxygen, SBE 43 [umol/Kg]
# name 19 = oxsatML/L: Oxygen Saturation, Weiss [ml/l]
# name 20 = oxsatMg/L: Oxygen Saturation, Weiss [mg/l]
# name 21 = flag:  0.000e+00
# span 0 =          1,        902                 
# span 1 =      0.951,     29.672                 
# span 2 =      1.380,     43.035                 
# span 3 =   3102.748,   3231.279                 
# span 4 =   6766.085,   8898.484                 
# span 5 =     9.1593,    11.0506                 
# span 6 =   1.818666,   3.450090                 
# span 7 =     0.0000,     3.0623                 
# span 8 =     0.0000,     0.0073                 
# span 9 =     0.0000,     0.2955                 
# span 10 =     0.0000,     0.0098                
# span 11 =     0.0000,     3.0623                
# span 12 =    -1.1506,     3.8490                
# span 13 =      0.943,     29.422                
# span 14 =    15.8775,    30.4565                
# span 15 =    12.1665,    23.2327                
# span 16 =   -1.39898,    6.15472                
# span 17 =   -1.99928,    8.79572                
# span 18 =    -61.072,    271.542                
# span 19 =    6.35587,    7.27044                
# span 20 =    9.08317,   10.39019                
# span 21 = 0.0000e+00, 0.0000e+00                
# interval = seconds: 0.5
# start_time = Jan 31 2016 20:27:28 [DatCnv date, localtime]
# bad_flag = -9.990e-29
*END*
[from data line 791]
        792     29.582     42.905   3230.446   8892.891    11.0386   3.445223     1.1624     0.0073     0.1355     0.0085     1.1624     1.1426     29.334    30.4119    23.1986    1.21540    1.73693     53.049    6.35816    9.08645  0.000e+00
        793     29.537     42.840   3230.509   8892.519    11.0395   3.444899     1.1624     0.0073     0.1368     0.0085     1.1624     1.1633     29.289    30.4080    23.1954    1.21540    1.73693     53.049    6.35819    9.08649  0.000e+00
        794     29.448     42.710   3230.572   8893.079    11.0404   3.445386     1.1612     0.0073     0.1355     0.0085     1.1612     1.1426     29.200    30.4121    23.1984    1.21259    1.73291     52.926    6.35790    9.08608  0.000e+00
        795     29.358     42.581   3230.572   8893.080    11.0404   3.445387     1.1612     0.0073     0.1355     0.0085     1.1612     1.1426     29.112    30.4121    23.1985    1.21257    1.73289     52.926    6.35790    9.08608  0.000e+00
        796     29.269     42.451   3230.509   8893.080    11.0395   3.445388     1.1600     0.0073     0.1343     0.0085     1.1600     1.1220     29.023    30.4129    23.1992    1.20983    1.72897     52.806    6.35800    9.08621  0.000e+00
        797     29.179     42.321   3230.572   8893.081    11.0404   3.445388     1.1612     0.0073     0.1343     0.0085     1.1612     1.1220     28.934    30.4122    23.1985    1.21254    1.73285     52.924    6.35790    9.08607  0.000e+00
        798     29.045     42.126   3230.446   8893.082    11.0386   3.445389     1.1587     0.0073     0.1368     0.0085     1.1587     1.1633     28.801    30.4137    23.2001    1.20707    1.72502     52.685    6.35809    9.08635  0.000e+00
        799     28.911     41.931   3230.572   8893.082    11.0404   3.445389     1.1587     0.0061     0.1355     0.0085     1.1587     1.1426     28.668    30.4123    23.1986    1.20701    1.72494     52.683    6.35789    9.08607  0.000e+00
        800     28.866     41.866   3230.636   8892.896    11.0413   3.445227     1.1600     0.0073     0.1368     0.0098     1.1600     1.1633     28.624    30.4100    23.1967    1.20974    1.72884     52.802    6.35786    9.08602  0.000e+00
        801     28.732     41.672   3230.573   8892.711    11.0404   3.445066     1.1600     0.0061     0.1343     0.0085     1.1600     1.1220     28.490    30.4092    23.1962    1.20975    1.72885     52.803    6.35802    9.08624  0.000e+00
        802     28.642     41.542   3230.573   8892.711    11.0404   3.445066     1.1600     0.0073     0.1368     0.0085     1.1600     1.1633     28.402    30.4092    23.1962    1.20973    1.72883     52.802    6.35802    9.08624  0.000e+00
        803     28.553     41.412   3230.446   8892.712    11.0386   3.445067     1.1600     0.0073     0.1368     0.0085     1.1600     1.1633     28.313    30.4108    23.1978    1.20975    1.72886     52.803    6.35821    9.08651  0.000e+00
        804     28.463     41.282   3230.509   8892.713    11.0395   3.445067     1.1600     0.0061     0.1343     0.0085     1.1600     1.1220     28.224    30.4101    23.1971    1.20972    1.72881     52.801    6.35811    9.08637  0.000e+00
        805     28.374     41.152   3230.509   8892.900    11.0395   3.445230     1.1600     0.0073     0.1355     0.0085     1.1600     1.1426     28.135    30.4117    23.1983    1.20969    1.72877     52.800    6.35804    9.08628  0.000e+00
        806     28.284     41.023   3230.573   8892.527    11.0404   3.444906     1.1587     0.0073     0.1368     0.0085     1.1587     1.1633     28.047    30.4078    23.1951    1.20694    1.72484     52.680    6.35807    9.08632  0.000e+00
        807     28.195     40.893   3230.446   8892.341    11.0386   3.444744     1.1587     0.0073     0.1368     0.0098     1.1587     1.1633     27.958    30.4078    23.1954    1.20697    1.72489     52.681    6.35833    9.08669  0.000e+00
        808     28.105     40.763   3230.446   8892.902    11.0386   3.445232     1.1587     0.0073     0.1380     0.0085     1.1587     1.1839     27.869    30.4126    23.1992    1.20692    1.72481     52.679    6.35814    9.08641  0.000e+00
        809     28.015     40.633   3230.509   8892.716    11.0395   3.445070     1.1575     0.0073     0.1355     0.0085     1.1575     1.1426     27.780    30.4103    23.1972    1.20416    1.72087     52.559    6.35810    9.08636  0.000e+00
        810     27.926     40.503   3230.446   8892.343    11.0386   3.444746     1.1587     0.0073     0.1355     0.0085     1.1587     1.1426     27.692    30.4079    23.1955    1.20693    1.72482     52.680    6.35832    9.08668  0.000e+00
        811     27.836     40.373   3230.573   8892.344    11.0404   3.444746     1.1575     0.0073     0.1404     0.0085     1.1575     1.2253     27.603    30.4064    23.1941    1.20414    1.72083     52.558    6.35813    9.08640  0.000e+00
        812     27.747     40.244   3230.573   8892.345    11.0404   3.444747     1.1587     0.0061     0.1355     0.0085     1.1587     1.1426     27.514    30.4065    23.1941    1.20687    1.72473     52.677    6.35813    9.08640  0.000e+00
        813     27.657     40.114   3230.320   8892.159    11.0367   3.444585     1.1587     0.0073     0.1380     0.0085     1.1587     1.1839     27.425    30.4080    23.1959    1.20693    1.72482     52.680    6.35858    9.08704  0.000e+00
        814     27.568     39.984   3230.446   8891.786    11.0386   3.444261     1.1563     0.0061     0.1355     0.0085     1.1563     1.1426     27.337    30.4033    23.1919    1.20142    1.71695     52.439    6.35851    9.08694  0.000e+00
        815     27.478     39.854   3230.383   8891.974    11.0377   3.444424     1.1587     0.0073     0.1368     0.0085     1.1587     1.1633     27.248    30.4057    23.1940    1.20690    1.72478     52.678    6.35854    9.08699  0.000e+00
        816     27.389     39.724   3230.383   8891.415    11.0377   3.443938     1.1575     0.0073     0.1355     0.0085     1.1575     1.1426     27.159    30.4010    23.1903    1.20417    1.72089     52.560    6.35873    9.08726  0.000e+00
        817     27.299     39.594   3230.320   8891.415    11.0367   3.443938     1.1587     0.0061     0.1355     0.0085     1.1587     1.1426     27.070    30.4018    23.1911    1.20692    1.72481     52.679    6.35882    9.08739  0.000e+00
        818     27.210     39.465   3230.320   8891.229    11.0367   3.443777     1.1587     0.0073     0.1355     0.0098     1.1587     1.1426     26.982    30.4002    23.1899    1.20692    1.72480     52.679    6.35889    9.08748  0.000e+00
        819     27.165     39.400   3230.320   8890.857    11.0367   3.443453     1.1587     0.0073     0.1355     0.0085     1.1587     1.1426     26.937    30.3971    23.1874    1.20693    1.72483     52.680    6.35901    9.08766  0.000e+00
        820     27.076     39.270   3230.320   8890.298    11.0367   3.442966     1.1575     0.0073     0.1355     0.0085     1.1575     1.1426     26.848    30.3923    23.1837    1.20421    1.72094     52.561    6.35920    9.08793  0.000e+00
        821     26.941     39.075   3230.194   8889.926    11.0349   3.442642     1.1587     0.0073     0.1355     0.0085     1.1587     1.1426     26.715    30.3907    23.1828    1.20699    1.72491     52.683    6.35952    9.08839  0.000e+00
        822     26.852     38.945   3230.194   8890.113    11.0349   3.442805     1.1575     0.0073     0.1355     0.0085     1.1575     1.1426     26.627    30.3924    23.1841    1.20422    1.72095     52.562    6.35945    9.08830  0.000e+00
        823     26.762     38.815   3230.257   8889.740    11.0358   3.442481     1.1600     0.0073     0.1368     0.0085     1.1600     1.1633     26.538    30.3885    23.1809    1.20970    1.72878     52.801    6.35948    9.08834  0.000e+00
        824     26.718     38.751   3230.131   8889.741    11.0340   3.442482     1.1600     0.0073     0.1368     0.0085     1.1600     1.1633     26.493    30.3900    23.1824    1.20973    1.72882     52.802    6.35968    9.08861  0.000e+00
        825     26.539     38.491   3230.131   8890.115    11.0340   3.442807     1.1600     0.0061     0.1368     0.0085     1.1600     1.1633     26.316    30.3933    23.1849    1.20967    1.72874     52.800    6.35954    9.08843  0.000e+00
        826     26.494     38.426   3230.194   8890.115    11.0349   3.442807     1.1600     0.0073     0.1355     0.0085     1.1600     1.1426     26.272    30.3925    23.1842    1.20965    1.72871     52.799    6.35945    9.08829  0.000e+00
        827     26.404     38.296   3230.131   8889.929    11.0340   3.442646     1.1600     0.0061     0.1368     0.0085     1.1600     1.1633     26.183    30.3917    23.1837    1.20966    1.72873     52.799    6.35961    9.08851  0.000e+00
        828     26.360     38.231   3230.131   8889.557    11.0340   3.442322     1.1600     0.0073     0.1380     0.0085     1.1600     1.1839     26.138    30.3886    23.1813    1.20968    1.72875     52.800    6.35973    9.08869  0.000e+00
        829     26.225     38.036   3230.131   8889.371    11.0340   3.442160     1.1600     0.0061     0.1368     0.0085     1.1600     1.1633     26.005    30.3870    23.1801    1.20967    1.72874     52.800    6.35979    9.08878  0.000e+00
        830     26.091     37.842   3230.131   8889.372    11.0340   3.442160     1.1612     0.0073     0.1355     0.0085     1.1612     1.1426     25.872    30.3871    23.1801    1.21239    1.73262     52.919    6.35979    9.08878  0.000e+00
        831     26.001     37.712   3230.067   8889.186    11.0331   3.441999     1.1612     0.0073     0.1380     0.0098     1.1612     1.1839     25.783    30.3863    23.1797    1.21240    1.73264     52.919    6.35995    9.08900  0.000e+00
        832     25.912     37.582   3230.004   8889.186    11.0322   3.441999     1.1612     0.0073     0.1343     0.0085     1.1612     1.1220     25.695    30.3871    23.1805    1.21240    1.73265     52.919    6.36004    9.08914  0.000e+00
        833     25.822     37.452   3230.068   8889.187    11.0331   3.442000     1.1612     0.0073     0.1368     0.0085     1.1612     1.1633     25.606    30.3864    23.1798    1.21237    1.73260     52.918    6.35995    9.08900  0.000e+00
        834     25.733     37.322   3230.068   8889.188    11.0331   3.442000     1.1624     0.0073     0.1355     0.0085     1.1624     1.1426     25.517    30.3864    23.1798    1.21510    1.73650     53.037    6.35994    9.08900  0.000e+00
        835     25.643     37.193   3230.004   8889.188    11.0322   3.442001     1.1612     0.0073     0.1368     0.0085     1.1612     1.1633     25.428    30.3872    23.1806    1.21236    1.73258     52.917    6.36004    9.08913  0.000e+00
        836     25.509     36.998   3230.068   8889.376    11.0331   3.442164     1.1624     0.0073     0.1368     0.0085     1.1624     1.1633     25.295    30.3881    23.1811    1.21505    1.73643     53.035    6.35988    9.08890  0.000e+00
        837     25.420     36.868   3230.131   8889.190    11.0340   3.442002     1.1624     0.0073     0.1355     0.0085     1.1624     1.1426     25.206    30.3858    23.1791    1.21503    1.73640     53.034    6.35984    9.08885  0.000e+00
        838     25.330     36.738   3230.068   8888.444    11.0331   3.441353     1.1624     0.0073     0.1368     0.0085     1.1624     1.1633     25.118    30.3803    23.1750    1.21508    1.73647     53.036    6.36019    9.08935  0.000e+00
        839     25.241     36.608   3229.941   8888.445    11.0312   3.441354     1.1624     0.0073     0.1368     0.0085     1.1624     1.1633     25.029    30.3818    23.1765    1.21510    1.73650     53.037    6.36038    9.08962  0.000e+00
        840     25.151     36.479   3229.941   8888.259    11.0312   3.441192     1.1636     0.0061     0.1343     0.0085     1.1636     1.1220     24.940    30.3803    23.1753    1.21784    1.74042     53.157    6.36045    9.08971  0.000e+00
        841     25.062     36.349   3229.941   8888.073    11.0312   3.441030     1.1636     0.0061     0.1368     0.0085     1.1636     1.1633     24.851    30.3787    23.1741    1.21784    1.74041     53.157    6.36051    9.08980  0.000e+00
        842     24.972     36.219   3229.941   8887.887    11.0312   3.440869     1.1636     0.0073     0.1355     0.0085     1.1636     1.1426     24.763    30.3772    23.1729    1.21783    1.74041     53.157    6.36057    9.08989  0.000e+00
        843     24.838     36.024   3229.878   8888.074    11.0303   3.441031     1.1624     0.0073     0.1368     0.0085     1.1624     1.1633     24.630    30.3796    23.1749    1.21507    1.73646     53.036    6.36060    9.08993  0.000e+00
        844     24.748     35.895   3229.878   8888.261    11.0303   3.441194     1.1624     0.0073     0.1355     0.0085     1.1624     1.1426     24.541    30.3812    23.1762    1.21505    1.73642     53.035    6.36054    9.08984  0.000e+00
        845     24.659     35.765   3229.878   8888.075    11.0303   3.441032     1.1636     0.0073     0.1368     0.0085     1.1636     1.1633     24.452    30.3797    23.1750    1.21779    1.74034     53.154    6.36060    9.08993  0.000e+00
        846     24.569     35.635   3229.878   8887.888    11.0303   3.440870     1.1612     0.0073     0.1368     0.0073     1.1612     1.1633     24.363    30.3781    23.1738    1.21230    1.73250     52.915    6.36066    9.09002  0.000e+00
        847     24.525     35.570   3229.878   8887.702    11.0303   3.440708     1.1636     0.0073     0.1355     0.0085     1.1636     1.1426     24.319    30.3765    23.1726    1.21779    1.74034     53.155    6.36072    9.09011  0.000e+00
        848     24.390     35.375   3229.878   8887.889    11.0303   3.440870     1.1636     0.0073     0.1368     0.0085     1.1636     1.1633     24.186    30.3782    23.1738    1.21775    1.74029     53.153    6.36066    9.09001  0.000e+00
        849     24.301     35.245   3229.878   8888.262    11.0303   3.441195     1.1636     0.0061     0.1368     0.0085     1.1636     1.1633     24.097    30.3814    23.1763    1.21771    1.74024     53.151    6.36053    9.08983  0.000e+00
        850     24.167     35.051   3229.878   8887.702    11.0303   3.440708     1.1636     0.0073     0.1380     0.0098     1.1636     1.1839     23.964    30.3767    23.1727    1.21773    1.74026     53.152    6.36072    9.09010  0.000e+00
        851     24.077     34.921   3229.752   8887.702    11.0285   3.440708     1.1636     0.0061     0.1355     0.0085     1.1636     1.1426     23.875    30.3782    23.1742    1.21775    1.74028     53.153    6.36091    9.09038  0.000e+00
        852     23.988     34.791   3229.878   8887.702    11.0303   3.440708     1.1636     0.0073     0.1368     0.0085     1.1636     1.1633     23.787    30.3767    23.1727    1.21770    1.74021     53.151    6.36071    9.09010  0.000e+00
        853     23.898     34.661   3229.815   8887.329    11.0294   3.440383     1.1648     0.0073     0.1368     0.0085     1.1648     1.1633     23.698    30.3744    23.1710    1.22047    1.74417     53.272    6.36094    9.09041  0.000e+00
        854     23.809     34.531   3229.878   8887.142    11.0303   3.440221     1.1636     0.0073     0.1368     0.0085     1.1636     1.1633     23.609    30.3720    23.1691    1.21771    1.74022     53.151    6.36090    9.09037  0.000e+00
        855     23.719     34.402   3229.815   8886.956    11.0294   3.440059     1.1636     0.0073     0.1404     0.0085     1.1636     1.2253     23.520    30.3713    23.1686    1.21772    1.74024     53.152    6.36106    9.09059  0.000e+00
