unitTesting/processed_seabird_noalign/ORCA1_CAST0024.cnv
* Sea-Bird SBE 19 Data File:
* FileName =
* Software Version 4.234
* Temperature SN = 2835
* Conductivity SN = 2835
* System UpLoad Time = Mon Jan 24 23:59:15 2005

** Ship: ORCA
** Cruise: Mooring
** Station: Twanoh
** Latitude: 47 22.5
** Longitude: 123 0.5
# nquan = 22
# nvalues = 885                                   
# units = specified
# name 0 = scan: Scan Count
# name 1 = prSM: Pressure, Strain Gauge [db]
# name 2 = prSE: Pressure, Strain Gauge [psi]
# name 3 = f0: Frequency 0
# name 4 = f1: Frequency 1
# name 5 = t090C: Temperature [ITS-90, deg C]
# name 6 = c0S/m: Conductivity [S/m]
# name 7 = v0: Voltage 0
# name 8 = v1: Voltage 1
# name 9 = v2: Voltage 2
# name 10 = v3: Voltage 3
# name 11 = sbeox0V: Oxygen raw, SBE 43 [V]
# name 12 = wetStar: Fluorescence, WET Labs WETstar [mg/m^3]
# name 13 = depSM: Depth [salt water, m], lat = 47.28
# name 14 = sal00: Salinity, Practical [PSU]
# name 15 = sigma-t00: Density [sigma-t, Kg/m^3 ]
# name 16 = sbeox0ML/L: Oxygen, SBE 43 [ml/l]
# name 17 = sbeox0Mg/L: Oxygen, SBE 43 [mg/l]
# name 18 = sbeox0Mm/Kg: Oxygen, SBE 43 [umol/Kg]
# name 19 = oxsatML/L: Oxygen Saturation, Weiss [ml/l]
# name 20 = oxsatMg/L: Oxygen Saturation, Weiss [mg/l]
# name 21 = flag:  0.000e+00
# span 0 =          1,        885                 
# span 1 =      0.951,     29.672                 
# span 2 =      1.380,     43.035                 
# span 3 =   3100.721,   3232.833                 
# span 4 =   6479.830,   8901.075                 
# span 5 =     9.1290,    11.0732                 
# span 6 =   1.633893,   3.452347                 
# span 7 =     0.0000,     3.0745                 
# span 8 =     0.0000,     0.0073                 
# span 9 =     0.0000,     0.2894                 
# span 10 =     0.0000,     0.0098                
# span 11 =     0.0000,     3.0745                
# span 12 =    -1.1506,     3.7457                
# span 13 =      0.943,     29.422                
# span 14 =    14.1213,    30.4581                
# span 15 =    10.7963,    23.2297                
# span 16 =   -1.39500,    6.23319                
# span 17 =   -1.99359,    8.90786                
# span 18 =    -60.895,    275.398                
# span 19 =    6.35238,    7.34695                
# span 20 =    9.07819,   10.49953                
# span 21 = 0.0000e+00, 0.0000e+00                
# interval = seconds: 0.5
# start_time = Jan 31 2016 20:27:19 [DatCnv date, localtime]
# bad_flag = -9.990e-29
*END*
[from data line 659]
        660     21.034     30.508   3231.711   8887.237    11.0569   3.440302     1.1087     0.0073     0.1429     0.0085     1.1087     1.2666     20.858    30.3520    23.1489    1.09342    1.56261     47.727    6.35802    9.08625  0.000e+00
        661     21.124     30.637   3231.710   8887.424    11.0569   3.440465     1.1099     0.0061     0.1355     0.0085     1.1099     1.1426     20.947    30.3536    23.1501    1.09617    1.56653     47.847    6.35796    9.08616  0.000e+00
        662     21.213     30.767   3231.773   8888.357    11.0578   3.441276     1.1123     0.0073     0.1355     0.0085     1.1123     1.1426     21.036    30.3607    23.1555    1.10159    1.57428     48.084    6.35755    9.08557  0.000e+00
        663     21.347     30.962   3231.963   8889.850    11.0606   3.442575     1.1123     0.0073     0.1355     0.0085     1.1123     1.1426     21.169    30.3711    23.1631    1.10148    1.57412     48.078    6.35675    9.08443  0.000e+00
        664     21.437     31.092   3231.583   8888.731    11.0551   3.441602     1.1136     0.0073     0.1355     0.0085     1.1136     1.1426     21.257    30.3661    23.1602    1.10439    1.57828     48.205    6.35772    9.08581  0.000e+00
        665     21.526     31.221   3231.962   8890.038    11.0606   3.442738     1.1160     0.0073     0.1343     0.0085     1.1160     1.1220     21.346    30.3726    23.1643    1.10971    1.58589     48.438    6.35669    9.08435  0.000e+00
        666     21.616     31.351   3232.215   8889.665    11.0642   3.442414     1.1172     0.0073     0.1331     0.0085     1.1172     1.1013     21.435    30.3664    23.1588    1.11243    1.58977     48.556    6.35643    9.08398  0.000e+00
        667     21.750     31.546   3232.151   8890.785    11.0633   3.443388     1.1209     0.0073     0.1355     0.0085     1.1209     1.1426     21.568    30.3766    23.1670    1.12062    1.60147     48.913    6.35615    9.08358  0.000e+00
        668     21.840     31.676   3232.214   8891.158    11.0642   3.443713     1.1233     0.0073     0.1331     0.0085     1.1233     1.1013     21.657    30.3790    23.1687    1.12607    1.60927     49.152    6.35593    9.08326  0.000e+00
        669     21.974     31.870   3232.341   8891.532    11.0660   3.444038     1.1270     0.0061     0.1331     0.0085     1.1270     1.1013     21.790    30.3806    23.1696    1.13426    1.62097     49.509    6.35561    9.08281  0.000e+00
        670     22.063     32.000   3232.404   8893.024    11.0670   3.445336     1.1306     0.0073     0.1343     0.0085     1.1306     1.1220     21.879    30.3925    23.1787    1.14238    1.63258     49.863    6.35501    9.08194  0.000e+00
        671     22.153     32.130   3232.530   8893.398    11.0688   3.445661     1.1331     0.0073     0.1331     0.0085     1.1331     1.1013     21.967    30.3942    23.1797    1.14782    1.64035     50.100    6.35469    9.08149  0.000e+00
        672     22.287     32.325   3232.466   8893.771    11.0679   3.445986     1.1368     0.0073     0.1331     0.0085     1.1368     1.1013     22.100    30.3981    23.1828    1.15605    1.65212     50.460    6.35466    9.08145  0.000e+00
        673     22.377     32.455   3232.529   8893.958    11.0688   3.446149     1.1392     0.0073     0.1319     0.0085     1.1392     1.0806     22.189    30.3989    23.1833    1.16152    1.65993     50.698    6.35450    9.08122  0.000e+00
        674     22.511     32.649   3232.466   8894.145    11.0679   3.446311     1.1441     0.0073     0.1343     0.0085     1.1441     1.1220     22.322    30.4012    23.1852    1.17250    1.67563     51.177    6.35454    9.08127  0.000e+00
        675     22.600     32.779   3232.466   8894.332    11.0679   3.446474     1.1453     0.0073     0.1331     0.0098     1.1453     1.1013     22.411    30.4027    23.1865    1.17525    1.67955     51.297    6.35448    9.08118  0.000e+00
        676     22.735     32.974   3232.465   8894.519    11.0679   3.446637     1.1490     0.0073     0.1368     0.0085     1.1490     1.1633     22.544    30.4043    23.1877    1.18348    1.69131     51.656    6.35442    9.08109  0.000e+00
        677     22.869     33.169   3232.465   8894.519    11.0679   3.446637     1.1502     0.0073     0.1343     0.0085     1.1502     1.1220     22.677    30.4042    23.1876    1.18624    1.69525     51.777    6.35442    9.08110  0.000e+00
        678     22.958     33.298   3232.465   8894.333    11.0679   3.446475     1.1526     0.0073     0.1368     0.0085     1.1526     1.1633     22.766    30.4026    23.1864    1.19174    1.70312     52.017    6.35448    9.08119  0.000e+00
        679     23.048     33.428   3232.275   8895.639    11.0651   3.447611     1.1538     0.0073     0.1331     0.0085     1.1538     1.1013     22.855    30.4160    23.1972    1.19446    1.70701     52.135    6.35433    9.08097  0.000e+00
        680     23.182     33.623   3232.464   8894.893    11.0678   3.446963     1.1551     0.0073     0.1319     0.0085     1.1551     1.0806     22.988    30.4073    23.1900    1.19722    1.71095     52.256    6.35430    9.08092  0.000e+00
        681     23.361     33.882   3232.338   8895.639    11.0660   3.447612     1.1563     0.0073     0.1331     0.0085     1.1563     1.1013     23.165    30.4151    23.1964    1.19998    1.71489     52.376    6.35424    9.08084  0.000e+00
        682     23.495     34.077   3232.527   8895.453    11.0688   3.447450     1.1575     0.0061     0.1319     0.0085     1.1575     1.0806     23.298    30.4112    23.1929    1.20270    1.71878     52.495    6.35401    9.08052  0.000e+00
        683     23.585     34.207   3232.590   8896.386    11.0697   3.448262     1.1587     0.0073     0.1331     0.0085     1.1587     1.1013     23.387    30.4183    23.1983    1.20538    1.72261     52.612    6.35360    9.07993  0.000e+00
        684     23.674     34.337   3232.527   8896.573    11.0687   3.448425     1.1612     0.0073     0.1331     0.0085     1.1612     1.1013     23.476    30.4207    23.2002    1.21088    1.73047     52.852    6.35364    9.07998  0.000e+00
        685     23.809     34.531   3232.526   8896.946    11.0687   3.448750     1.1624     0.0073     0.1319     0.0085     1.1624     1.0806     23.609    30.4238    23.2027    1.21362    1.73438     52.971    6.35351    9.07980  0.000e+00
        686     23.943     34.726   3232.526   8896.760    11.0687   3.448588     1.1624     0.0073     0.1331     0.0098     1.1624     1.1013     23.742    30.4221    23.2014    1.21365    1.73443     52.973    6.35358    9.07990  0.000e+00
        687     24.032     34.856   3232.589   8896.947    11.0697   3.448750     1.1648     0.0073     0.1331     0.0085     1.1648     1.1013     23.831    30.4229    23.2019    1.21912    1.74224     53.211    6.35342    9.07967  0.000e+00
        688     24.167     35.051   3232.526   8896.947    11.0687   3.448751     1.1661     0.0073     0.1331     0.0085     1.1661     1.1013     23.964    30.4237    23.2026    1.22190    1.74621     53.332    6.35352    9.07981  0.000e+00
        689     24.256     35.181   3232.525   8896.948    11.0687   3.448751     1.1685     0.0073     0.1319     0.0085     1.1685     1.0806     24.053    30.4236    23.2026    1.22739    1.75406     53.572    6.35352    9.07981  0.000e+00
        690     24.390     35.375   3232.588   8897.134    11.0696   3.448914     1.1685     0.0073     0.1343     0.0085     1.1685     1.1220     24.186    30.4244    23.2030    1.22738    1.75405     53.572    6.35336    9.07959  0.000e+00
        691     24.480     35.505   3232.525   8897.135    11.0687   3.448914     1.1697     0.0061     0.1331     0.0085     1.1697     1.1013     24.275    30.4251    23.2037    1.23016    1.75801     53.693    6.35346    9.07973  0.000e+00
        692     24.614     35.700   3232.525   8897.135    11.0687   3.448915     1.1697     0.0073     0.1319     0.0098     1.1697     1.0806     24.408    30.4251    23.2037    1.23018    1.75805     53.694    6.35346    9.07973  0.000e+00
        693     24.704     35.830   3232.524   8897.136    11.0687   3.448915     1.1697     0.0061     0.1331     0.0085     1.1697     1.1013     24.496    30.4251    23.2037    1.23019    1.75807     53.694    6.35346    9.07973  0.000e+00
        694     24.793     35.959   3232.461   8898.068    11.0678   3.449727     1.1709     0.0073     0.1319     0.0085     1.1709     1.0806     24.585    30.4337    23.2106    1.23290    1.76194     53.812    6.35324    9.07942  0.000e+00
        695     24.927     36.154   3232.208   8898.441    11.0641   3.450052     1.1685     0.0073     0.1331     0.0085     1.1685     1.1013     24.718    30.4399    23.2160    1.22749    1.75421     53.576    6.35350    9.07979  0.000e+00
        696     25.062     36.349   3232.208   8897.323    11.0641   3.449079     1.1685     0.0073     0.1319     0.0085     1.1685     1.0806     24.851    30.4303    23.2086    1.22759    1.75434     53.580    6.35389    9.08034  0.000e+00
        697     25.151     36.479   3232.334   8895.832    11.0660   3.447781     1.1685     0.0073     0.1331     0.0098     1.1685     1.1013     24.940    30.4161    23.1972    1.22767    1.75446     53.585    6.35421    9.08080  0.000e+00
        698     25.285     36.673   3232.586   8897.324    11.0696   3.449079     1.1685     0.0073     0.1319     0.0085     1.1685     1.0806     25.073    30.4257    23.2040    1.22752    1.75425     53.578    6.35331    9.07952  0.000e+00
        699     25.375     36.803   3232.397   8897.511    11.0669   3.449242     1.1673     0.0073     0.1331     0.0085     1.1673     1.1013     25.162    30.4295    23.2075    1.22484    1.75041     53.460    6.35354    9.07985  0.000e+00
        700     25.509     36.998   3232.523   8897.511    11.0687   3.449242     1.1661     0.0073     0.1331     0.0085     1.1661     1.1013     25.295    30.4280    23.2059    1.22208    1.74648     53.340    6.35335    9.07957  0.000e+00
        701     25.599     37.128   3232.459   8897.325    11.0678   3.449080     1.1648     0.0073     0.1331     0.0085     1.1648     1.1013     25.384    30.4271    23.2054    1.21939    1.74263     53.223    6.35351    9.07980  0.000e+00
        702     25.688     37.258   3232.459   8897.512    11.0678   3.449243     1.1661     0.0061     0.1319     0.0085     1.1661     1.0806     25.473    30.4287    23.2066    1.22213    1.74655     53.342    6.35345    9.07972  0.000e+00
        703     25.822     37.452   3232.459   8897.513    11.0678   3.449244     1.1648     0.0073     0.1343     0.0098     1.1648     1.1220     25.606    30.4286    23.2066    1.21941    1.74266     53.224    6.35345    9.07972  0.000e+00
        704     25.912     37.582   3232.459   8897.700    11.0678   3.449406     1.1636     0.0061     0.1331     0.0085     1.1636     1.1013     25.695    30.4302    23.2078    1.21668    1.73875     53.104    6.35339    9.07963  0.000e+00
        705     26.046     37.777   3232.395   8897.514    11.0668   3.449244     1.1648     0.0073     0.1331     0.0085     1.1648     1.1013     25.828    30.4293    23.2073    1.21947    1.74274     53.226    6.35355    9.07986  0.000e+00
        706     26.180     37.972   3232.458   8897.700    11.0678   3.449407     1.1648     0.0061     0.1331     0.0085     1.1648     1.1013     25.961    30.4301    23.2077    1.21946    1.74273     53.226    6.35340    9.07964  0.000e+00
        707     26.315     38.166   3232.458   8897.701    11.0678   3.449407     1.1648     0.0061     0.1331     0.0085     1.1648     1.1013     26.094    30.4300    23.2077    1.21948    1.74276     53.227    6.35340    9.07964  0.000e+00
        708     26.449     38.361   3232.394   8897.701    11.0668   3.449408     1.1624     0.0073     0.1343     0.0085     1.1624     1.1220     26.227    30.4308    23.2084    1.21404    1.73499     52.989    6.35350    9.07978  0.000e+00
        709     26.539     38.491   3232.457   8897.515    11.0677   3.449246     1.1636     0.0073     0.1343     0.0085     1.1636     1.1220     26.316    30.4284    23.2064    1.21679    1.73892     53.109    6.35347    9.07974  0.000e+00
        710     26.673     38.686   3232.204   8898.634    11.0641   3.450220     1.1612     0.0073     0.1331     0.0085     1.1612     1.1013     26.449    30.4409    23.2168    1.21133    1.73111     52.870    6.35347    9.07975  0.000e+00
        711     26.718     38.751   3232.457   8898.448    11.0677   3.450058     1.1612     0.0073     0.1380     0.0085     1.1612     1.1839     26.493    30.4363    23.2125    1.21128    1.73104     52.869    6.35315    9.07929  0.000e+00
        712     26.852     38.945   3232.520   8896.212    11.0686   3.448111     1.1600     0.0061     0.1343     0.0085     1.1600     1.1220     26.627    30.4164    23.1969    1.20869    1.72734     52.756    6.35382    9.08024  0.000e+00
        713     26.941     39.075   3232.077   8896.771    11.0622   3.448599     1.1600     0.0061     0.1368     0.0085     1.1600     1.1633     26.715    30.4264    23.2059    1.20879    1.72748     52.760    6.35431    9.08094  0.000e+00
        714     27.031     39.205   3232.140   8897.144    11.0631   3.448923     1.1600     0.0073     0.1331     0.0085     1.1600     1.1013     26.804    30.4288    23.2076    1.20876    1.72744     52.759    6.35408    9.08062  0.000e+00
        715     27.165     39.400   3232.393   8897.890    11.0668   3.449573     1.1587     0.0073     0.1343     0.0085     1.1587     1.1220     26.937    30.4321    23.2095    1.20593    1.72339     52.635    6.35345    9.07971  0.000e+00
        716     27.255     39.529   3232.456   8897.891    11.0677   3.449573     1.1575     0.0061     0.1355     0.0085     1.1575     1.1426     27.026    30.4313    23.2087    1.20319    1.71947     52.515    6.35335    9.07957  0.000e+00
        717     27.344     39.659   3232.456   8897.891    11.0677   3.449574     1.1563     0.0073     0.1368     0.0098     1.1563     1.1633     27.115    30.4313    23.2087    1.20046    1.71558     52.396    6.35335    9.07958  0.000e+00
        718     27.478     39.854   3232.329   8898.078    11.0659   3.449736     1.1563     0.0073     0.1355     0.0085     1.1563     1.1426     27.248    30.4343    23.2114    1.20050    1.71564     52.398    6.35348    9.07976  0.000e+00
        719     27.568     39.984   3232.455   8898.079    11.0677   3.449737     1.1551     0.0073     0.1343     0.0085     1.1551     1.1220     27.337    30.4328    23.2099    1.19774    1.71170     52.278    6.35329    9.07949  0.000e+00
        720     27.657     40.114   3232.455   8897.893    11.0677   3.449575     1.1551     0.0073     0.1355     0.0085     1.1551     1.1426     27.425    30.4312    23.2086    1.19777    1.71173     52.279    6.35336    9.07958  0.000e+00
        721     27.747     40.244   3232.391   8897.893    11.0668   3.449575     1.1538     0.0073     0.1343     0.0085     1.1538     1.1220     27.514    30.4319    23.2093    1.19506    1.70786     52.161    6.35346    9.07973  0.000e+00
        722     27.881     40.438   3232.454   8898.080    11.0677   3.449738     1.1538     0.0073     0.1331     0.0085     1.1538     1.1013     27.647    30.4327    23.2098    1.19505    1.70785     52.160    6.35330    9.07950  0.000e+00
        723     27.971     40.568   3232.454   8898.080    11.0677   3.449738     1.1538     0.0073     0.1343     0.0085     1.1538     1.1220     27.736    30.4327    23.2098    1.19507    1.70787     52.161    6.35330    9.07950  0.000e+00
        724     28.060     40.698   3232.391   8898.267    11.0668   3.449901     1.1514     0.0061     0.1331     0.0085     1.1514     1.1013     27.825    30.4350    23.2117    1.18961    1.70007     51.923    6.35334    9.07955  0.000e+00
