unitTesting/processed_seabird_noalign/ORCA1_CAST0008.cnv
* Sea-Bird SBE 19 Data File:
* FileName =
* Software Version 4.234
* Temperature SN = 2835
* Conductivity SN = 2835
* System UpLoad Time = Thu Jan 20 23:50:41 2005

** Ship: ORCA
** Cruise: Mooring
** Station: Twanoh
** Latitude: 47 22.5
** Longitude: 123 0.5
# nquan = 22
# nvalues = 890                                   
# units = specified
# name 0 = scan: Scan Count
# name 1 = prSM: Pressure, Strain Gauge [db]
# name 2 = prSE: Pressure, Strain Gauge [psi]
# name 3 = f0: Frequency 0
# name 4 = f1: Frequency 1
# name 5 = t090C: Temperature [ITS-90, deg C]
# name 6 = c0S/m: Conductivity [S/m]
# name 7 = v0: Voltage 0
# name 8 = v1: Voltage 1
# name 9 = v2: Voltage 2
# name 10 = v3: Voltage 3
# name 11 = sbeox0V: Oxygen raw, SBE 43 [V]
# name 12 = wetStar: Fluorescence, WET Labs WETstar [mg/m^3]
# name 13 = depSM: Depth [salt water, m], lat = 47.28
# name 14 = sal00: Salinity, Practical [PSU]
# name 15 = sigma-t00: Density [sigma-t, Kg/m^3 ]
# name 16 = sbeox0ML/L: Oxygen, SBE 43 [ml/l]
# name 17 = sbeox0Mg/L: Oxygen, SBE 43 [mg/l]
# name 18 = sbeox0Mm/Kg: Oxygen, SBE 43 [umol/Kg]
# name 19 = oxsatML/L: Oxygen Saturation, Weiss [ml/l]
# name 20 = oxsatMg/L: Oxygen Saturation, Weiss [mg/l]
# name 21 = flag:  0.000e+00
# span 0 =          1,        890                 
# span 1 =      0.951,     29.582                 
# span 2 =      1.380,     42.905                 
# span 3 =   3055.975,   3232.734                 
# span 4 =   7305.519,   8909.245                 
# span 5 =     8.4572,    11.0718                 
# span 6 =   2.188868,   3.459465                 
# span 7 =     0.0000,     3.0696                 
# span 8 =     0.0000,     0.0073                 
# span 9 =     0.0000,     0.6056                 
# span 10 =     0.0000,     0.0098                
# span 11 =     0.0000,     3.0696                
# span 12 =    -1.1506,     9.0965                
# span 13 =      0.943,     29.334                
# span 14 =    19.7447,    30.5326                
# span 15 =    15.2484,    23.2886                
# span 16 =   -1.39376,    6.10846                
# span 17 =   -1.99182,    8.72960                
# span 18 =    -60.834,    268.583                
# span 19 =    6.35020,    7.18485                
# span 20 =    9.07507,   10.26786                
# span 21 = 0.0000e+00, 0.0000e+00                
# interval = seconds: 0.5
# start_time = Jan 31 2016 20:27:05 [DatCnv date, localtime]
# bad_flag = -9.990e-29
*END*
[from data line 396]
        397      7.659     11.108   3232.066   8872.571    11.0621   3.427556     1.1453     0.0073     0.1343     0.0085     1.1453     1.1220      7.595    30.2284    23.0520    1.17431    1.67820     51.263    6.36226    9.09231  0.000e+00
        398      7.569     10.978   3231.939   8872.201    11.0602   3.427235     1.1429     0.0073     0.1319     0.0085     1.1429     1.0806      7.506    30.2268    23.0510    1.16887    1.67044     51.026    6.36258    9.09277  0.000e+00
        399      7.435     10.784   3231.876   8871.457    11.0593   3.426589     1.1416     0.0073     0.1331     0.0085     1.1416     1.1013      7.373    30.2213    23.0469    1.16618    1.66658     50.908    6.36293    9.09326  0.000e+00
        400      7.346     10.654   3231.813   8870.713    11.0584   3.425943     1.1380     0.0073     0.1319     0.0085     1.1380     1.0806      7.284    30.2157    23.0428    1.15801    1.65492     50.552    6.36328    9.09376  0.000e+00
        401      7.256     10.524   3231.750   8870.156    11.0575   3.425460     1.1355     0.0073     0.1319     0.0085     1.1355     1.0806      7.196    30.2118    23.0399    1.15257    1.64714     50.315    6.36356    9.09417  0.000e+00
        402      7.122     10.330   3231.624   8869.972    11.0557   3.425301     1.1331     0.0073     0.1319     0.0085     1.1331     1.0806      7.063    30.2118    23.0402    1.14712    1.63935     50.077    6.36382    9.09453  0.000e+00
        403      7.033     10.200   3231.624   8869.602    11.0557   3.424979     1.1294     0.0073     0.1319     0.0085     1.1294     1.0806      6.974    30.2087    23.0377    1.13891    1.62762     49.719    6.36394    9.09471  0.000e+00
        404      6.898     10.005   3231.561   8869.419    11.0547   3.424820     1.1270     0.0073     0.1319     0.0085     1.1270     1.0806      6.841    30.2079    23.0373    1.13345    1.61981     49.480    6.36410    9.09493  0.000e+00
        405      6.809      9.876   3231.498   8869.236    11.0538   3.424661     1.1233     0.0073     0.1343     0.0085     1.1233     1.1220      6.752    30.2072    23.0369    1.12524    1.60809     49.122    6.36426    9.09516  0.000e+00
        406      6.720      9.746   3231.435   8868.865    11.0529   3.424340     1.1197     0.0073     0.1319     0.0085     1.1197     1.0806      6.664    30.2048    23.0352    1.11705    1.59638     48.764    6.36448    9.09547  0.000e+00
        407      6.585      9.551   3231.436   8868.682    11.0529   3.424181     1.1160     0.0073     0.1331     0.0085     1.1160     1.1013      6.530    30.2033    23.0340    1.10883    1.58463     48.405    6.36454    9.09556  0.000e+00
        408      6.496      9.422   3231.309   8868.686    11.0511   3.424184     1.1136     0.0061     0.1331     0.0085     1.1136     1.1013      6.442    30.2049    23.0356    1.10337    1.57683     48.167    6.36473    9.09583  0.000e+00
        409      6.407      9.292   3231.246   8867.941    11.0502   3.423538     1.1111     0.0073     0.1355     0.0085     1.1111     1.1426      6.353    30.1994    23.0314    1.09794    1.56907     47.930    6.36508    9.09633  0.000e+00
        410      6.272      9.097   3231.183   8866.449    11.0493   3.422243     1.1062     0.0073     0.1319     0.0085     1.1062     1.0806      6.220    30.1875    23.0224    1.08707    1.55353     47.456    6.36568    9.09719  0.000e+00
        411      6.049      8.773   3230.931   8864.208    11.0456   3.420299     1.1026     0.0073     0.1331     0.0085     1.1026     1.1013      5.998    30.1716    23.0106    1.07901    1.54202     47.105    6.36683    9.09883  0.000e+00
        412      5.959      8.643   3230.615   8863.089    11.0410   3.419329     1.0989     0.0061     0.1331     0.0085     1.0989     1.1013      5.910    30.1659    23.0070    1.07092    1.53046     46.752    6.36769    9.10007  0.000e+00
        413      5.825      8.449   3230.489   8862.531    11.0392   3.418845     1.0965     0.0073     0.1343     0.0085     1.0965     1.1220      5.777    30.1627    23.0048    1.06549    1.52269     46.515    6.36807    9.10061  0.000e+00
        414      5.780      8.384   3230.299   8859.540    11.0364   3.416253     1.0928     0.0073     0.1343     0.0085     1.0928     1.1220      5.732    30.1396    22.9874    1.05748    1.51124     46.166    6.36938    9.10248  0.000e+00
        415      5.602      8.124   3229.983   8857.671    11.0319   3.414633     1.0891     0.0073     0.1331     0.0085     1.0891     1.1013      5.555    30.1276    22.9788    1.04941    1.49971     45.814    6.37050    9.10408  0.000e+00
        416      5.512      7.995   3229.415   8850.370    11.0236   3.408308     1.0855     0.0073     0.1331     0.0085     1.0855     1.1013      5.466    30.0725    22.9374    1.04171    1.48871     45.480    6.37386    9.10888  0.000e+00
        417      5.378      7.800   3228.277   8844.750    11.0071   3.403444     1.0842     0.0073     0.1380     0.0085     1.0842     1.1839      5.333    30.0385    22.9138    1.03953    1.48559     45.385    6.37752    9.11412  0.000e+00
        418      5.289      7.670   3227.076   8842.315    10.9897   3.401338     1.0818     0.0073     0.1355     0.0098     1.0818     1.1426      5.244    30.0322    22.9118    1.03444    1.47831     45.163    6.38020    9.11795  0.000e+00
        419      5.154      7.476   3226.571   8839.880    10.9823   3.399232     1.0794     0.0073     0.1343     0.0085     1.0794     1.1220      5.111    30.0176    22.9018    1.02918    1.47080     44.934    6.38181    9.12024  0.000e+00
        420      5.065      7.346   3226.065   8836.318    10.9750   3.396152     1.0781     0.0073     0.1343     0.0098     1.0781     1.1220      5.023    29.9935    22.8843    1.02673    1.46730     44.828    6.38380    9.12309  0.000e+00
        421      4.975      7.216   3225.244   8833.318    10.9630   3.393559     1.0757     0.0073     0.1355     0.0085     1.0757     1.1426      4.934    29.9779    22.8742    1.02158    1.45994     44.603    6.38610    9.12637  0.000e+00
        422      4.886      7.087   3224.485   8824.117    10.9520   3.385612     1.0733     0.0073     0.1331     0.0085     1.0733     1.1013      4.845    29.9091    22.8226    1.01674    1.45303     44.395    6.39040    9.13253  0.000e+00
        423      4.707      6.827   3222.399   8813.777    10.9217   3.376692     1.0708     0.0073     0.1368     0.0085     1.0708     1.1633      4.668    29.8464    22.7790    1.01225    1.44661     44.200    6.39716    9.14219  0.000e+00
        424      4.618      6.697   3220.629   8807.757    10.8960   3.371503     1.0672     0.0073     0.1331     0.0085     1.0672     1.1013      4.579    29.8165    22.7602    1.00470    1.43582     43.872    6.40197    9.14905  0.000e+00
        425      4.484      6.503   3218.860   8799.283    10.8702   3.364205     1.0635     0.0073     0.1380     0.0085     1.0635     1.1839      4.446    29.7660    22.7252    0.99727    1.42520     43.548    6.40762    9.15713  0.000e+00
        426      4.349      6.308   3217.469   8801.548    10.8500   3.366156     1.0611     0.0073     0.1380     0.0085     1.0611     1.1839      4.313    29.8016    22.7563    0.99193    1.41757     43.314    6.40901    9.15912  0.000e+00
        427      4.260      6.179   3217.469   8797.405    10.8500   3.362589     1.0574     0.0061     0.1380     0.0085     1.0574     1.1839      4.224    29.7666    22.7291    0.98387    1.40605     42.963    6.41043    9.16114  0.000e+00
        428      4.171      6.049   3216.268   8784.013    10.8325   3.351073     1.0537     0.0073     0.1368     0.0085     1.0537     1.1633      4.136    29.6679    22.6553    0.97655    1.39559     42.646    6.41688    9.17036  0.000e+00
        429      4.036      5.854   3213.866   8775.138    10.7976   3.343451     1.0501     0.0061     0.1380     0.0085     1.0501     1.1839      4.003    29.6214    22.6251    0.96923    1.38513     42.328    6.42368    9.18008  0.000e+00
        430      3.902      5.660   3211.022   8763.226    10.7561   3.333234     1.0464     0.0073     0.1380     0.0098     1.0464     1.1839      3.870    29.5546    22.5801    0.96216    1.37502     42.021    6.43223    9.19230  0.000e+00
        431      3.813      5.530   3208.556   8755.277    10.7202   3.326423     1.0440     0.0061     0.1392     0.0085     1.0440     1.2046      3.781    29.5167    22.5566    0.95755    1.36843     41.821    6.43884    9.20175  0.000e+00
        432      3.679      5.335   3206.091   8745.235    10.6842   3.317828     1.0415     0.0073     0.1441     0.0085     1.0415     1.2872      3.648    29.4613    22.5195    0.95303    1.36198     41.625    6.44619    9.21225  0.000e+00
        433      3.589      5.206   3204.258   8744.669    10.6575   3.317345     1.0391     0.0073     0.1453     0.0085     1.0391     1.3079      3.559    29.4781    22.5370    0.94790    1.35465     41.400    6.44929    9.21668  0.000e+00
        434      3.500      5.076   3203.752   8744.863    10.6501   3.317510     1.0379     0.0073     0.1429     0.0085     1.0379     1.2666      3.471    29.4857    22.5442    0.94522    1.35081     41.283    6.45002    9.21773  0.000e+00
        435      3.321      4.817   3203.310   8742.021    10.6437   3.315080     1.0379     0.0061     0.1490     0.0085     1.0379     1.3699      3.293    29.4671    22.5307    0.94543    1.35112     41.293    6.45170    9.22012  0.000e+00
        436      3.142      4.557   3202.298   8724.172    10.6289   3.299833     1.0354     0.0061     0.1490     0.0085     1.0354     1.3699      3.116    29.3289    22.4257    0.94097    1.34474     41.102    6.45943    9.23118  0.000e+00
        437      3.008      4.363   3198.632   8714.855    10.5753   3.291887     1.0366     0.0073     0.1453     0.0098     1.0366     1.3079      2.983    29.2937    22.4072    0.94498    1.35047     41.278    6.46849    9.24412  0.000e+00
        438      2.919      4.233   3195.660   8707.053    10.5319   3.285239     1.0366     0.0061     0.1612     0.0085     1.0366     1.5765      2.894    29.2631    22.3905    0.94600    1.35193     41.323    6.47593    9.25476  0.000e+00
        439      2.829      4.103   3193.385   8694.857    10.4986   3.274860     1.0391     0.0073     0.1722     0.0085     1.0391     1.7624      2.806    29.1874    22.3370    0.95266    1.36145     41.616    6.48379    9.26598  0.000e+00
        440      2.695      3.909   3188.643   8653.559    10.4292   3.239824     1.0415     0.0073     0.1624     0.0085     1.0415     1.5971      2.673    28.8970    22.1224    0.96136    1.37388     42.005    6.50567    9.29726  0.000e+00
        441      2.561      3.714   3175.492   8558.357    10.2364   3.159699     1.0452     0.0073     0.1636     0.0085     1.0452     1.6178      2.539    28.2570    21.6553    0.97757    1.39704     42.733    6.56006    9.37498  0.000e+00
        442      2.471      3.584   3163.985   8603.782    10.0672   3.197821     1.0501     0.0073     0.1575     0.0085     1.0501     1.5145      2.451    28.7682    22.0802    0.98910    1.41352     43.219    6.56345    9.37982  0.000e+00
        443      2.337      3.390   3166.135   8553.130    10.0988   3.155327     1.0537     0.0061     0.1673     0.0085     1.0537     1.6798      2.318    28.3211    21.7269    0.99971    1.42869     43.698    6.57747    9.39987  0.000e+00
        444      2.203      3.195   3146.407   7796.347     9.8078   2.550702     1.0598     0.0073     0.1526     0.0085     1.0598     1.4319      2.185    22.5860    17.3066    1.05789    1.51183     46.442    6.86624    9.81254  0.000e+00
        445      2.069      3.001   3084.939   7440.841     8.8928   2.286248     1.0659     0.0073     0.1526     0.0085     1.0659     1.4319      2.052    20.5500    15.8432    1.10819    1.58371     48.720    7.10309   10.15102  0.000e+00
        446      1.980      2.871   3060.146   7412.034     8.5201   2.265368     1.0708     0.0061     0.1648     0.0085     1.0708     1.6385      1.963    20.5596    15.8969    1.12941    1.61404     49.650    7.16428   10.23847  0.000e+00
        447      1.890      2.741   3056.541   7409.575     8.4658   2.263590     1.0806     0.0073     0.1722     0.0085     1.0806     1.7624      1.874    20.5736    15.9144    1.15522    1.65093     50.784    7.17270   10.25051  0.000e+00
        448      1.801      2.612   3058.438   7400.618     8.4944   2.257116     1.0891     0.0061     0.1624     0.0085     1.0891     1.5971      1.786    20.4926    15.8477    1.17659    1.68146     51.727    7.17165   10.24901  0.000e+00
        449      1.667      2.417   3061.095   7392.100     8.5344   2.250966     1.1026     0.0073     0.1526     0.0085     1.1026     1.4319      1.653    20.4084    15.7771    1.20995    1.72915     53.197    7.16885   10.24500  0.000e+00
        450      1.532      2.223   3062.360   7378.853     8.5535   2.241417     1.1172     0.0073     0.1575     0.0085     1.1172     1.5145      1.520    20.3028    15.6924    1.24711    1.78224     54.835    7.17053   10.24740  0.000e+00
        451      1.443      2.093   3064.194   7343.933     8.5811   2.216328     1.1343     0.0073     0.1661     0.0085     1.1343     1.6591      1.431    20.0387    15.4829    1.29151    1.84569     56.799    7.17808   10.25819  0.000e+00
        452      1.354      1.963   3065.839   7327.883     8.6059   2.204837     1.1648     0.0073     0.1612     0.0085     1.1648     1.5765      1.342    19.9112    15.3803    1.36875    1.95608     60.202    7.17982   10.26068  0.000e+00
        453      1.219      1.769   3066.155   7326.301     8.6107   2.203706     1.2100     0.0073     0.1538     0.0085     1.2100     1.4525      1.209    19.8974    15.3690    1.48250    2.11865     65.206    7.17966   10.26045  0.000e+00
        454      1.130      1.639   3066.155   7322.681     8.6107   2.201118     1.2784     0.0073     0.1575     0.0098     1.2784     1.5145      1.121    19.8719    15.3491    1.65500    2.36516     72.795    7.18083   10.26213  0.000e+00
        455      0.996      1.444   3066.218   7320.645     8.6116   2.199664     1.3687     0.0073     0.1868     0.0085     1.3687     2.0103      0.988    19.8570    15.3374    1.88275    2.69064     82.813    7.18136   10.26288  0.000e+00
        456      0.951      1.380   3066.219   7314.982     8.6116   2.195619     1.4689     0.0073     0.1905     0.0085     1.4689     2.0723      0.943    19.8171    15.3062    2.13555    3.05191     93.936    7.18320   10.26551  0.000e+00
        457      0.951      1.380   3066.472   7312.944     8.6154   2.194164     1.5812     0.0073     0.2625     0.0085     1.5812     3.2912      0.943    19.8006    15.2929    2.41871    3.45657    106.392    7.18332   10.26569  0.000e+00
        458      0.951      1.380   3066.725   7309.317     8.6192   2.191576     1.6972     0.0073     0.3602     0.0085     1.6972     4.9439      0.943    19.7730    15.2708    2.71130    3.87472    119.265    7.18396   10.26660  0.000e+00
        459      0.996      1.444   3066.978   7314.310     8.6231   2.195140     1.8205     0.0073     0.4518     0.0085     1.8205     6.4934      0.988    19.8060    15.2961    3.02126    4.31769    132.897    7.18180   10.26351  0.000e+00
        460      0.951      1.380   3066.472   7317.940     8.6154   2.197731     1.9365     0.0073     0.2894     0.0085     1.9365     3.7457      0.943    19.8359    15.3204    3.31344    4.73524    145.745    7.18170   10.26337  0.000e+00
