unitTesting/processed_seabird_noalign/ORCA1_CAST0017.cnv
* Sea-Bird SBE 19 Data File:
* FileName =
* Software Version 4.234
* Temperature SN = 2835
* Conductivity SN = 2835
* System UpLoad Time = Sun Jan 23 05:55:48 2005

** Ship: ORCA
** Cruise: Mooring
** Station: Twanoh
** Latitude: 47 22.5
** Longitude: 123 0.5
# nquan = 22
# nvalues = 925                                   
# units = specified
# name 0 = scan: Scan Count
# name 1 = prSM: Pressure, Strain Gauge [db]
# name 2 = prSE: Pressure, Strain Gauge [psi]
# name 3 = f0: Frequency 0
# name 4 = f1: Frequency 1
# name 5 = t090C: Temperature [ITS-90, deg C]
# name 6 = c0S/m: Conductivity [S/m]
# name 7 = v0: Voltage 0
# name 8 = v1: Voltage 1
# name 9 = v2: Voltage 2
# name 10 = v3: Voltage 3
# name 11 = sbeox0V: Oxygen raw, SBE 43 [V]
# name 12 = wetStar: Fluorescence, WET Labs WETstar [mg/m^3]
# name 13 = depSM: Depth [salt water, m], lat = 47.28
# name 14 = sal00: Salinity, Practical [PSU]
# name 15 = sigma-t00: Density [sigma-t, Kg/m^3 ]
# name 16 = sbeox0ML/L: Oxygen, SBE 43 [ml/l]
# name 17 = sbeox0Mg/L: Oxygen, SBE 43 [mg/l]
# name 18 = sbeox0Mm/Kg: Oxygen, SBE 43 [umol/Kg]
# name 19 = oxsatML/L: Oxygen Saturation, Weiss [ml/l]
# name 20 = oxsatMg/L: Oxygen Saturation, Weiss [mg/l]
# name 21 = flag:  0.000e+00
# span 0 =          1,        925                 
# span 1 =      0.906,     29.582                 
# span 2 =      1.315,     42.905                 
# span 3 =   3075.867,   3233.282                 
# span 4 =   7174.980,   8908.874                 
# span 5 =     8.7567,    11.0797                 
# span 6 =   2.096643,   3.459142                 
# span 7 =     0.0000,     3.0965                 
# span 8 =     0.0000,     0.0073                 
# span 9 =     0.0000,     0.3468                 
# span 10 =     0.0000,     0.0098                
# span 11 =     0.0000,     3.0965                
# span 12 =    -1.1506,     4.7167                
# span 13 =      0.899,     29.334                
# span 14 =    18.7612,    30.5262                
# span 15 =    14.4635,    23.2829                
# span 16 =   -1.39529,    6.15447                
# span 17 =   -1.99401,    8.79535                
# span 18 =    -60.908,    270.929                
# span 19 =    6.34991,    7.20692                
# span 20 =    9.07466,   10.29941                
# span 21 = 0.0000e+00, 0.0000e+00                
# interval = seconds: 0.5
# start_time = Jan 31 2016 20:27:13 [DatCnv date, localtime]
# bad_flag = -9.990e-29
*END*
[from data line 132]
        133     18.931     27.458   3231.385   8879.486    11.0522   3.433565     1.1905     0.0073     0.1319     0.0085     1.1905     1.0806     18.773    30.2908    23.1022    1.27729    1.82537     55.756    6.36113    9.09069  0.000e+00
        134     18.931     27.458   3231.322   8879.490    11.0513   3.433568     1.1905     0.0073     0.1343     0.0098     1.1905     1.1220     18.773    30.2916    23.1029    1.27730    1.82540     55.756    6.36122    9.09083  0.000e+00
        135     18.931     27.458   3231.323   8879.681    11.0513   3.433734     1.1905     0.0073     0.1331     0.0098     1.1905     1.1013     18.773    30.2932    23.1042    1.27729    1.82538     55.756    6.36116    9.09073  0.000e+00
        136     18.931     27.458   3231.323   8879.684    11.0513   3.433737     1.1893     0.0073     0.1368     0.0098     1.1893     1.1633     18.773    30.2932    23.1042    1.27455    1.82146     55.636    6.36116    9.09073  0.000e+00
        137     18.931     27.458   3231.323   8879.688    11.0513   3.433741     1.1893     0.0073     0.1319     0.0085     1.1893     1.0806     18.773    30.2933    23.1042    1.27455    1.82146     55.636    6.36116    9.09073  0.000e+00
        138     18.931     27.458   3231.386   8880.066    11.0522   3.434069     1.1893     0.0073     0.1306     0.0085     1.1893     1.0600     18.773    30.2957    23.1060    1.27451    1.82140     55.634    6.36093    9.09041  0.000e+00
        139     18.931     27.458   3231.387   8880.070    11.0522   3.434072     1.1880     0.0073     0.1331     0.0085     1.1880     1.1013     18.773    30.2958    23.1060    1.27176    1.81748     55.514    6.36093    9.09040  0.000e+00
        140     18.931     27.458   3231.323   8880.447    11.0513   3.434400     1.1893     0.0061     0.1319     0.0085     1.1893     1.0806     18.773    30.2997    23.1092    1.27450    1.82138     55.633    6.36090    9.09036  0.000e+00
        141     18.931     27.458   3231.450   8880.264    11.0531   3.434241     1.1880     0.0073     0.1306     0.0085     1.1880     1.0600     18.773    30.2966    23.1065    1.27173    1.81743     55.513    6.36077    9.09017  0.000e+00
        142     18.931     27.458   3231.450   8880.455    11.0531   3.434407     1.1880     0.0073     0.1306     0.0085     1.1880     1.0600     18.773    30.2983    23.1078    1.27172    1.81742     55.512    6.36070    9.09008  0.000e+00
        143     18.931     27.458   3231.450   8880.645    11.0531   3.434572     1.1893     0.0073     0.1331     0.0085     1.1893     1.1013     18.773    30.2999    23.1091    1.27445    1.82131     55.631    6.36064    9.08998  0.000e+00
        144     18.931     27.458   3231.451   8880.836    11.0531   3.434738     1.1880     0.0073     0.1319     0.0085     1.1880     1.0806     18.773    30.3015    23.1103    1.27169    1.81738     55.511    6.36057    9.08989  0.000e+00
        145     18.931     27.458   3231.514   8880.653    11.0541   3.434579     1.1893     0.0061     0.1319     0.0085     1.1893     1.0806     18.773    30.2992    23.1084    1.27443    1.82129     55.630    6.36054    9.08984  0.000e+00
        146     18.931     27.458   3231.451   8881.404    11.0531   3.435231     1.1917     0.0073     0.1343     0.0085     1.1917     1.1220     18.773    30.3063    23.1141    1.27988    1.82907     55.868    6.36038    9.08961  0.000e+00
        147     18.931     27.458   3231.514   8881.221    11.0541   3.435073     1.1917     0.0073     0.1331     0.0085     1.1917     1.1013     18.773    30.3040    23.1121    1.27987    1.82907     55.868    6.36034    9.08956  0.000e+00
        148     18.931     27.458   3231.578   8881.972    11.0550   3.435725     1.1929     0.0073     0.1331     0.0085     1.1929     1.1013     18.773    30.3096    23.1163    1.28254    1.83288     55.984    6.35999    9.08906  0.000e+00
        149     18.931     27.458   3231.831   8882.909    11.0587   3.436539     1.1929     0.0073     0.1331     0.0085     1.1929     1.1013     18.773    30.3146    23.1195    1.28241    1.83269     55.978    6.35928    9.08805  0.000e+00
        150     18.931     27.458   3231.704   8882.727    11.0568   3.436381     1.1929     0.0061     0.1319     0.0085     1.1929     1.0806     18.773    30.3145    23.1198    1.28246    1.83276     55.980    6.35954    9.08841  0.000e+00
        151     18.931     27.458   3231.705   8882.917    11.0568   3.436546     1.1929     0.0073     0.1380     0.0085     1.1929     1.1839     18.773    30.3162    23.1211    1.28244    1.83274     55.980    6.35947    9.08832  0.000e+00
        152     18.931     27.458   3231.831   8883.108    11.0587   3.436712     1.1929     0.0073     0.1319     0.0085     1.1929     1.0806     18.773    30.3163    23.1208    1.28239    1.83267     55.977    6.35921    9.08795  0.000e+00
        153     18.931     27.458   3231.768   8883.298    11.0577   3.436878     1.1941     0.0073     0.1319     0.0085     1.1941     1.0806     18.773    30.3186    23.1228    1.28514    1.83659     56.097    6.35925    9.08800  0.000e+00
        154     18.931     27.458   3231.895   8883.489    11.0596   3.437043     1.1954     0.0073     0.1343     0.0085     1.1954     1.1220     18.773    30.3187    23.1226    1.28783    1.84044     56.215    6.35899    9.08763  0.000e+00
        155     18.931     27.458   3231.768   8883.306    11.0578   3.436884     1.1954     0.0073     0.1331     0.0085     1.1954     1.1013     18.773    30.3187    23.1229    1.28788    1.84051     56.217    6.35924    9.08799  0.000e+00
        156     18.931     27.458   3231.769   8883.310    11.0578   3.436888     1.1941     0.0073     0.1343     0.0085     1.1941     1.1220     18.773    30.3187    23.1229    1.28514    1.83659     56.097    6.35924    9.08799  0.000e+00
        157     18.931     27.458   3231.832   8883.127    11.0587   3.436729     1.1941     0.0073     0.1319     0.0085     1.1941     1.0806     18.773    30.3164    23.1210    1.28513    1.83658     56.097    6.35921    9.08794  0.000e+00
        158     18.931     27.458   3231.769   8883.505    11.0578   3.437057     1.1941     0.0073     0.1306     0.0085     1.1941     1.0600     18.773    30.3204    23.1242    1.28512    1.83657     56.096    6.35917    9.08789  0.000e+00
        159     18.931     27.458   3231.769   8883.882    11.0578   3.437385     1.1941     0.0073     0.1319     0.0085     1.1941     1.0806     18.773    30.3236    23.1267    1.28510    1.83653     56.095    6.35904    9.08771  0.000e+00
        160     18.931     27.458   3231.896   8884.446    11.0596   3.437875     1.1941     0.0061     0.1306     0.0085     1.1941     1.0600     18.773    30.3269    23.1289    1.28502    1.83643     56.092    6.35866    9.08716  0.000e+00
        161     18.931     27.458   3231.896   8884.636    11.0596   3.438040     1.1941     0.0073     0.1319     0.0085     1.1941     1.0806     18.773    30.3285    23.1302    1.28501    1.83641     56.091    6.35859    9.08707  0.000e+00
        162     18.931     27.458   3231.896   8884.454    11.0596   3.437882     1.1941     0.0073     0.1319     0.0085     1.1941     1.0806     18.773    30.3269    23.1290    1.28502    1.83643     56.092    6.35866    9.08715  0.000e+00
        163     18.931     27.458   3231.896   8884.084    11.0596   3.437560     1.1941     0.0073     0.1319     0.0085     1.1941     1.0806     18.773    30.3238    23.1265    1.28505    1.83646     56.093    6.35878    9.08733  0.000e+00
        164     18.931     27.458   3231.896   8884.275    11.0596   3.437726     1.1929     0.0073     0.1306     0.0085     1.1929     1.0600     18.773    30.3254    23.1278    1.28230    1.83253     55.973    6.35872    9.08724  0.000e+00
        165     18.931     27.458   3231.960   8884.279    11.0605   3.437729     1.1929     0.0073     0.1319     0.0085     1.1929     1.0806     18.773    30.3247    23.1271    1.28228    1.83250     55.972    6.35862    9.08710  0.000e+00
        166     18.931     27.458   3232.023   8883.909    11.0614   3.437408     1.1929     0.0073     0.1319     0.0085     1.1929     1.0806     18.773    30.3208    23.1239    1.28228    1.83251     55.973    6.35865    9.08714  0.000e+00
        167     18.931     27.458   3231.897   8884.286    11.0596   3.437736     1.1929     0.0073     0.1331     0.0085     1.1929     1.1013     18.773    30.3255    23.1279    1.28229    1.83253     55.973    6.35871    9.08723  0.000e+00
        168     18.931     27.458   3231.960   8884.290    11.0605   3.437740     1.1929     0.0073     0.1306     0.0085     1.1929     1.0600     18.773    30.3248    23.1271    1.28228    1.83250     55.972    6.35861    9.08709  0.000e+00
        169     18.931     27.458   3231.897   8883.734    11.0596   3.437256     1.1929     0.0073     0.1331     0.0085     1.1929     1.1013     18.773    30.3208    23.1242    1.28233    1.83258     55.975    6.35890    9.08750  0.000e+00
        170     18.931     27.458   3231.961   8883.738    11.0605   3.437260     1.1917     0.0073     0.1331     0.0085     1.1917     1.1013     18.773    30.3201    23.1235    1.27957    1.82864     55.854    6.35880    9.08736  0.000e+00
        171     18.931     27.458   3231.771   8884.489    11.0578   3.437912     1.1905     0.0073     0.1319     0.0085     1.1905     1.0806     18.773    30.3287    23.1307    1.27684    1.82473     55.734    6.35883    9.08741  0.000e+00
        172     18.931     27.458   3232.024   8884.679    11.0615   3.438078     1.1905     0.0073     0.1306     0.0085     1.1905     1.0600     18.773    30.3273    23.1290    1.27675    1.82461     55.731    6.35838    9.08676  0.000e+00
        173     18.931     27.458   3231.898   8884.683    11.0596   3.438081     1.1905     0.0073     0.1319     0.0098     1.1905     1.0806     18.773    30.3289    23.1305    1.27679    1.82466     55.732    6.35857    9.08704  0.000e+00
        174     18.931     27.458   3231.898   8884.874    11.0596   3.438247     1.1917     0.0073     0.1331     0.0085     1.1917     1.1013     18.773    30.3305    23.1317    1.27951    1.82855     55.851    6.35851    9.08695  0.000e+00
        175     18.931     27.458   3231.898   8884.318    11.0596   3.437763     1.1905     0.0073     0.1319     0.0085     1.1905     1.0806     18.773    30.3258    23.1280    1.27681    1.82469     55.733    6.35870    9.08722  0.000e+00
        176     18.931     27.458   3231.835   8884.135    11.0587   3.437605     1.1917     0.0073     0.1319     0.0085     1.1917     1.0806     18.773    30.3250    23.1276    1.27958    1.82865     55.854    6.35886    9.08744  0.000e+00
        177     18.931     27.458   3231.899   8883.952    11.0596   3.437446     1.1917     0.0073     0.1319     0.0085     1.1917     1.0806     18.773    30.3226    23.1256    1.27958    1.82864     55.854    6.35882    9.08739  0.000e+00
        178     18.931     27.458   3231.899   8883.956    11.0596   3.437449     1.1905     0.0073     0.1306     0.0085     1.1905     1.0600     18.773    30.3227    23.1256    1.27684    1.82473     55.735    6.35882    9.08739  0.000e+00
        179     18.931     27.458   3231.836   8884.520    11.0587   3.437939     1.1917     0.0073     0.1306     0.0085     1.1917     1.0600     18.773    30.3282    23.1301    1.27956    1.82861     55.853    6.35873    9.08725  0.000e+00
        180     18.931     27.458   3231.962   8884.524    11.0606   3.437943     1.1917     0.0073     0.1306     0.0085     1.1917     1.0600     18.773    30.3267    23.1287    1.27952    1.82856     55.852    6.35853    9.08698  0.000e+00
        181     18.931     27.458   3231.836   8884.154    11.0587   3.437622     1.1917     0.0061     0.1306     0.0085     1.1917     1.0600     18.773    30.3251    23.1277    1.27958    1.82865     55.854    6.35885    9.08743  0.000e+00
        182     18.931     27.458   3231.836   8884.718    11.0587   3.438112     1.1917     0.0073     0.1306     0.0085     1.1917     1.0600     18.773    30.3299    23.1314    1.27954    1.82859     55.852    6.35866    9.08716  0.000e+00
        183     18.931     27.458   3231.836   8884.722    11.0587   3.438115     1.1917     0.0073     0.1306     0.0085     1.1917     1.0600     18.773    30.3299    23.1314    1.27954    1.82859     55.852    6.35866    9.08715  0.000e+00
        184     18.931     27.458   3231.773   8885.099    11.0578   3.438443     1.1905     0.0073     0.1306     0.0085     1.1905     1.0600     18.773    30.3339    23.1347    1.27679    1.82467     55.732    6.35862    9.08711  0.000e+00
        185     18.931     27.458   3231.900   8885.663    11.0597   3.438933     1.1917     0.0073     0.1306     0.0098     1.1917     1.0600     18.773    30.3372    23.1369    1.27946    1.82847     55.848    6.35824    9.08656  0.000e+00
        186     18.931     27.458   3231.963   8885.481    11.0606   3.438774     1.1917     0.0073     0.1306     0.0085     1.1917     1.0600     18.773    30.3349    23.1350    1.27945    1.82847     55.848    6.35820    9.08651  0.000e+00
        187     18.931     27.458   3231.900   8885.298    11.0597   3.438615     1.1905     0.0073     0.1306     0.0085     1.1905     1.0600     18.773    30.3341    23.1345    1.27674    1.82459     55.730    6.35836    9.08673  0.000e+00
        188     18.931     27.458   3231.964   8885.302    11.0606   3.438619     1.1917     0.0073     0.1319     0.0085     1.1917     1.0806     18.773    30.3333    23.1338    1.27947    1.82848     55.849    6.35826    9.08659  0.000e+00
        189     18.931     27.458   3231.901   8885.679    11.0597   3.438947     1.1917     0.0073     0.1331     0.0085     1.1917     1.1013     18.773    30.3373    23.1370    1.27946    1.82847     55.848    6.35823    9.08655  0.000e+00
        190     18.931     27.458   3232.027   8885.869    11.0615   3.439112     1.1905     0.0061     0.1306     0.0085     1.1905     1.0600     18.773    30.3374    23.1368    1.27667    1.82449     55.727    6.35797    9.08618  0.000e+00
        191     18.931     27.458   3231.901   8886.060    11.0597   3.439278     1.1905     0.0073     0.1319     0.0098     1.1905     1.0806     18.773    30.3405    23.1395    1.27669    1.82452     55.728    6.35810    9.08636  0.000e+00
        192     18.931     27.458   3232.028   8885.691    11.0615   3.438957     1.1893     0.0073     0.1306     0.0085     1.1893     1.0600     18.773    30.3359    23.1356    1.27394    1.82059     55.608    6.35803    9.08626  0.000e+00
        193     18.931     27.458   3232.028   8885.695    11.0615   3.438960     1.1905     0.0073     0.1306     0.0085     1.1905     1.0600     18.773    30.3359    23.1356    1.27668    1.82450     55.727    6.35803    9.08626  0.000e+00
        194     18.931     27.458   3232.091   8885.885    11.0624   3.439126     1.1905     0.0073     0.1331     0.0085     1.1905     1.1013     18.773    30.3368    23.1361    1.27665    1.82446     55.726    6.35787    9.08603  0.000e+00
        195     18.931     27.458   3232.028   8886.076    11.0615   3.439292     1.1905     0.0073     0.1306     0.0085     1.1905     1.0600     18.773    30.3392    23.1381    1.27665    1.82447     55.726    6.35790    9.08608  0.000e+00
        196     18.931     27.458   3231.902   8886.080    11.0597   3.439295     1.1905     0.0073     0.1319     0.0085     1.1905     1.0806     18.773    30.3407    23.1397    1.27669    1.82452     55.727    6.35809    9.08635  0.000e+00
        197     18.931     27.458   3232.092   8885.897    11.0624   3.439136     1.1917     0.0073     0.1319     0.0085     1.1917     1.0806     18.773    30.3369    23.1362    1.27939    1.82837     55.845    6.35786    9.08602  0.000e+00
