unitTesting/processed_seabird_noalign/ORCA1_CAST0001.cnv
* Sea-Bird SBE 19 Data File:
* FileName =
* Software Version 4.234
* Temperature SN = 2835
* Conductivity SN = 2835
* System UpLoad Time = Wed Jan 19 10:57:11 2005

** Ship: ORCA
** Cruise: Mooring
** Station: Twanoh
** Latitude: 47 22.5
** Longitude: 123 0.5
# nquan = 22
# nvalues = 917                                   
# units = specified
# name 0 = scan: Scan Count
# name 1 = prSM: Pressure, Strain Gauge [db]
# name 2 = prSE: Pressure, Strain Gauge [psi]
# name 3 = f0: Frequency 0
# name 4 = f1: Frequency 1
# name 5 = t090C: Temperature [ITS-90, deg C]
# name 6 = c0S/m: Conductivity [S/m]
# name 7 = v0: Voltage 0
# name 8 = v1: Voltage 1
# name 9 = v2: Voltage 2
# name 10 = v3: Voltage 3
# name 11 = sbeox0V: Oxygen raw, SBE 43 [V]
# name 12 = wetStar: Fluorescence, WET Labs WETstar [mg/m^3]
# name 13 = depSM: Depth [salt water, m], lat = 47.28
# name 14 = sal00: Salinity, Practical [PSU]
# name 15 = sigma-t00: Density [sigma-t, Kg/m^3 ]
# name 16 = sbeox0ML/L: Oxygen, SBE 43 [ml/l]
# name 17 = sbeox0Mg/L: Oxygen, SBE 43 [mg/l]
# name 18 = sbeox0Mm/Kg: Oxygen, SBE 43 [umol/Kg]
# name 19 = oxsatML/L: Oxygen Saturation, Weiss [ml/l]
# name 20 = oxsatMg/L: Oxygen Saturation, Weiss [mg/l]
# name 21 = flag:  0.000e+00
# span 0 =          1,        917                 
# span 1 =      0.906,     29.716                 
# span 2 =      1.315,     43.100                 
# span 3 =   2992.137,   3235.140                 
# span 4 =   7370.708,   8922.056                 
# span 5 =     7.4867,    11.1066                 
# span 6 =   2.235559,   3.470640                 
# span 7 =     0.0000,     3.0159                 
# span 8 =     0.0000,     0.0073                 
# span 9 =     0.0000,     0.7143                 
# span 10 =     0.0000,     0.0098                
# span 11 =     0.0000,     3.0159                
# span 12 =    -1.1506,    10.9352                
# span 13 =      0.899,     29.467                
# span 14 =    20.6034,    30.6355                
# span 15 =    16.0002,    23.3672                
# span 16 =   -1.39571,    6.08532                
# span 17 =   -1.99461,    8.69654                
# span 18 =    -60.929,    267.142                
# span 19 =    6.34500,    7.26323                
# span 20 =    9.06764,   10.37988                
# span 21 = 0.0000e+00, 0.0000e+00                
# interval = seconds: 0.5
# start_time = Jan 31 2016 20:26:58 [DatCnv date, localtime]
# bad_flag = -9.990e-29
*END*
[from data line 527]
        528      2.919      4.233   2996.188   7681.718     7.5487   2.464082     3.0110     0.0073     0.3748     0.0085     3.0110     5.1919      2.894    23.1761    18.0591    6.03420    8.62347    264.707    7.20649   10.29880  0.000e+00
        529      3.053      4.428   2999.794   7689.915     7.6039   2.470233     3.0085     0.0061     0.5543     0.0085     3.0085     8.2288      3.027    23.2028    18.0736    6.01975    8.60282    264.069    7.19590   10.28366  0.000e+00
        530      3.187      4.622   3002.009   7746.000     7.6377   2.512507     3.0085     0.0073     0.5824     0.0085     3.0085     8.7039      3.160    23.6158    18.3932    5.99932    8.57362    263.090    7.17101   10.24809  0.000e+00
        531      3.410      4.946   3007.766   7841.971     7.7257   2.585565     3.0085     0.0073     0.3810     0.0085     3.0085     5.2952      3.382    24.3095    18.9260    5.96111    8.51902    261.278    7.12425   10.18126  0.000e+00
        532      3.545      5.141   3018.331   7953.690     7.8867   2.671759     3.0098     0.0073     0.6105     0.0098     3.0098     9.1791      3.515    25.0857    19.5141    5.91351    8.45099    259.042    7.06203   10.09234  0.000e+00
        533      3.679      5.335   3028.074   7906.627     8.0348   2.635296     3.0098     0.0073     0.4811     0.0085     3.0098     6.9892      3.648    24.6052    19.1193    5.91275    8.44991    259.110    7.05953   10.08878  0.000e+00
        534      3.768      5.465   3026.999   8015.789     8.0185   2.720204     3.0134     0.0061     0.3553     0.0085     3.0134     4.8613      3.737    25.4902    19.8142    5.89032    8.41786    257.951    7.02206   10.03522  0.000e+00
        535      3.902      5.660   3046.355   8152.426     8.3119   2.828141     3.0147     0.0073     0.4493     0.0085     3.0147     6.4521      3.870    26.3847    20.4759    5.82232    8.32068    254.807    6.93447    9.91006  0.000e+00
        536      4.036      5.854   3063.560   8248.694     8.5716   2.905297     3.0159     0.0073     0.2833     0.0098     3.0159     3.6424      4.003    26.9798    20.9061    5.77070    8.24691    252.442    6.86687    9.81345  0.000e+00
        537      4.171      6.049   3083.357   8282.801     8.8691   2.932852     3.0147     0.0073     0.4298     0.0085     3.0147     6.1215      4.136    27.0343    20.9072    5.72914    8.18751    250.623    6.81792    9.74349  0.000e+00
        538      4.305      6.243   3094.741   8411.751     9.0396   3.038077     3.0134     0.0073     0.4408     0.0085     3.0134     6.3075      4.269    27.9723    21.6155    5.67136    8.10494    247.924    6.75088    9.64768  0.000e+00
        539      4.394      6.373   3112.070   8383.305     9.2983   3.014720     3.0122     0.0073     0.6716     0.0085     3.0122    10.2121      4.358    27.5347    21.2360    5.65325    8.07906    247.224    6.73023    9.61817  0.000e+00
        540      4.573      6.633   3117.319   8416.669     9.3764   3.042120     3.0098     0.0073     0.4432     0.0098     3.0098     6.3488      4.535    27.7504    21.3928    5.63051    8.04656    246.192    6.70912    9.58800  0.000e+00
        541      4.662      6.762   3121.872   8460.102     9.4441   3.077954     3.0012     0.0073     0.7143     0.0085     3.0012    10.9352      4.624    28.0586    21.6231    5.59140    7.99066    244.426    6.68573    9.55458  0.000e+00
        542      4.797      6.957   3134.203   8499.412     9.6272   3.110545     2.9915     0.0073     0.5958     0.0085     2.9915     8.9312      4.757    28.2427    21.7390    5.54060    7.91806    242.178    6.65047    9.50418  0.000e+00
        543      4.886      7.087   3140.780   8539.899     9.7246   3.144275     2.9756     0.0073     0.4786     0.0085     2.9756     6.9479      4.845    28.5041    21.9279    5.48316    7.83599    239.624    6.62493    9.46768  0.000e+00
        544      5.065      7.346   3152.351   8600.854     9.8956   3.195361     2.9548     0.0073     0.6862     0.0085     2.9548    10.4600      5.023    28.8794    22.1938    5.40260    7.72086    236.042    6.58392    9.40908  0.000e+00
        545      5.154      7.476   3165.313   8590.623    10.0867   3.186758     2.9267     0.0073     0.5629     0.0098     2.9267     8.3734      5.111    28.6416    21.9785    5.32443    7.60915    232.675    6.56587    9.38328  0.000e+00
        546      5.289      7.670   3164.176   8607.591    10.0700   3.201028     2.8877     0.0073     0.5604     0.0085     2.8877     8.3321      5.244    28.7968    22.1020    5.23096    7.47556    228.563    6.56185    9.37754  0.000e+00
        547      5.423      7.865   3167.716   8622.218    10.1221   3.213351     2.8437     0.0073     0.4286     0.0085     2.8437     6.1009      5.377    28.8778    22.1569    5.12139    7.31897    223.763    6.55088    9.36187  0.000e+00
        548      5.557      8.060   3177.896   8670.170    10.2717   3.253898     2.7888     0.0073     0.4493     0.0098     2.7888     6.4521      5.510    29.1609    22.3533    4.97042    7.10323    217.125    6.51748    9.31413  0.000e+00
        549      5.646      8.189   3184.788   8682.017    10.3727   3.263951     2.7314     0.0073     0.4615     0.0085     2.7314     6.6587      5.599    29.1793    22.3513    4.82818    6.89995    210.912    6.50216    9.29224  0.000e+00
        550      5.780      8.384   3190.098   8765.096    10.4505   3.334841     2.6716     0.0073     0.4811     0.0085     2.6716     6.9892      5.732    29.8182    22.8358    4.66491    6.66662    203.683    6.46481    9.23885  0.000e+00
        551      5.870      8.514   3205.841   8729.635    10.6806   3.304496     2.6056     0.0061     0.3687     0.0085     2.6056     5.0886      5.821    29.3323    22.4197    4.50741    6.44154    196.887    6.45196    9.22050  0.000e+00
        552      6.004      8.708   3203.312   8780.966    10.6437   3.348458     2.5421     0.0073     0.3175     0.0085     2.5421     4.2209      5.954    29.7948    22.7857    4.35382    6.22204    190.110    6.43834    9.20103  0.000e+00
        553      6.228      9.032   3210.393   8780.017    10.7470   3.347642     2.4737     0.0073     0.2979     0.0098     2.4737     3.8903      6.176    29.7027    22.6968    4.19248    5.99148    183.081    6.42751    9.18555  0.000e+00
        554      6.362      9.227   3211.151   8767.535    10.7580   3.336929     2.4078     0.0073     0.3236     0.0098     2.4078     4.3242      6.309    29.5884    22.6060    4.04532    5.78117    176.670    6.43059    9.18996  0.000e+00
        555      6.496      9.422   3210.772   8791.333    10.7525   3.357368     2.3382     0.0073     0.3065     0.0085     2.3382     4.0349      6.442    29.7937    22.7666    3.88318    5.54945    169.563    6.42303    9.17916  0.000e+00
        556      6.585      9.551   3215.703   8811.303    10.8243   3.374561     2.2711     0.0061     0.2723     0.0085     2.2711     3.4565      6.530    29.9041    22.8404    3.72324    5.32088    162.567    6.40847    9.15834  0.000e+00
        557      6.720      9.746   3216.651   8792.455    10.8381   3.358332     2.2015     0.0073     0.2271     0.0085     2.2015     2.6921      6.664    29.7335    22.7054    3.56905    5.10052    155.855    6.41344    9.16544  0.000e+00
        558      6.809      9.876   3215.071   8809.787    10.8151   3.373254     2.1319     0.0073     0.2479     0.0085     2.1319     3.0433      6.752    29.8987    22.8377    3.40992    4.87312    148.887    6.40998    9.16050  0.000e+00
        559      6.943     10.070   3218.485   8821.635    10.8648   3.383471     2.0623     0.0073     0.2112     0.0085     2.0623     2.4235      6.885    29.9584    22.8758    3.24832    4.64218    141.826    6.40060    9.14710  0.000e+00
        560      7.033     10.200   3220.129   8813.165    10.8887   3.376165     1.9951     0.0073     0.2198     0.0085     1.9951     2.5681      6.974    29.8672    22.8008    3.09722    4.42624    135.238    6.40094    9.14759  0.000e+00
        561      7.167     10.395   3219.623   8826.323    10.8813   3.387519     1.9292     0.0061     0.2369     0.0085     1.9292     2.8574      7.107    29.9845    22.8933    2.94687    4.21137    128.662    6.39723    9.14229  0.000e+00
        562      7.256     10.524   3221.456   8825.379    10.9080   3.386703     1.8645     0.0073     0.1819     0.0098     1.8645     1.9277      7.196    29.9547    22.8655    2.80007    4.00158    122.256    6.39471    9.13868  0.000e+00
        563      7.390     10.719   3221.267   8827.441    10.9052   3.388483     1.8022     0.0073     0.2198     0.0085     1.8022     2.5681      7.329    29.9744    22.8813    2.65966    3.80092    116.123    6.39430    9.13810  0.000e+00
        564      7.480     10.849   3221.520   8825.369    10.9089   3.386694     1.7411     0.0073     0.1893     0.0085     1.7411     2.0516      7.417    29.9538    22.8647    2.52230    3.60463    110.128    6.39462    9.13855  0.000e+00
        565      7.614     11.043   3221.457   8829.309    10.9080   3.390097     1.6838     0.0073     0.1819     0.0085     1.6838     1.9277      7.550    29.9878    22.8913    2.39260    3.41926    104.462    6.39337    9.13677  0.000e+00
        566      7.703     11.173   3222.847   8837.002    10.9282   3.396745     1.6300     0.0073     0.1758     0.0085     1.6300     1.8244      7.639    30.0365    22.9257    2.26999    3.24404     99.105    6.38859    9.12993  0.000e+00
        567      7.838     11.368   3223.859   8834.557    10.9429   3.394631     1.5849     0.0073     0.1587     0.0098     1.5849     1.5352      7.772    30.0037    22.8977    2.16814    3.09849     94.662    6.38786    9.12889  0.000e+00
        568      7.927     11.497   3223.859   8838.306    10.9429   3.397872     1.5409     0.0061     0.1612     0.0085     1.5409     1.5765      7.861    30.0354    22.9223    2.06882    2.95655     90.323    6.38658    9.12707  0.000e+00
        569      8.061     11.692   3224.491   8843.741    10.9521   3.402573     1.5043     0.0073     0.1746     0.0085     1.5043     1.8037      7.994    30.0739    22.9507    1.98558    2.83759     86.686    6.38375    9.12302  0.000e+00
        570      8.151     11.822   3224.934   8844.298    10.9585   3.403055     1.4689     0.0073     0.1807     0.0085     1.4689     1.9070      8.083    30.0733    22.9491    1.90571    2.72346     83.200    6.38288    9.12177  0.000e+00
        571      8.240     11.951   3225.250   8846.918    10.9631   3.405322     1.4420     0.0073     0.1575     0.0085     1.4420     1.5145      8.171    30.0917    22.9627    1.84494    2.63660     80.545    6.38150    9.11980  0.000e+00
        572      8.330     12.081   3226.072   8850.662    10.9751   3.408563     1.4151     0.0073     0.1477     0.0085     1.4151     1.3492      8.260    30.1136    22.9777    1.78388    2.54934     77.878    6.37895    9.11616  0.000e+00
        573      8.464     12.276   3226.135   8848.595    10.9760   3.406774     1.3907     0.0061     0.1551     0.0085     1.3907     1.4732      8.393    30.0953    22.9633    1.72919    2.47118     75.492    6.37956    9.11704  0.000e+00
        574      8.553     12.405   3226.135   8850.464    10.9760   3.408392     1.3700     0.0073     0.1538     0.0085     1.3700     1.4525      8.482    30.1111    22.9756    1.68238    2.40429     73.447    6.37893    9.11613  0.000e+00
        575      8.643     12.535   3226.641   8854.206    10.9833   3.411632     1.3516     0.0073     0.1477     0.0085     1.3516     1.3492      8.571    30.1368    22.9943    1.64072    2.34475     71.627    6.37687    9.11319  0.000e+00
        576      8.777     12.730   3227.147   8856.636    10.9907   3.413737     1.3346     0.0073     0.1661     0.0085     1.3346     1.6591      8.704    30.1513    23.0043    1.60195    2.28934     69.934    6.37527    9.11089  0.000e+00
        577      8.866     12.859   3227.526   8854.009    10.9962   3.411461     1.3150     0.0073     0.1429     0.0085     1.3150     1.2666      8.792    30.1245    22.9825    1.55817    2.22677     68.024    6.37558    9.11134  0.000e+00
        578      9.135     13.249   3227.147   8853.442    10.9907   3.410970     1.3016     0.0061     0.1429     0.0085     1.3016     1.2666      9.058    30.1241    22.9831    1.52822    2.18398     66.717    6.37636    9.11246  0.000e+00
        579      9.135     13.249   3227.210   8861.114    10.9916   3.417618     1.2906     0.0073     0.1404     0.0085     1.2906     1.2253      9.058    30.1884    23.0330    1.50289    2.14778     65.608    6.37365    9.10858  0.000e+00
        580      9.224     13.378   3228.411   8863.354    11.0090   3.419561     1.2796     0.0073     0.1502     0.0085     1.2796     1.3905      9.147    30.1931    23.0336    1.47765    2.11172     64.506    6.37104    9.10485  0.000e+00
        581      9.358     13.573   3228.727   8862.413    11.0136   3.418745     1.2711     0.0073     0.1636     0.0085     1.2711     1.6178      9.280    30.1813    23.0237    1.45846    2.08429     63.669    6.37087    9.10462  0.000e+00
        582      9.492     13.768   3228.917   8862.970    11.0164   3.419227     1.2625     0.0061     0.1392     0.0085     1.2625     1.2046      9.413    30.1837    23.0251    1.43919    2.05675     62.828    6.37040    9.10393  0.000e+00
        583      9.537     13.832   3229.233   8863.900    11.0210   3.420034     1.2564     0.0061     0.1380     0.0085     1.2564     1.1839      9.458    30.1878    23.0275    1.42533    2.03693     62.222    6.36959    9.10279  0.000e+00
        584      9.627     13.962   3229.233   8864.082    11.0210   3.420192     1.2515     0.0073     0.1368     0.0085     1.2515     1.1633      9.546    30.1893    23.0286    1.41437    2.02127     61.744    6.36953    9.10270  0.000e+00
        585      9.895     14.351   3228.917   8863.703    11.0164   3.419863     1.2466     0.0073     0.1392     0.0085     1.2466     1.2046      9.812    30.1898    23.0298    1.40358    2.00586     61.273    6.37015    9.10358  0.000e+00
        586     10.163     14.741   3229.360   8865.007    11.0228   3.420995     1.2418     0.0073     0.1380     0.0085     1.2418     1.1839     10.078    30.1955    23.0331    1.39243    1.98992     60.786    6.36903    9.10198  0.000e+00
        587     10.163     14.741   3229.170   8865.564    11.0201   3.421477     1.2369     0.0073     0.1429     0.0085     1.2369     1.2666     10.078    30.2024    23.0390    1.38148    1.97428     60.308    6.36913    9.10213  0.000e+00
        588     10.253     14.870   3229.107   8864.810    11.0191   3.420824     1.2344     0.0061     0.1441     0.0085     1.2344     1.2872     10.167    30.1968    23.0347    1.37609    1.96658     60.073    6.36949    9.10264  0.000e+00
        589     10.298     14.935   3229.170   8865.366    11.0201   3.421306     1.2320     0.0073     0.1392     0.0098     1.2320     1.2046     10.212    30.2007    23.0377    1.37056    1.95867     59.831    6.36920    9.10223  0.000e+00
        590     10.432     15.130   3229.107   8865.735    11.0191   3.421626     1.2295     0.0061     0.1404     0.0085     1.2295     1.2253     10.345    30.2045    23.0408    1.36509    1.95086     59.592    6.36918    9.10219  0.000e+00
        591     10.476     15.195   3229.107   8866.853    11.0191   3.422595     1.2271     0.0061     0.1368     0.0085     1.2271     1.1633     10.389    30.2140    23.0482    1.35954    1.94292     59.349    6.36879    9.10164  0.000e+00
        592     10.790     15.649   3229.297   8868.157    11.0219   3.423727     1.2247     0.0073     0.1404     0.0098     1.2247     1.2253     10.699    30.2227    23.0544    1.35396    1.93495     59.105    6.36806    9.10060  0.000e+00
