unitTesting/processed_seabird_noalign/ORCA1_CAST0026.cnv
* Sea-Bird SBE 19 Data File:
* FileName =
* Software Version 4.234
* Temperature SN = 2835
* Conductivity SN = 2835
* System UpLoad Time = Tue Jan 25 12:00:20 2005

** Ship: ORCA
** Cruise: Mooring
** Station: Twanoh
** Latitude: 47 22.5
** Longitude: 123 0.5
# nquan = 22
# nvalues = 882                                   
# units = specified
# name 0 = scan: Scan Count
# name 1 = prSM: Pressure, Strain Gauge [db]
# name 2 = prSE: Pressure, Strain Gauge [psi]
# name 3 = f0: Frequency 0
# name 4 = f1: Frequency 1
# name 5 = t090C: Temperature [ITS-90, deg C]
# name 6 = c0S/m: Conductivity [S/m]
# name 7 = v0: Voltage 0
# name 8 = v1: Voltage 1
# name 9 = v2: Voltage 2
# name 10 = v3: Voltage 3
# name 11 = sbeox0V: Oxygen raw, SBE 43 [V]
# name 12 = wetStar: Fluorescence, WET Labs WETstar [mg/m^3]
# name 13 = depSM: Depth [salt water, m], lat = 47.28
# name 14 = sal00: Salinity, Practical [PSU]
# name 15 = sigma-t00: Density [sigma-t, Kg/m^3 ]
# name 16 = sbeox0ML/L: Oxygen, SBE 43 [ml/l]
# name 17 = sbeox0Mg/L: Oxygen, SBE 43 [mg/l]
# name 18 = sbeox0Mm/Kg: Oxygen, SBE 43 [umol/Kg]
# name 19 = oxsatML/L: Oxygen Saturation, Weiss [ml/l]
# name 20 = oxsatMg/L: Oxygen Saturation, Weiss [mg/l]
# name 21 = flag:  0.000e+00
# span 0 =          1,        882                 
# span 1 =      0.862,     29.627                 
# span 2 =      1.250,     42.970                 
# span 3 =   3110.897,   3233.845                 
# span 4 =   7507.055,   8900.703                 
# span 5 =     9.2808,    11.0879                 
# span 6 =   2.334554,   3.452022                 
# span 7 =     0.0000,     2.9695                 
# span 8 =     0.0000,     0.0073                 
# span 9 =     0.0000,     0.2601                 
# span 10 =     0.0000,     0.0098                
# span 11 =     0.0000,     2.9695                
# span 12 =    -1.1506,     3.2499                
# span 13 =      0.855,     29.378                
# span 14 =    20.7991,    30.4610                
# span 15 =    15.9874,    23.2332                
# span 16 =   -1.39433,    5.62678                
# span 17 =   -1.99263,    8.04122                
# span 18 =    -60.862,    247.337                
# span 19 =    6.35328,    7.02875                
# span 20 =    9.07947,   10.04478                
# span 21 = 0.0000e+00, 0.0000e+00                
# interval = seconds: 0.5
# start_time = Jan 31 2016 20:27:20 [DatCnv date, localtime]
# bad_flag = -9.990e-29
*END*
          1     18.887     27.393   3232.596   8886.996    11.0698   3.440091     0.0000     0.0000     0.0000     0.0000     0.0000    -1.1506     18.728    30.3402    23.1375   -1.39425   -1.99253    -60.859    6.35672    9.08439  0.000e+00
          2     18.887     27.393   3232.596   8886.996    11.0698   3.440091     0.0000     0.0000     0.0000     0.0000     0.0000    -1.1506     18.728    30.3402    23.1375   -1.39425   -1.99253    -60.859    6.35672    9.08439  0.000e+00
          3     18.887     27.393   3232.596   8886.996    11.0698   3.440091     0.0000     0.0000     0.0000     0.0012     0.0000    -1.1506     18.728    30.3402    23.1375   -1.39425   -1.99253    -60.859    6.35672    9.08439  0.000e+00
          4     18.887     27.393   3232.596   8886.996    11.0698   3.440091     0.0000     0.0000     0.0000     0.0012     0.0000    -1.1506     18.728    30.3402    23.1375   -1.39425   -1.99253    -60.859    6.35672    9.08439  0.000e+00
          5     18.887     27.393   3232.491   8886.996    11.0682   3.440091     0.0000     0.0000     0.0000     0.0000     0.0000    -1.1506     18.728    30.3415    23.1388   -1.39429   -1.99258    -60.861    6.35688    9.08462  0.000e+00
          6     18.931     27.458   3232.386   8886.992    11.0667   3.440089     0.0000     0.0000     0.0000     0.0000     0.0000    -1.1506     18.773    30.3427    23.1400   -1.39433   -1.99263    -60.862    6.35704    9.08485  0.000e+00
          7     18.931     27.458   3232.280   8886.986    11.0652   3.440083     0.0012     0.0012     0.0012     0.0000     0.0012    -1.1299     18.773    30.3439    23.1412   -1.39162   -1.98877    -60.744    6.35721    9.08508  0.000e+00
          8     18.887     27.393   3232.596   8886.794    11.0698   3.439916     0.0012     0.0012     0.0012     0.0012     0.0012    -1.1299     18.728    30.3385    23.1362   -1.39153   -1.98864    -60.740    6.35679    9.08449  0.000e+00
          9     18.887     27.393   3232.596   8886.789    11.0697   3.439912     0.0000     0.0012     0.0000     0.0012     0.0000    -1.1506     18.728    30.3384    23.1362   -1.39427   -1.99255    -60.860    6.35679    9.08449  0.000e+00
         10     18.887     27.393   3232.659   8886.784    11.0707   3.439908     0.0000     0.0000     0.0000     0.0012     0.0000    -1.1506     18.728    30.3377    23.1354   -1.39425   -1.99252    -60.859    6.35670    9.08435  0.000e+00
         11     18.887     27.393   3232.659   8886.779    11.0707   3.439903     0.0012     0.0012     0.0000     0.0012     0.0012    -1.1506     18.728    30.3376    23.1354   -1.39151   -1.98861    -60.740    6.35670    9.08436  0.000e+00
         12     18.931     27.458   3232.658   8886.774    11.0707   3.439899     0.0000     0.0000     0.0000     0.0012     0.0000    -1.1506     18.773    30.3376    23.1353   -1.39426   -1.99254    -60.860    6.35670    9.08436  0.000e+00
         13     18.887     27.393   3232.658   8886.769    11.0707   3.439895     0.0012     0.0000     0.0000     0.0012     0.0012    -1.1506     18.728    30.3375    23.1353   -1.39151   -1.98861    -60.740    6.35670    9.08436  0.000e+00
         14     18.887     27.393   3232.658   8886.765    11.0707   3.439890     0.0000     0.0012     0.0000     0.0012     0.0000    -1.1506     18.728    30.3375    23.1353   -1.39425   -1.99253    -60.859    6.35670    9.08436  0.000e+00
         15     18.887     27.393   3232.658   8886.760    11.0706   3.439886     0.0000     0.0000     0.0000     0.0012     0.0000    -1.1506     18.728    30.3375    23.1352   -1.39425   -1.99253    -60.859    6.35671    9.08437  0.000e+00
         16     18.887     27.393   3232.658   8886.755    11.0706   3.439882     0.0000     0.0000     0.0000     0.0012     0.0000    -1.1506     18.728    30.3374    23.1352   -1.39425   -1.99253    -60.859    6.35671    9.08437  0.000e+00
         17     18.887     27.393   3232.657   8886.750    11.0706   3.439878     0.0000     0.0000     0.0000     0.0012     0.0000    -1.1506     18.728    30.3374    23.1352   -1.39425   -1.99253    -60.859    6.35671    9.08437  0.000e+00
         18     18.887     27.393   3232.594   8886.745    11.0697   3.439873     0.0000     0.0000     0.0000     0.0012     0.0000    -1.1506     18.728    30.3381    23.1359   -1.39427   -1.99256    -60.860    6.35681    9.08451  0.000e+00
         19     18.887     27.393   3232.594   8886.740    11.0697   3.439869     0.0012     0.0000     0.0000     0.0012     0.0012    -1.1506     18.728    30.3381    23.1359   -1.39154   -1.98864    -60.741    6.35681    9.08452  0.000e+00
         20     18.931     27.458   3232.657   8886.735    11.0706   3.439865     0.0000     0.0000     0.0000     0.0012     0.0000    -1.1506     18.773    30.3372    23.1351   -1.39426   -1.99254    -60.860    6.35672    9.08438  0.000e+00
         21     18.887     27.393   3232.657   8886.730    11.0706   3.439860     0.0012     0.0012     0.0000     0.0012     0.0012    -1.1506     18.728    30.3372    23.1351   -1.39152   -1.98862    -60.740    6.35672    9.08438  0.000e+00
         22     18.887     27.393   3232.783   8886.725    11.0725   3.439856     0.0000     0.0012     0.0000     0.0012     0.0000    -1.1506     18.728    30.3357    23.1335   -1.39422   -1.99248    -60.858    6.35653    9.08411  0.000e+00
         23     18.931     27.458   3232.656   8886.720    11.0706   3.439852     0.0000     0.0000     0.0000     0.0012     0.0000    -1.1506     18.773    30.3371    23.1350   -1.39427   -1.99254    -60.860    6.35672    9.08439  0.000e+00
         24     18.887     27.393   3232.656   8886.715    11.0706   3.439848     0.0000     0.0000     0.0000     0.0012     0.0000    -1.1506     18.728    30.3371    23.1350   -1.39426   -1.99253    -60.860    6.35672    9.08439  0.000e+00
         25     18.887     27.393   3232.656   8886.710    11.0706   3.439843     0.0000     0.0000     0.0000     0.0012     0.0000    -1.1506     18.728    30.3371    23.1349   -1.39426   -1.99253    -60.860    6.35672    9.08440  0.000e+00
         26     18.887     27.393   3232.656   8886.705    11.0706   3.439839     0.0000     0.0012     0.0000     0.0012     0.0000    -1.1506     18.728    30.3370    23.1349   -1.39426   -1.99253    -60.860    6.35673    9.08440  0.000e+00
         27     18.887     27.393   3232.592   8886.700    11.0697   3.439835     0.0000     0.0000     0.0000     0.0012     0.0000    -1.1506     18.728    30.3377    23.1356   -1.39428   -1.99256    -60.860    6.35683    9.08454  0.000e+00
         28     18.931     27.458   3232.655   8886.695    11.0706   3.439830     0.0000     0.0000     0.0000     0.0012     0.0000    -1.1506     18.773    30.3369    23.1348   -1.39427   -1.99255    -60.860    6.35673    9.08440  0.000e+00
         29     18.887     27.393   3232.592   8886.691    11.0697   3.439826     0.0000     0.0000     0.0000     0.0012     0.0000    -1.1506     18.728    30.3377    23.1356   -1.39428   -1.99256    -60.860    6.35683    9.08454  0.000e+00
         30     18.887     27.393   3232.655   8886.686    11.0706   3.439822     0.0000     0.0000     0.0000     0.0012     0.0000    -1.1506     18.728    30.3369    23.1348   -1.39426   -1.99254    -60.860    6.35673    9.08441  0.000e+00
         31     18.887     27.393   3232.718   8886.681    11.0715   3.439818     0.0000     0.0012     0.0000     0.0012     0.0000    -1.1506     18.728    30.3361    23.1340   -1.39424   -1.99251    -60.859    6.35664    9.08427  0.000e+00
         32     18.887     27.393   3232.654   8886.676    11.0706   3.439813     0.0000     0.0000     0.0000     0.0012     0.0000    -1.1506     18.728    30.3368    23.1347   -1.39426   -1.99254    -60.860    6.35674    9.08442  0.000e+00
         33     18.887     27.393   3232.654   8886.671    11.0706   3.439809     0.0000     0.0012     0.0000     0.0012     0.0000    -1.1506     18.728    30.3367    23.1347   -1.39426   -1.99254    -60.860    6.35674    9.08442  0.000e+00
         34     18.887     27.393   3232.654   8886.666    11.0706   3.439805     0.0000     0.0000     0.0000     0.0012     0.0000    -1.1506     18.728    30.3367    23.1347   -1.39426   -1.99254    -60.860    6.35674    9.08442  0.000e+00
         35     18.887     27.393   3232.654   8886.661    11.0706   3.439800     0.0000     0.0012     0.0000     0.0012     0.0000    -1.1506     18.728    30.3367    23.1346   -1.39426   -1.99254    -60.860    6.35674    9.08442  0.000e+00
         36     18.887     27.393   3232.717   8886.656    11.0715   3.439796     0.0000     0.0000     0.0000     0.0012     0.0000    -1.1506     18.728    30.3359    23.1339   -1.39424   -1.99251    -60.859    6.35665    9.08429  0.000e+00
         37     18.887     27.393   3232.653   8886.651    11.0706   3.439792     0.0000     0.0000     0.0000     0.0012     0.0000    -1.1506     18.728    30.3366    23.1346   -1.39426   -1.99254    -60.860    6.35675    9.08443  0.000e+00
         38     18.887     27.393   3232.653   8886.646    11.0706   3.439787     0.0000     0.0000     0.0000     0.0012     0.0000    -1.1506     18.728    30.3365    23.1345   -1.39426   -1.99254    -60.860    6.35675    9.08443  0.000e+00
         39     18.887     27.393   3232.653   8886.641    11.0706   3.439783     0.0012     0.0012     0.0000     0.0012     0.0012    -1.1506     18.728    30.3365    23.1345   -1.39152   -1.98863    -60.740    6.35675    9.08444  0.000e+00
         40     18.887     27.393   3232.653   8886.450    11.0706   3.439617     0.0000     0.0000     0.0000     0.0012     0.0000    -1.1506     18.728    30.3349    23.1333   -1.39428   -1.99256    -60.861    6.35682    9.08453  0.000e+00
         41     18.887     27.393   3232.653   8886.631    11.0706   3.439775     0.0012     0.0012     0.0000     0.0012     0.0012    -1.1506     18.728    30.3364    23.1345   -1.39153   -1.98863    -60.740    6.35676    9.08444  0.000e+00
         42     18.887     27.393   3232.652   8886.626    11.0706   3.439770     0.0000     0.0000     0.0000     0.0012     0.0000    -1.1506     18.728    30.3364    23.1344   -1.39427   -1.99254    -60.860    6.35676    9.08444  0.000e+00
         43     18.887     27.393   3232.652   8886.621    11.0706   3.439766     0.0000     0.0000     0.0000     0.0012     0.0000    -1.1506     18.728    30.3363    23.1344   -1.39427   -1.99254    -60.860    6.35676    9.08445  0.000e+00
         44     18.887     27.393   3232.652   8886.616    11.0706   3.439762     0.0000     0.0000     0.0000     0.0012     0.0000    -1.1506     18.728    30.3363    23.1344   -1.39427   -1.99255    -60.860    6.35676    9.08445  0.000e+00
         45     18.887     27.393   3232.589   8886.612    11.0696   3.439757     0.0000     0.0000     0.0000     0.0012     0.0000    -1.1506     18.728    30.3370    23.1351   -1.39429   -1.99257    -60.861    6.35686    9.08459  0.000e+00
         46     18.887     27.393   3232.652   8886.607    11.0706   3.439753     0.0000     0.0012     0.0000     0.0012     0.0000    -1.1506     18.728    30.3362    23.1343   -1.39427   -1.99255    -60.860    6.35677    9.08445  0.000e+00
         47     18.887     27.393   3232.651   8886.602    11.0706   3.439749     0.0000     0.0000     0.0000     0.0012     0.0000    -1.1506     18.728    30.3362    23.1343   -1.39427   -1.99255    -60.860    6.35677    9.08446  0.000e+00
         48     18.887     27.393   3232.651   8886.597    11.0706   3.439745     0.0000     0.0000     0.0000     0.0012     0.0000    -1.1506     18.728    30.3361    23.1342   -1.39427   -1.99255    -60.860    6.35677    9.08446  0.000e+00
         49     18.887     27.393   3232.588   8886.592    11.0696   3.439740     0.0000     0.0000     0.0000     0.0012     0.0000    -1.1506     18.728    30.3369    23.1350   -1.39429   -1.99258    -60.861    6.35687    9.08460  0.000e+00
         50     18.887     27.393   3232.651   8886.587    11.0705   3.439736     0.0000     0.0000     0.0000     0.0012     0.0000    -1.1506     18.728    30.3361    23.1342   -1.39427   -1.99255    -60.860    6.35677    9.08447  0.000e+00
         51     18.887     27.393   3232.651   8886.582    11.0705   3.439732     0.0000     0.0012     0.0000     0.0012     0.0000    -1.1506     18.728    30.3360    23.1342   -1.39427   -1.99255    -60.860    6.35678    9.08447  0.000e+00
         52     18.887     27.393   3232.650   8886.577    11.0705   3.439727     0.0000     0.0000     0.0000     0.0012     0.0000    -1.1506     18.728    30.3360    23.1341   -1.39427   -1.99255    -60.860    6.35678    9.08447  0.000e+00
         53     18.887     27.393   3232.650   8886.572    11.0705   3.439723     0.0012     0.0012     0.0000     0.0012     0.0012    -1.1506     18.728    30.3359    23.1341   -1.39153   -1.98864    -60.741    6.35678    9.08447  0.000e+00
         54     18.887     27.393   3232.587   8886.567    11.0696   3.439719     0.0000     0.0000     0.0000     0.0012     0.0000    -1.1506     18.728    30.3367    23.1348   -1.39429   -1.99258    -60.861    6.35688    9.08462  0.000e+00
         55     18.887     27.393   3232.587   8886.562    11.0696   3.439715     0.0000     0.0000     0.0000     0.0012     0.0000    -1.1506     18.728    30.3366    23.1348   -1.39429   -1.99258    -60.861    6.35688    9.08462  0.000e+00
         56     18.887     27.393   3232.650   8886.557    11.0705   3.439710     0.0000     0.0000     0.0000     0.0012     0.0000    -1.1506     18.728    30.3358    23.1340   -1.39427   -1.99255    -60.860    6.35679    9.08448  0.000e+00
         57     18.887     27.393   3232.650   8886.552    11.0705   3.439706     0.0012     0.0012     0.0000     0.0012     0.0012    -1.1506     18.728    30.3358    23.1340   -1.39153   -1.98864    -60.741    6.35679    9.08449  0.000e+00
         58     18.887     27.393   3232.649   8886.547    11.0705   3.439702     0.0000     0.0012     0.0000     0.0012     0.0000    -1.1506     18.728    30.3357    23.1339   -1.39427   -1.99255    -60.860    6.35679    9.08449  0.000e+00
         59     18.887     27.393   3232.649   8886.542    11.0705   3.439697     0.0000     0.0000     0.0000     0.0012     0.0000    -1.1506     18.728    30.3357    23.1339   -1.39427   -1.99255    -60.860    6.35679    9.08449  0.000e+00
         60     18.887     27.393   3232.649   8886.538    11.0705   3.439693     0.0000     0.0000     0.0000     0.0012     0.0000    -1.1506     18.728    30.3357    23.1339   -1.39427   -1.99256    -60.860    6.35679    9.08449  0.000e+00
         61     18.887     27.393   3232.586   8886.533    11.0696   3.439689     0.0000     0.0000     0.0000     0.0012     0.0000    -1.1506     18.728    30.3364    23.1346   -1.39429   -1.99258    -60.861    6.35689    9.08464  0.000e+00
         62     18.931     27.458   3232.585   8886.528    11.0696   3.439685     0.0000     0.0012     0.0000     0.0012     0.0000    -1.1506     18.773    30.3363    23.1345   -1.39430   -1.99260    -60.861    6.35690    9.08464  0.000e+00
         63     18.887     27.393   3232.648   8886.523    11.0705   3.439680     0.0012     0.0000     0.0000     0.0012     0.0012    -1.1506     18.728    30.3356    23.1338   -1.39153   -1.98864    -60.741    6.35680    9.08450  0.000e+00
         64     18.887     27.393   3232.648   8886.518    11.0705   3.439676     0.0000     0.0012     0.0000     0.0012     0.0000    -1.1506     18.728    30.3355    23.1338   -1.39427   -1.99256    -60.860    6.35680    9.08451  0.000e+00
         65     18.887     27.393   3232.585   8886.699    11.0696   3.439834     0.0000     0.0012     0.0000     0.0012     0.0000    -1.1506     18.728    30.3378    23.1357   -1.39428   -1.99257    -60.860    6.35684    9.08456  0.000e+00
