unitTesting/processed_seabird_noalign/ORCA1_CAST0007.cnv
* Sea-Bird SBE 19 Data File:
* FileName =
* Software Version 4.234
* Temperature SN = 2835
* Conductivity SN = 2835
* System UpLoad Time = Thu Jan 20 17:50:07 2005

** Ship: ORCA
** Cruise: Mooring
** Station: Twanoh
** Latitude: 47 22.5
** Longitude: 123 0.5
# nquan = 22
# nvalues = 879                                   
# units = specified
# name 0 = scan: Scan Count
# name 1 = prSM: Pressure, Strain Gauge [db]
# name 2 = prSE: Pressure, Strain Gauge [psi]
# name 3 = f0: Frequency 0
# name 4 = f1: Frequency 1
# name 5 = t090C: Temperature [ITS-90, deg C]
# name 6 = c0S/m: Conductivity [S/m]
# name 7 = v0: Voltage 0
# name 8 = v1: Voltage 1
# name 9 = v2: Voltage 2
# name 10 = v3: Voltage 3
# name 11 = sbeox0V: Oxygen raw, SBE 43 [V]
# name 12 = wetStar: Fluorescence, WET Labs WETstar [mg/m^3]
# name 13 = depSM: Depth [salt water, m], lat = 47.28
# name 14 = sal00: Salinity, Practical [PSU]
# name 15 = sigma-t00: Density [sigma-t, Kg/m^3 ]
# name 16 = sbeox0ML/L: Oxygen, SBE 43 [ml/l]
# name 17 = sbeox0Mg/L: Oxygen, SBE 43 [mg/l]
# name 18 = sbeox0Mm/Kg: Oxygen, SBE 43 [umol/Kg]
# name 19 = oxsatML/L: Oxygen Saturation, Weiss [ml/l]
# name 20 = oxsatMg/L: Oxygen Saturation, Weiss [mg/l]
# name 21 = flag:  0.000e+00
# span 0 =          1,        879                 
# span 1 =      0.906,     29.627                 
# span 2 =      1.315,     42.970                 
# span 3 =   3066.410,   3234.227                 
# span 4 =   7186.503,   8912.282                 
# span 5 =     8.6145,    11.0934                 
# span 6 =   2.104717,   3.462113                 
# span 7 =     0.0000,     3.0611                 
# span 8 =     0.0000,     0.0073                 
# span 9 =     0.0000,     0.4847                 
# span 10 =     0.0000,     0.0098                
# span 11 =     0.0000,     3.0611                
# span 12 =    -1.1506,     7.0512                
# span 13 =      0.899,     29.378                
# span 14 =    18.8548,    30.5583                
# span 15 =    14.5401,    23.3085                
# span 16 =   -1.39439,    6.04614                
# span 17 =   -1.99272,    8.64054                
# span 18 =    -60.865,    266.100                
# span 19 =    6.34914,    7.20657                
# span 20 =    9.07355,   10.29891                
# span 21 = 0.0000e+00, 0.0000e+00                
# interval = seconds: 0.5
# start_time = Jan 31 2016 20:27:04 [DatCnv date, localtime]
# bad_flag = -9.990e-29
*END*
[from data line 330]
        331     14.502     21.034   3231.826   8888.068    11.0586   3.441022     1.2906     0.0073     0.1294     0.0098     1.2906     1.0393     14.381    30.3603    23.1551    1.50030    2.14408     65.487    6.35746    9.08545  0.000e+00
        332     14.368     20.839   3231.889   8887.882    11.0595   3.440860     1.2882     0.0073     0.1282     0.0085     1.2882     1.0187     14.248    30.3580    23.1531    1.49479    2.13620     65.247    6.35743    9.08540  0.000e+00
        333     14.279     20.709   3231.952   8887.696    11.0604   3.440699     1.2869     0.0073     0.1294     0.0085     1.2869     1.0393     14.159    30.3557    23.1512    1.49203    2.13226     65.126    6.35739    9.08535  0.000e+00
        334     14.189     20.580   3231.889   8887.883    11.0595   3.440861     1.2857     0.0073     0.1282     0.0085     1.2857     1.0187     14.070    30.3581    23.1532    1.48928    2.12833     65.006    6.35742    9.08539  0.000e+00
        335     14.100     20.450   3231.763   8887.510    11.0577   3.440537     1.2833     0.0073     0.1294     0.0085     1.2833     1.0393     13.982    30.3564    23.1522    1.48385    2.12058     64.769    6.35774    9.08585  0.000e+00
        336     13.965     20.255   3231.827   8887.324    11.0586   3.440375     1.2821     0.0073     0.1319     0.0085     1.2821     1.0806     13.849    30.3541    23.1503    1.48108    2.11662     64.649    6.35770    9.08580  0.000e+00
        337     13.876     20.125   3231.827   8887.138    11.0586   3.440213     1.2808     0.0073     0.1282     0.0085     1.2808     1.0187     13.760    30.3526    23.1491    1.47834    2.11270     64.529    6.35777    9.08588  0.000e+00
        338     13.786     19.996   3231.890   8887.138    11.0595   3.440214     1.2808     0.0073     0.1294     0.0085     1.2808     1.0393     13.671    30.3519    23.1484    1.47830    2.11264     64.527    6.35767    9.08574  0.000e+00
        339     13.652     19.801   3231.764   8887.139    11.0577   3.440214     1.2784     0.0061     0.1294     0.0085     1.2784     1.0393     13.538    30.3534    23.1499    1.47284    2.10484     64.289    6.35786    9.08602  0.000e+00
        340     13.563     19.671   3231.827   8886.953    11.0586   3.440052     1.2784     0.0073     0.1282     0.0085     1.2784     1.0187     13.449    30.3511    23.1480    1.47282    2.10480     64.288    6.35782    9.08597  0.000e+00
        341     13.429     19.477   3231.891   8886.953    11.0595   3.440053     1.2747     0.0061     0.1282     0.0085     1.2747     1.0187     13.316    30.3504    23.1473    1.46456    2.09300     63.927    6.35772    9.08582  0.000e+00
        342     13.429     19.477   3231.891   8886.954    11.0595   3.440053     1.2747     0.0073     0.1294     0.0098     1.2747     1.0393     13.316    30.3504    23.1473    1.46456    2.09300     63.927    6.35772    9.08582  0.000e+00
        343     13.250     19.217   3231.828   8886.954    11.0586   3.440054     1.2723     0.0061     0.1294     0.0085     1.2723     1.0393     13.139    30.3513    23.1481    1.45907    2.08515     63.688    6.35782    9.08596  0.000e+00
        344     13.115     19.022   3231.828   8886.768    11.0586   3.439892     1.2711     0.0073     0.1294     0.0085     1.2711     1.0393     13.006    30.3497    23.1469    1.45632    2.08122     63.568    6.35788    9.08604  0.000e+00
        345     13.026     18.893   3231.954   8886.769    11.0604   3.439892     1.2698     0.0061     0.1294     0.0085     1.2698     1.0393     12.917    30.3483    23.1454    1.45352    2.07723     63.446    6.35768    9.08577  0.000e+00
        346     12.937     18.763   3231.955   8886.769    11.0605   3.439893     1.2674     0.0073     0.1294     0.0085     1.2674     1.0393     12.828    30.3483    23.1454    1.44803    2.06938     63.206    6.35768    9.08576  0.000e+00
        347     12.847     18.633   3231.892   8886.583    11.0595   3.439731     1.2662     0.0073     0.1294     0.0085     1.2662     1.0393     12.740    30.3475    23.1450    1.44531    2.06549     63.087    6.35784    9.08599  0.000e+00
        348     12.713     18.438   3231.892   8886.584    11.0595   3.439731     1.2650     0.0073     0.1294     0.0085     1.2650     1.0393     12.607    30.3476    23.1450    1.44254    2.06154     62.967    6.35784    9.08599  0.000e+00
        349     12.623     18.309   3231.892   8886.397    11.0595   3.439569     1.2637     0.0073     0.1294     0.0085     1.2637     1.0393     12.518    30.3460    23.1438    1.43980    2.05762     62.847    6.35790    9.08607  0.000e+00
        350     12.489     18.114   3231.955   8886.398    11.0605   3.439570     1.2613     0.0061     0.1282     0.0085     1.2613     1.0187     12.385    30.3453    23.1431    1.43428    2.04973     62.606    6.35780    9.08593  0.000e+00
        351     12.400     17.984   3231.892   8886.398    11.0595   3.439570     1.2601     0.0073     0.1306     0.0085     1.2601     1.0600     12.296    30.3461    23.1439    1.43155    2.04582     62.487    6.35790    9.08607  0.000e+00
        352     12.310     17.855   3231.892   8886.399    11.0595   3.439571     1.2589     0.0073     0.1355     0.0085     1.2589     1.1426     12.207    30.3461    23.1439    1.42879    2.04189     62.366    6.35789    9.08607  0.000e+00
        353     12.176     17.660   3231.893   8886.213    11.0596   3.439409     1.2552     0.0073     0.1282     0.0098     1.2552     1.0187     12.074    30.3446    23.1427    1.42057    2.03013     62.008    6.35795    9.08615  0.000e+00
        354     12.042     17.465   3231.829   8886.027    11.0586   3.439247     1.2540     0.0061     0.1319     0.0085     1.2540     1.0806     11.941    30.3438    23.1423    1.41784    2.02623     61.888    6.35811    9.08638  0.000e+00
        355     11.952     17.336   3231.830   8885.841    11.0586   3.439085     1.2515     0.0073     0.1294     0.0085     1.2515     1.0393     11.853    30.3423    23.1411    1.41236    2.01841     61.649    6.35817    9.08647  0.000e+00
        356     11.774     17.076   3231.893   8885.654    11.0596   3.438923     1.2503     0.0073     0.1294     0.0085     1.2503     1.0393     11.675    30.3400    23.1391    1.40958    2.01444     61.528    6.35814    9.08641  0.000e+00
        357     11.639     16.881   3231.767   8885.095    11.0577   3.438437     1.2466     0.0073     0.1282     0.0085     1.2466     1.0187     11.542    30.3368    23.1370    1.40143    2.00278     61.172    6.35852    9.08696  0.000e+00
        358     11.550     16.752   3231.830   8885.095    11.0586   3.438437     1.2454     0.0073     0.1306     0.0098     1.2454     1.0600     11.453    30.3361    23.1363    1.39865    1.99882     61.051    6.35842    9.08682  0.000e+00
        359     11.460     16.622   3231.704   8884.536    11.0568   3.437951     1.2442     0.0073     0.1306     0.0098     1.2442     1.0600     11.365    30.3329    23.1341    1.39598    1.99499     60.935    6.35880    9.08737  0.000e+00
        360     11.326     16.427   3231.767   8883.976    11.0577   3.437464     1.2430     0.0073     0.1306     0.0085     1.2430     1.0600     11.232    30.3274    23.1297    1.39324    1.99108     60.815    6.35889    9.08750  0.000e+00
        361     11.192     16.233   3231.641   8883.977    11.0559   3.437465     1.2405     0.0073     0.1294     0.0085     1.2405     1.0393     11.099    30.3290    23.1312    1.38778    1.98327     60.577    6.35909    9.08777  0.000e+00
        362     11.103     16.103   3231.704   8883.044    11.0568   3.436654     1.2405     0.0073     0.1282     0.0085     1.2405     1.0187     11.010    30.3203    23.1243    1.38781    1.98332     60.579    6.35931    9.08808  0.000e+00
        363     11.013     15.973   3231.641   8883.231    11.0559   3.436817     1.2381     0.0073     0.1294     0.0085     1.2381     1.0393     10.921    30.3227    23.1263    1.38232    1.97548     60.339    6.35934    9.08813  0.000e+00
        364     10.879     15.779   3231.641   8882.858    11.0559   3.436492     1.2369     0.0073     0.1294     0.0085     1.2369     1.0393     10.788    30.3196    23.1239    1.37959    1.97157     60.220    6.35946    9.08831  0.000e+00
        365     10.745     15.584   3231.599   8882.547    11.0553   3.436222     1.2344     0.0073     0.1282     0.0085     1.2344     1.0187     10.655    30.3175    23.1224    1.37412    1.96376     59.981    6.35963    9.08855  0.000e+00
        366     10.700     15.519   3231.557   8882.238    11.0547   3.435953     1.2332     0.0061     0.1355     0.0073     1.2332     1.1426     10.611    30.3154    23.1209    1.37141    1.95989     59.863    6.35980    9.08879  0.000e+00
        367     10.566     15.325   3231.515   8881.931    11.0541   3.435686     1.2332     0.0073     0.1306     0.0085     1.2332     1.0600     10.478    30.3133    23.1194    1.37142    1.95990     59.864    6.35997    9.08903  0.000e+00
        368     10.432     15.130   3231.705   8881.747    11.0568   3.435526     1.2308     0.0073     0.1343     0.0085     1.2308     1.1220     10.345    30.3096    23.1159    1.36588    1.95198     59.622    6.35974    9.08870  0.000e+00
        369     10.342     15.000   3231.894   8881.936    11.0596   3.435691     1.2295     0.0073     0.1306     0.0085     1.2295     1.0600     10.256    30.3089    23.1150    1.36306    1.94794     59.499    6.35938    9.08819  0.000e+00
        370     10.208     14.806   3231.894   8881.939    11.0596   3.435693     1.2283     0.0061     0.1294     0.0085     1.2283     1.0393     10.123    30.3090    23.1151    1.36029    1.94400     59.378    6.35938    9.08819  0.000e+00
        371     10.119     14.676   3232.021   8881.942    11.0614   3.435696     1.2271     0.0073     0.1294     0.0085     1.2271     1.0393     10.034    30.3076    23.1136    1.35750    1.94001     59.256    6.35918    9.08791  0.000e+00
        372      9.984     14.481   3232.084   8881.758    11.0623   3.435536     1.2259     0.0061     0.1294     0.0085     1.2259     1.0393      9.901    30.3053    23.1117    1.35473    1.93605     59.136    6.35915    9.08785  0.000e+00
        373      9.895     14.351   3232.084   8881.947    11.0623   3.435700     1.2247     0.0073     0.1294     0.0085     1.2247     1.0393      9.812    30.3069    23.1130    1.35197    1.93210     59.015    6.35908    9.08776  0.000e+00
        374      9.761     14.157   3232.274   8882.137    11.0651   3.435865     1.2234     0.0073     0.1306     0.0085     1.2234     1.0600      9.679    30.3063    23.1120    1.34914    1.92805     58.891    6.35872    9.08725  0.000e+00
        375      9.671     14.027   3232.400   8881.953    11.0669   3.435705     1.2222     0.0073     0.1294     0.0085     1.2222     1.0393      9.591    30.3033    23.1093    1.34636    1.92408     58.770    6.35859    9.08706  0.000e+00
        376      9.537     13.832   3232.463   8881.955    11.0678   3.435707     1.2186     0.0073     0.1306     0.0085     1.2186     1.0600      9.458    30.3026    23.1087    1.33810    1.91229     58.410    6.35849    9.08692  0.000e+00
        377      9.448     13.703   3232.526   8881.585    11.0687   3.435385     1.2161     0.0073     0.1306     0.0085     1.2161     1.0600      9.369    30.2988    23.1055    1.33262    1.90445     58.171    6.35852    9.08696  0.000e+00
        378      9.314     13.508   3232.526   8881.401    11.0687   3.435225     1.2137     0.0073     0.1306     0.0085     1.2137     1.0600      9.236    30.2972    23.1043    1.32714    1.89661     57.932    6.35858    9.08705  0.000e+00
        379      9.224     13.378   3232.653   8881.217    11.0706   3.435065     1.2100     0.0061     0.1306     0.0085     1.2100     1.0600      9.147    30.2942    23.1016    1.31889    1.88483     57.572    6.35845    9.08686  0.000e+00
        380      9.090     13.184   3232.653   8880.846    11.0706   3.434743     1.2063     0.0073     0.1294     0.0085     1.2063     1.0393      9.014    30.2911    23.0992    1.31068    1.87310     57.213    6.35857    9.08703  0.000e+00
        381      8.911     12.924   3232.716   8881.222    11.0715   3.435070     1.2039     0.0073     0.1294     0.0085     1.2039     1.0393      8.837    30.2936    23.1010    1.30513    1.86517     56.971    6.35834    9.08671  0.000e+00
        382      8.822     12.795   3232.779   8881.225    11.0724   3.435072     1.2002     0.0073     0.1306     0.0085     1.2002     1.0600      8.748    30.2929    23.1003    1.29689    1.85339     56.611    6.35824    9.08657  0.000e+00
        383      8.732     12.665   3232.716   8880.667    11.0715   3.434588     1.1966     0.0073     0.1294     0.0085     1.1966     1.0393      8.659    30.2890    23.0974    1.28872    1.84171     56.255    6.35853    9.08698  0.000e+00
        384      8.598     12.470   3232.779   8880.857    11.0724   3.434752     1.1917     0.0073     0.1306     0.0085     1.1917     1.0600      8.526    30.2899    23.0980    1.27772    1.82600     55.775    6.35837    9.08674  0.000e+00
        385      8.508     12.341   3232.779   8880.673    11.0724   3.434592     1.1868     0.0073     0.1306     0.0098     1.1868     1.0600      8.437    30.2884    23.0968    1.26678    1.81035     55.297    6.35843    9.08683  0.000e+00
        386      8.374     12.146   3232.716   8880.302    11.0715   3.434270     1.1819     0.0061     0.1306     0.0085     1.1819     1.0600      8.304    30.2860    23.0951    1.25585    1.79474     54.820    6.35865    9.08715  0.000e+00
        387      8.285     12.016   3232.716   8880.492    11.0715   3.434435     1.1770     0.0073     0.1294     0.0085     1.1770     1.0393      8.216    30.2877    23.0964    1.24488    1.77906     54.341    6.35858    9.08705  0.000e+00
        388      8.151     11.822   3232.779   8880.121    11.0724   3.434113     1.1697     0.0073     0.1306     0.0085     1.1697     1.0600      8.083    30.2838    23.0932    1.22845    1.75557     53.624    6.35861    9.08709  0.000e+00
        389      8.061     11.692   3232.653   8880.124    11.0706   3.434115     1.1636     0.0061     0.1294     0.0085     1.1636     1.0393      7.994    30.2854    23.0948    1.21479    1.73605     53.028    6.35880    9.08736  0.000e+00
        390      7.972     11.562   3232.653   8879.753    11.0706   3.433793     1.1587     0.0073     0.1343     0.0085     1.1587     1.1220      7.905    30.2823    23.0924    1.20385    1.72042     52.550    6.35893    9.08754  0.000e+00
        391      7.882     11.432   3232.653   8879.008    11.0706   3.433146     1.1538     0.0061     0.1294     0.0085     1.1538     1.0393      7.817    30.2760    23.0875    1.19294    1.70483     52.074    6.35918    9.08790  0.000e+00
        392      7.748     11.238   3232.589   8879.011    11.0697   3.433149     1.1502     0.0073     0.1294     0.0085     1.1502     1.0393      7.684    30.2768    23.0883    1.18473    1.69309     51.716    6.35927    9.08804  0.000e+00
        393      7.614     11.043   3232.589   8878.827    11.0697   3.432989     1.1453     0.0061     0.1306     0.0085     1.1453     1.0600      7.550    30.2753    23.0871    1.17377    1.67744     51.238    6.35933    9.08812  0.000e+00
        394      7.525     10.913   3232.526   8878.456    11.0687   3.432666     1.1404     0.0073     0.1306     0.0085     1.1404     1.0600      7.462    30.2729    23.0854    1.16285    1.66183     50.761    6.35955    9.08844  0.000e+00
        395      7.390     10.719   3232.526   8877.899    11.0687   3.432182     1.1368     0.0073     0.1294     0.0085     1.1368     1.0393      7.329    30.2683    23.0818    1.15466    1.65012     50.404    6.35974    9.08871  0.000e+00
