unitTesting/processed_seabird_noalign/ORCA1_CAST0016.cnv
* Sea-Bird SBE 19 Data File:
* FileName =
* Software Version 4.234
* Temperature SN = 2835
* Conductivity SN = 2835
* System UpLoad Time = Sat Jan 22 23:55:11 2005

** Ship: ORCA
** Cruise: Mooring
** Station: Twanoh
** Latitude: 47 22.5
** Longitude: 123 0.5
# nquan = 22
# nvalues = 906                                   
# units = specified
# name 0 = scan: Scan Count
# name 1 = prSM: Pressure, Strain Gauge [db]
# name 2 = prSE: Pressure, Strain Gauge [psi]
# name 3 = f0: Frequency 0
# name 4 = f1: Frequency 1
# name 5 = t090C: Temperature [ITS-90, deg C]
# name 6 = c0S/m: Conductivity [S/m]
# name 7 = v0: Voltage 0
# name 8 = v1: Voltage 1
# name 9 = v2: Voltage 2
# name 10 = v3: Voltage 3
# name 11 = sbeox0V: Oxygen raw, SBE 43 [V]
# name 12 = wetStar: Fluorescence, WET Labs WETstar [mg/m^3]
# name 13 = depSM: Depth [salt water, m], lat = 47.28
# name 14 = sal00: Salinity, Practical [PSU]
# name 15 = sigma-t00: Density [sigma-t, Kg/m^3 ]
# name 16 = sbeox0ML/L: Oxygen, SBE 43 [ml/l]
# name 17 = sbeox0Mg/L: Oxygen, SBE 43 [mg/l]
# name 18 = sbeox0Mm/Kg: Oxygen, SBE 43 [umol/Kg]
# name 19 = oxsatML/L: Oxygen Saturation, Weiss [ml/l]
# name 20 = oxsatMg/L: Oxygen Saturation, Weiss [mg/l]
# name 21 = flag:  0.000e+00
# span 0 =          1,        906                 
# span 1 =      0.951,     29.672                 
# span 2 =      1.380,     43.035                 
# span 3 =   3071.422,   3233.346                 
# span 4 =   7119.954,   8907.754                 
# span 5 =     8.6899,    11.0806                 
# span 6 =   2.058274,   3.458166                 
# span 7 =     0.0000,     3.1538                 
# span 8 =     0.0000,     0.0073                 
# span 9 =     0.0000,     0.4628                 
# span 10 =     0.0000,     0.0098                
# span 11 =     0.0000,     3.1538                
# span 12 =    -1.1506,     6.6793                
# span 13 =      0.943,     29.422                
# span 14 =    18.3570,    30.5173                
# span 15 =    14.1418,    23.2762                
# span 16 =   -1.39504,    6.31557                
# span 17 =   -1.99366,    9.02558                
# span 18 =    -60.897,    278.115                
# span 19 =    6.35039,    7.21523                
# span 20 =    9.07534,   10.31128                
# span 21 = 0.0000e+00, 0.0000e+00                
# interval = seconds: 0.5
# start_time = Jan 31 2016 20:27:12 [DatCnv date, localtime]
# bad_flag = -9.990e-29
*END*
[from data line 396]
        397      8.285     12.016   3224.679   8843.783    10.9548   3.402609     1.0879     0.0061     0.1368     0.0085     1.0879     1.1633      8.216    30.0719    22.9487    1.04906    1.49922     45.800    6.38345    9.12259  0.000e+00
        398      8.151     11.822   3224.363   8840.974    10.9502   3.400179     1.0904     0.0073     0.1404     0.0085     1.0904     1.2253      8.083    30.0519    22.9339    1.05477    1.50737     46.050    6.38490    9.12466  0.000e+00
        399      8.017     11.627   3223.794   8838.726    10.9420   3.398235     1.0916     0.0061     0.1343     0.0085     1.0916     1.1220      7.950    30.0397    22.9258    1.05776    1.51164     46.181    6.38654    9.12701  0.000e+00
        400      7.927     11.497   3223.415   8836.291    10.9365   3.396130     1.0952     0.0073     0.1368     0.0098     1.0952     1.1633      7.861    30.0236    22.9142    1.06621    1.52373     46.550    6.38796    9.12903  0.000e+00
        401      7.838     11.368   3222.784   8834.981    10.9273   3.394998     1.0977     0.0061     0.1380     0.0085     1.0977     1.1839      7.772    30.0200    22.9130    1.07192    1.53189     46.800    6.38938    9.13107  0.000e+00
        402      7.748     11.238   3222.531   8834.610    10.9236   3.394677     1.1013     0.0073     0.1404     0.0098     1.1013     1.2253      7.684    30.0199    22.9136    1.08024    1.54377     47.163    6.38990    9.13180  0.000e+00
        403      7.614     11.043   3222.342   8833.675    10.9209   3.393869     1.1038     0.0061     0.1355     0.0085     1.1038     1.1426      7.550    30.0143    22.9097    1.08582    1.55174     47.406    6.39051    9.13268  0.000e+00
        404      7.525     10.913   3222.216   8832.552    10.9190   3.392899     1.1074     0.0073     0.1404     0.0085     1.1074     1.2253      7.462    30.0063    22.9038    1.09414    1.56364     47.770    6.39109    9.13350  0.000e+00
        405      7.390     10.719   3221.837   8829.927    10.9135   3.390631     1.1099     0.0073     0.1404     0.0085     1.1099     1.2253      7.329    29.9887    22.8910    1.09987    1.57182     48.021    6.39257    9.13562  0.000e+00
        406      7.301     10.589   3221.205   8824.483    10.9043   3.385929     1.1136     0.0073     0.1416     0.0085     1.1136     1.2459      7.240    29.9501    22.8626    1.10858    1.58428     48.403    6.39541    9.13968  0.000e+00
        407      7.167     10.395   3220.130   8824.299    10.8887   3.385771     1.1160     0.0061     0.1368     0.0085     1.1160     1.1633      7.107    29.9613    22.8740    1.11434    1.59251     48.654    6.39714    9.14215  0.000e+00
        408      7.077     10.265   3219.815   8820.355    10.8841   3.382367     1.1209     0.0073     0.1380     0.0085     1.1209     1.1839      7.018    29.9317    22.8517    1.12565    1.60867     49.148    6.39897    9.14477  0.000e+00
        409      6.988     10.135   3219.372   8819.231    10.8777   3.381397     1.1233     0.0073     0.1404     0.0085     1.1233     1.2253      6.930    29.9275    22.8495    1.13132    1.61677     49.396    6.40005    9.14630  0.000e+00
        410      6.854      9.940   3218.677   8817.542    10.8676   3.379940     1.1258     0.0061     0.1380     0.0085     1.1258     1.1839      6.797    29.9215    22.8466    1.13708    1.62501     49.648    6.40170    9.14867  0.000e+00
        411      6.764      9.811   3218.488   8816.606    10.8648   3.379133     1.1294     0.0073     0.1404     0.0085     1.1294     1.2253      6.708    29.9159    22.8427    1.14543    1.63694     50.013    6.40232    9.14955  0.000e+00
        412      6.630      9.616   3218.046   8813.600    10.8584   3.376540     1.1331     0.0061     0.1392     0.0085     1.1331     1.2046      6.575    29.8957    22.8281    1.15397    1.64914     50.386    6.40403    9.15200  0.000e+00
        413      6.541      9.486   3217.540   8811.722    10.8510   3.374921     1.1380     0.0073     0.1392     0.0085     1.1380     1.2046      6.486    29.8859    22.8217    1.16522    1.66522     50.878    6.40546    9.15404  0.000e+00
        414      6.451      9.357   3217.035   8810.596    10.8437   3.373951     1.1429     0.0061     0.1392     0.0085     1.1429     1.2046      6.397    29.8824    22.8202    1.17643    1.68124     51.367    6.40663    9.15572  0.000e+00
        415      6.317      9.162   3216.782   8811.542    10.8400   3.374766     1.1465     0.0073     0.1404     0.0085     1.1465     1.2253      6.264    29.8934    22.8294    1.18468    1.69303     51.727    6.40670    9.15581  0.000e+00
        416      6.228      9.032   3216.909   8812.110    10.8419   3.375256     1.1502     0.0073     0.1441     0.0085     1.1502     1.2872      6.176    29.8968    22.8317    1.19286    1.70472     52.084    6.40631    9.15525  0.000e+00
        417      6.004      8.708   3216.973   8807.785    10.8428   3.371528     1.1538     0.0073     0.1477     0.0085     1.1538     1.3492      5.954    29.8595    22.8026    1.20135    1.71685     52.456    6.40768    9.15722  0.000e+00
        418      5.959      8.643   3215.961   8801.761    10.8281   3.366340     1.1587     0.0073     0.1587     0.0085     1.1587     1.5352      5.910    29.8206    22.7748    1.21303    1.73354     52.968    6.41132    9.16242  0.000e+00
        419      5.825      8.449   3214.760   8793.281    10.8106   3.359042     1.1636     0.0073     0.1502     0.0098     1.1636     1.3905      5.777    29.7632    22.7331    1.22492    1.75053     53.489    6.41610    9.16925  0.000e+00
        420      5.691      8.254   3212.675   8787.625    10.7802   3.354179     1.1673     0.0073     0.1453     0.0085     1.1673     1.3079      5.644    29.7402    22.7203    1.23412    1.76368     53.891    6.42131    9.17669  0.000e+00
        421      5.602      8.124   3210.589   8768.546    10.7498   3.337796     1.1734     0.0073     0.1526     0.0085     1.1734     1.4319      5.555    29.6039    22.6194    1.24976    1.78604     54.580    6.43112    9.19071  0.000e+00
        422      5.467      7.930   3206.164   8761.738    10.6853   3.331959     1.1795     0.0073     0.1429     0.0085     1.1795     1.2666      5.422    29.5987    22.6262    1.26528    1.80821     55.257    6.44044    9.20403  0.000e+00
        423      5.378      7.800   3203.761   8760.038    10.6502   3.330503     1.1832     0.0073     0.1429     0.0085     1.1832     1.2666      5.333    29.6128    22.6430    1.27438    1.82121     55.654    6.44483    9.21030  0.000e+00
        424      5.289      7.670   3202.308   8726.655    10.6290   3.301953     1.1893     0.0073     0.1563     0.0085     1.1893     1.4938      5.244    29.3489    22.4412    1.29093    1.84487     56.387    6.45860    9.22999  0.000e+00
        425      5.154      7.476   3196.112   8715.058    10.5385   3.292061     1.1929     0.0073     0.1502     0.0085     1.1929     1.3905      5.111    29.3242    22.4369    1.30186    1.86049     56.865    6.47249    9.24983  0.000e+00
        426      5.065      7.346   3191.940   8706.494    10.4775   3.284764     1.1978     0.0073     0.1465     0.0085     1.1978     1.3286      5.023    29.3012    22.4291    1.31482    1.87901     57.432    6.48214    9.26363  0.000e+00
        427      4.931      7.151   3191.245   8708.403    10.4673   3.286390     1.2027     0.0073     0.1538     0.0085     1.2027     1.4525      4.890    29.3255    22.4497    1.32601    1.89501     57.919    6.48260    9.26428  0.000e+00
        428      4.841      7.022   3189.348   8693.729    10.4396   3.273902     1.2100     0.0073     0.1490     0.0085     1.2100     1.3699      4.801    29.2245    22.3756    1.34434    1.92120     58.724    6.49072    9.27589  0.000e+00
        429      4.752      6.892   3187.641   8693.161    10.4146   3.273419     1.2137     0.0073     0.1477     0.0085     1.2137     1.3492      4.712    29.2398    22.3916    1.35326    1.93394     59.113    6.49367    9.28011  0.000e+00
        430      4.618      6.697   3185.366   8683.429    10.3812   3.265150     1.2210     0.0073     0.1441     0.0085     1.2210     1.2872      4.579    29.1848    22.3542    1.37140    1.95987     59.908    6.50072    9.29018  0.000e+00
        431      4.484      6.503   3184.165   8675.598    10.3636   3.258502     1.2295     0.0073     0.1587     0.0085     1.2295     1.5352      4.446    29.1332    22.3169    1.39189    1.98915     60.805    6.50538    9.29683  0.000e+00
        432      4.484      6.503   3182.964   8667.186    10.3460   3.251368     1.2418     0.0073     0.1587     0.0085     1.2418     1.5352      4.446    29.0767    22.2757    1.42087    2.03056     62.073    6.51024    9.30378  0.000e+00
        433      4.349      6.308   3180.941   8655.701    10.3163   3.241638     1.2564     0.0073     0.1758     0.0085     1.2564     1.8244      4.313    29.0041    22.2240    1.45597    2.08072     63.610    6.51751    9.31417  0.000e+00
        434      4.260      6.179   3178.918   8648.037    10.2867   3.235153     1.2723     0.0061     0.1575     0.0085     1.2723     1.5145      4.224    28.9635    22.1973    1.49365    2.13458     65.258    6.52347    9.32269  0.000e+00
        435      4.171      6.049   3177.148   8637.678    10.2607   3.226397     1.2906     0.0073     0.1551     0.0098     1.2906     1.4732      4.136    28.8975    22.1500    1.53714    2.19673     67.161    6.52996    9.33196  0.000e+00
        436      4.036      5.854   3175.441   8634.993    10.2356   3.224130     1.3089     0.0061     0.1563     0.0085     1.3089     1.4938      4.003    28.8950    22.1521    1.58003    2.25803     69.035    6.53369    9.33729  0.000e+00
        437      3.947      5.725   3174.619   8638.262    10.2235   3.226891     1.3321     0.0073     0.1563     0.0098     1.3321     1.4938      3.914    28.9321    22.1829    1.63336    2.33424     71.363    6.53390    9.33760  0.000e+00
        438      3.858      5.595   3174.619   8627.507    10.2235   3.217810     1.3516     0.0073     0.1612     0.0085     1.3516     1.5765      3.825    28.8420    22.1128    1.67921    2.39975     73.371    6.53763    9.34293  0.000e+00
        439      3.723      5.400   3173.608   8625.781    10.2087   3.216354     1.3736     0.0073     0.1526     0.0085     1.3736     1.4319      3.692    28.8394    22.1131    1.73028    2.47275     75.603    6.53989    9.34616  0.000e+00
        440      3.634      5.271   3173.039   8625.208    10.2003   3.215871     1.3944     0.0061     0.1636     0.0085     1.3944     1.6178      3.604    28.8413    22.1160    1.77830    2.54137     77.700    6.54103    9.34778  0.000e+00
        441      3.545      5.141   3172.091   8594.389    10.1864   3.189921     1.4176     0.0061     0.1697     0.0085     1.4176     1.7211      3.515    28.5950    21.9264    1.83505    2.62247     80.195    6.55328    9.36529  0.000e+00
        442      3.455      5.011   3168.424   8548.145    10.1325   3.151159     1.4371     0.0073     0.1697     0.0085     1.4371     1.7211      3.426    28.2530    21.6686    1.88626    2.69565     82.454    6.57539    9.39688  0.000e+00
        443      3.276      4.752   3165.326   8536.887    10.0869   3.141755     1.4567     0.0061     0.1636     0.0085     1.4567     1.6178      3.249    28.1953    21.6309    1.93394    2.76379     84.541    6.58447    9.40986  0.000e+00
        444      3.142      4.557   3165.516   8570.244    10.0897   3.169656     1.4762     0.0073     0.1685     0.0085     1.4762     1.7004      3.116    28.4701    21.8445    1.97558    2.82330     86.343    6.57258    9.39288  0.000e+00
        445      3.053      4.428   3165.516   8521.143    10.0897   3.128624     1.4982     0.0061     0.1770     0.0085     1.4982     1.8450      3.027    28.0630    21.5274    2.03160    2.90335     88.819    6.58959    9.41718  0.000e+00
        446      2.919      4.233   3163.303   8460.003    10.0571   3.077865     1.5189     0.0073     0.1746     0.0085     1.5189     1.8037      2.894    27.5852    21.1605    2.08740    2.98310     91.291    6.61440    9.45264  0.000e+00
        447      2.829      4.103   3158.877   8409.668     9.9919   3.036354     1.5348     0.0073     0.1770     0.0085     1.5348     1.8450      2.806    27.2237    20.8891    2.13208    3.04696     93.270    6.63926    9.48817  0.000e+00
        448      2.784      4.038   3153.693   8305.082     9.9154   2.950906     1.5531     0.0073     0.1868     0.0098     1.5531     2.0103      2.761    26.4354    20.2869    2.18925    3.12866     95.828    6.68402    9.55214  0.000e+00
        449      2.650      3.844   3149.203   8312.871     9.8491   2.957233     1.5739     0.0073     0.1758     0.0085     1.5739     1.8244      2.628    26.5466    20.3836    2.23953    3.20051     98.019    6.68923    9.55958  0.000e+00
        450      2.561      3.714   3146.801   8186.817     9.8136   2.855586     1.5922     0.0073     0.2149     0.0098     1.5922     2.4855      2.539    25.5677    19.6265    2.29854    3.28484    100.677    6.73637    9.62695  0.000e+00
        451      2.471      3.584   3139.150   8064.963     9.7005   2.758822     1.6117     0.0073     0.1807     0.0085     1.6117     1.9070      2.451    24.6928    18.9618    2.36351    3.37769    103.590    6.79128    9.70541  0.000e+00
        452      2.337      3.390   3129.854   7893.686     9.5627   2.625295     1.6276     0.0073     0.1807     0.0085     1.6276     1.9070      2.318    23.4715    18.0305    2.42719    3.46869    106.478    6.86568    9.81174  0.000e+00
        453      2.203      3.195   3120.369   7916.350     9.4218   2.642799     1.6471     0.0073     0.1795     0.0098     1.6471     1.8864      2.185    23.7364    18.2566    2.47753    3.54063    108.662    6.87606    9.82657  0.000e+00
        454      2.158      3.130   3117.586   7779.613     9.3804   2.537977     1.6654     0.0073     0.1722     0.0085     1.6654     1.7624      2.140    22.7306    17.4787    2.54023    3.63024    111.498    6.92684    9.89914  0.000e+00
        455      2.024      2.936   3110.187   7707.863     9.2702   2.483714     1.6862     0.0073     0.1783     0.0085     1.6862     1.8657      2.007    22.2663    17.1319    2.60452    3.72212    114.359    6.96490    9.95353  0.000e+00
        456      1.890      2.741   3103.547   7598.201     9.1712   2.401764     1.7070     0.0073     0.1856     0.0085     1.7070     1.9897      1.874    21.5215    16.5647    2.67360    3.82084    117.457    7.01400   10.02371  0.000e+00
        457      1.801      2.612   3095.895   7549.588     9.0569   2.365816     1.7338     0.0073     0.1978     0.0085     1.7338     2.1963      1.786    21.2367    16.3576    2.75150    3.93217    120.904    7.04526   10.06838  0.000e+00
        458      1.667      2.417   3091.784   7503.534     8.9954   2.331976     1.7582     0.0073     0.1832     0.0085     1.7582     1.9483      1.653    20.9403    16.1345    2.82094    4.03141    123.983    7.06863   10.10178  0.000e+00
        459      1.577      2.287   3087.547   7479.182     8.9319   2.314168     1.7839     0.0061     0.1893     0.0085     1.7839     2.0516      1.564    20.8023    16.0350    2.89105    4.13161    127.077    7.08523   10.12551  0.000e+00
        460      1.488      2.158   3085.017   7444.955     8.8940   2.289237     1.8156     0.0073     0.1905     0.0085     1.8156     2.0723      1.475    20.5790    15.8656    2.97667    4.25396    130.862    7.10158   10.14887  0.000e+00
