unitTesting/processed_seabird_noalign/ORCA1_CAST0050.cnv
* Sea-Bird SBE 19 Data File:
* FileName =
* Software Version 4.234
* Temperature SN = 2835
* Conductivity SN = 2835
* System UpLoad Time = Mon Jan 31 12:12:59 2005

** Ship: ORCA
** Cruise: Mooring
** Station: Twanoh
** Latitude: 47 22.5
** Longitude: 123 0.5
# nquan = 22
# nvalues = 862                                   
# units = specified
# name 0 = scan: Scan Count
# name 1 = prSM: Pressure, Strain Gauge [db]
# name 2 = prSE: Pressure, Strain Gauge [psi]
# name 3 = f0: Frequency 0
# name 4 = f1: Frequency 1
# name 5 = t090C: Temperature [ITS-90, deg C]
# name 6 = c0S/m: Conductivity [S/m]
# name 7 = v0: Voltage 0
# name 8 = v1: Voltage 1
# name 9 = v2: Voltage 2
# name 10 = v3: Voltage 3
# name 11 = sbeox0V: Oxygen raw, SBE 43 [V]
# name 12 = wetStar: Fluorescence, WET Labs WETstar [mg/m^3]
# name 13 = depSM: Depth [salt water, m], lat = 47.28
# name 14 = sal00: Salinity, Practical [PSU]
# name 15 = sigma-t00: Density [sigma-t, Kg/m^3 ]
# name 16 = sbeox0ML/L: Oxygen, SBE 43 [ml/l]
# name 17 = sbeox0Mg/L: Oxygen, SBE 43 [mg/l]
# name 18 = sbeox0Mm/Kg: Oxygen, SBE 43 [umol/Kg]
# name 19 = oxsatML/L: Oxygen Saturation, Weiss [ml/l]
# name 20 = oxsatMg/L: Oxygen Saturation, Weiss [mg/l]
# name 21 = flag:  0.000e+00
# span 0 =          1,        862                 
# span 1 =      0.906,     29.716                 
# span 2 =      1.315,     43.100                 
# span 3 =   3159.511,   3225.453                 
# span 4 =   8220.766,   8893.973                 
# span 5 =    10.0012,    10.9661                 
# span 6 =   2.882805,   3.446166                 
# span 7 =     0.0000,     2.2930                 
# span 8 =     0.0000,     0.0073                 
# span 9 =     0.0000,     0.2405                 
# span 10 =     0.0000,     0.0098                
# span 11 =     0.0000,     2.2930                
# span 12 =    -1.1506,     2.9193                
# span 13 =      0.899,     29.467                
# span 14 =    25.6840,    30.4979                
# span 15 =    19.6850,    23.2814                
# span 16 =   -1.39792,    3.92789                
# span 17 =   -1.99777,    5.61335                
# span 18 =    -61.020,    172.030                
# span 19 =    6.36703,    6.69950                
# span 20 =    9.09912,    9.57426                
# span 21 = 0.0000e+00, 0.0000e+00                
# interval = seconds: 0.5
# start_time = Jan 31 2016 20:27:41 [DatCnv date, localtime]
# bad_flag = -9.990e-29
*END*
[from data line 659]
        660     22.600     32.779   3225.264   8883.149    10.9633   3.436750     1.1978     0.0073     0.1404     0.0085     1.1978     1.2253     22.411    30.3939    23.1976    1.29588    1.85194     56.562    6.36932    9.10239  0.000e+00
        661     22.690     32.909   3225.328   8883.149    10.9643   3.436750     1.2002     0.0073     0.1404     0.0085     1.2002     1.2253     22.500    30.3931    23.1968    1.30137    1.85978     56.801    6.36922    9.10226  0.000e+00
        662     22.779     33.039   3225.328   8883.150    10.9643   3.436750     1.2015     0.0073     0.1416     0.0085     1.2015     1.2459     22.588    30.3931    23.1968    1.30413    1.86373     56.922    6.36922    9.10226  0.000e+00
        663     22.958     33.298   3225.328   8883.337    10.9643   3.436913     1.2015     0.0073     0.1380     0.0085     1.2015     1.1839     22.766    30.3946    23.1979    1.30415    1.86376     56.923    6.36916    9.10217  0.000e+00
        664     23.048     33.428   3225.265   8883.337    10.9633   3.436913     1.2039     0.0073     0.1380     0.0085     1.2039     1.1839     22.855    30.3953    23.1987    1.30967    1.87165     57.164    6.36926    9.10231  0.000e+00
        665     23.137     33.558   3225.265   8883.337    10.9633   3.436914     1.2039     0.0073     0.1404     0.0085     1.2039     1.2253     22.943    30.3953    23.1986    1.30969    1.87168     57.165    6.36926    9.10231  0.000e+00
        666     23.361     33.882   3225.202   8883.338    10.9624   3.436914     1.2063     0.0061     0.1380     0.0085     1.2063     1.1839     23.165    30.3960    23.1993    1.31524    1.87961     57.407    6.36936    9.10246  0.000e+00
        667     23.495     34.077   3225.139   8883.338    10.9615   3.436914     1.2063     0.0073     0.1392     0.0098     1.2063     1.2046     23.298    30.3967    23.2000    1.31528    1.87967     57.409    6.36946    9.10260  0.000e+00
        668     23.585     34.207   3225.139   8883.338    10.9615   3.436915     1.2076     0.0061     0.1380     0.0085     1.2076     1.1839     23.387    30.3966    23.2000    1.31804    1.88362     57.529    6.36946    9.10260  0.000e+00
        669     23.719     34.402   3225.139   8883.525    10.9615   3.437077     1.2100     0.0073     0.1380     0.0085     1.2100     1.1839     23.520    30.3982    23.2012    1.32355    1.89148     57.769    6.36940    9.10251  0.000e+00
        670     23.853     34.596   3225.203   8883.526    10.9624   3.437078     1.2100     0.0061     0.1380     0.0085     1.2100     1.1839     23.653    30.3974    23.2004    1.32355    1.89149     57.770    6.36930    9.10237  0.000e+00
        671     23.943     34.726   3225.203   8883.713    10.9624   3.437240     1.2125     0.0073     0.1368     0.0085     1.2125     1.1633     23.742    30.3989    23.2016    1.32905    1.89934     58.009    6.36924    9.10228  0.000e+00
        672     24.032     34.856   3225.140   8883.713    10.9615   3.437241     1.2137     0.0061     0.1380     0.0085     1.2137     1.1839     23.831    30.3996    23.2023    1.33183    1.90332     58.131    6.36934    9.10242  0.000e+00
        673     24.211     35.116   3225.140   8883.900    10.9615   3.437403     1.2137     0.0073     0.1380     0.0085     1.2137     1.1839     24.008    30.4012    23.2035    1.33185    1.90334     58.131    6.36928    9.10234  0.000e+00
        674     24.301     35.245   3225.077   8884.087    10.9606   3.437566     1.2161     0.0073     0.1380     0.0085     1.2161     1.1839     24.097    30.4035    23.2055    1.33736    1.91122     58.372    6.36931    9.10239  0.000e+00
        675     24.390     35.375   3225.140   8884.461    10.9615   3.437891     1.2173     0.0073     0.1380     0.0085     1.2173     1.1839     24.186    30.4059    23.2072    1.34008    1.91511     58.491    6.36909    9.10207  0.000e+00
        676     24.569     35.635   3225.140   8884.834    10.9615   3.438216     1.2186     0.0073     0.1380     0.0098     1.2186     1.1839     24.363    30.4090    23.2096    1.34283    1.91904     58.611    6.36896    9.10189  0.000e+00
        677     24.659     35.765   3225.267   8885.208    10.9634   3.438540     1.2198     0.0073     0.1368     0.0085     1.2198     1.1633     24.452    30.4106    23.2106    1.34553    1.92290     58.728    6.36864    9.10143  0.000e+00
        678     24.748     35.895   3225.204   8885.208    10.9625   3.438541     1.2210     0.0073     0.1392     0.0085     1.2210     1.2046     24.541    30.4113    23.2113    1.34831    1.92687     58.850    6.36874    9.10157  0.000e+00
        679     24.883     36.089   3225.267   8885.395    10.9634   3.438703     1.2234     0.0073     0.1380     0.0085     1.2234     1.1839     24.674    30.4121    23.2117    1.35380    1.93471     59.089    6.36858    9.10134  0.000e+00
        680     25.062     36.349   3225.204   8885.396    10.9625   3.438704     1.2222     0.0073     0.1380     0.0085     1.2222     1.1839     24.851    30.4128    23.2124    1.35110    1.93086     58.971    6.36868    9.10148  0.000e+00
        681     25.106     36.414   3225.267   8885.396    10.9634   3.438704     1.2247     0.0073     0.1380     0.0098     1.2247     1.1839     24.896    30.4120    23.2117    1.35658    1.93869     59.211    6.36858    9.10134  0.000e+00
        682     25.241     36.608   3225.141   8885.396    10.9615   3.438704     1.2234     0.0073     0.1380     0.0085     1.2234     1.1839     25.029    30.4135    23.2131    1.35390    1.93486     59.093    6.36878    9.10162  0.000e+00
        683     25.375     36.803   3225.205   8885.583    10.9625   3.438867     1.2247     0.0073     0.1368     0.0098     1.2247     1.1633     25.162    30.4143    23.2136    1.35664    1.93877     59.213    6.36862    9.10140  0.000e+00
        684     25.509     36.998   3225.205   8885.584    10.9625   3.438867     1.2234     0.0073     0.1380     0.0085     1.2234     1.1839     25.295    30.4142    23.2135    1.35392    1.93488     59.094    6.36862    9.10140  0.000e+00
        685     25.599     37.128   3225.205   8885.584    10.9625   3.438868     1.2234     0.0061     0.1380     0.0085     1.2234     1.1839     25.384    30.4142    23.2135    1.35393    1.93491     59.095    6.36862    9.10140  0.000e+00
        686     25.733     37.322   3225.142   8885.958    10.9616   3.439192     1.2247     0.0073     0.1380     0.0085     1.2247     1.1839     25.517    30.4181    23.2167    1.35670    1.93886     59.215    6.36860    9.10136  0.000e+00
        687     25.867     37.517   3225.205   8886.331    10.9625   3.439517     1.2259     0.0061     0.1368     0.0085     1.2259     1.1633     25.650    30.4205    23.2184    1.35942    1.94275     59.334    6.36837    9.10104  0.000e+00
        688     26.001     37.712   3225.268   8886.891    10.9634   3.440004     1.2271     0.0073     0.1368     0.0085     1.2271     1.1633     25.783    30.4244    23.2213    1.36213    1.94663     59.452    6.36809    9.10063  0.000e+00
        689     26.046     37.777   3225.332   8887.265    10.9643   3.440329     1.2283     0.0061     0.1368     0.0085     1.2283     1.1633     25.828    30.4268    23.2230    1.36484    1.95050     59.570    6.36786    9.10031  0.000e+00
        690     26.225     38.036   3225.269   8887.825    10.9634   3.440816     1.2295     0.0073     0.1368     0.0085     1.2295     1.1633     26.005    30.4323    23.2274    1.36760    1.95444     59.691    6.36777    9.10018  0.000e+00
        691     26.404     38.296   3225.143   8889.318    10.9616   3.442115     1.2320     0.0061     0.1368     0.0085     1.2320     1.1633     26.183    30.4465    23.2387    1.37305    1.96223     59.928    6.36745    9.09973  0.000e+00
        692     26.494     38.426   3224.953   8889.505    10.9588   3.442277     1.2332     0.0073     0.1368     0.0085     1.2332     1.1633     26.272    30.4503    23.2422    1.37586    1.96624     60.050    6.36768    9.10005  0.000e+00
        693     26.583     38.556   3224.890   8890.065    10.9579   3.442765     1.2344     0.0073     0.1368     0.0085     1.2344     1.1633     26.360    30.4558    23.2466    1.37860    1.97016     60.170    6.36759    9.09992  0.000e+00
        694     26.718     38.751   3224.890   8890.439    10.9579   3.443089     1.2369     0.0061     0.1380     0.0085     1.2369     1.1839     26.493    30.4590    23.2491    1.38409    1.97801     60.409    6.36746    9.09974  0.000e+00
        695     26.807     38.880   3224.764   8890.625    10.9561   3.443252     1.2393     0.0073     0.1368     0.0085     1.2393     1.1633     26.582    30.4620    23.2518    1.38963    1.98591     60.650    6.36759    9.09993  0.000e+00
        696     26.897     39.010   3224.827   8890.626    10.9570   3.443252     1.2405     0.0073     0.1368     0.0085     1.2405     1.1633     26.671    30.4612    23.2510    1.39237    1.98984     60.770    6.36750    9.09979  0.000e+00
        697     27.031     39.205   3224.827   8890.999    10.9570   3.443577     1.2418     0.0073     0.1368     0.0085     1.2418     1.1633     26.804    30.4644    23.2534    1.39511    1.99376     60.890    6.36737    9.09961  0.000e+00
        698     27.165     39.400   3224.827   8891.186    10.9570   3.443740     1.2430     0.0073     0.1368     0.0085     1.2430     1.1633     26.937    30.4659    23.2546    1.39787    1.99770     61.010    6.36731    9.09952  0.000e+00
        699     27.255     39.529   3224.764   8891.186    10.9561   3.443740     1.2430     0.0073     0.1368     0.0085     1.2430     1.1633     27.026    30.4666    23.2554    1.39791    1.99775     61.012    6.36741    9.09966  0.000e+00
        700     27.299     39.594   3224.828   8891.373    10.9570   3.443903     1.2442     0.0073     0.1355     0.0085     1.2442     1.1426     27.070    30.4675    23.2558    1.40063    2.00164     61.130    6.36725    9.09943  0.000e+00
        701     27.434     39.789   3224.828   8891.747    10.9570   3.444228     1.2442     0.0073     0.1368     0.0085     1.2442     1.1633     27.203    30.4706    23.2583    1.40063    2.00164     61.130    6.36712    9.09925  0.000e+00
        702     27.568     39.984   3224.828   8891.934    10.9570   3.444390     1.2479     0.0073     0.1368     0.0085     1.2479     1.1633     27.337    30.4721    23.2595    1.40888    2.01343     61.490    6.36706    9.09916  0.000e+00
        703     27.657     40.114   3224.765   8891.934    10.9561   3.444390     1.2479     0.0073     0.1368     0.0085     1.2479     1.1633     27.425    30.4729    23.2602    1.40892    2.01348     61.492    6.36716    9.09930  0.000e+00
        704     27.792     40.308   3224.765   8892.121    10.9561   3.444553     1.2503     0.0061     0.1368     0.0085     1.2503     1.1633     27.558    30.4744    23.2614    1.41442    2.02135     61.732    6.36709    9.09921  0.000e+00
        705     27.926     40.503   3224.765   8892.308    10.9561   3.444716     1.2515     0.0073     0.1368     0.0098     1.2515     1.1633     27.692    30.4759    23.2626    1.41718    2.02529     61.852    6.36703    9.09912  0.000e+00
        706     28.015     40.633   3224.576   8892.308    10.9533   3.444716     1.2527     0.0061     0.1368     0.0085     1.2527     1.1633     27.780    30.4782    23.2648    1.42000    2.02932     61.975    6.36732    9.09954  0.000e+00
        707     28.105     40.763   3224.576   8892.308    10.9533   3.444716     1.2564     0.0073     0.1355     0.0085     1.2564     1.1426     27.869    30.4782    23.2648    1.42826    2.04113     62.336    6.36732    9.09954  0.000e+00
        708     28.239     40.958   3224.513   8892.682    10.9524   3.445041     1.2576     0.0073     0.1368     0.0085     1.2576     1.1633     28.002    30.4820    23.2680    1.43102    2.04508     62.456    6.36730    9.09950  0.000e+00
        709     28.329     41.087   3224.513   8892.682    10.9524   3.445042     1.2601     0.0073     0.1355     0.0085     1.2601     1.1426     28.091    30.4820    23.2679    1.43653    2.05295     62.697    6.36730    9.09950  0.000e+00
        710     28.463     41.282   3224.450   8892.682    10.9515   3.445042     1.2625     0.0073     0.1355     0.0085     1.2625     1.1426     28.224    30.4827    23.2687    1.44207    2.06087     62.939    6.36739    9.09964  0.000e+00
        711     28.553     41.412   3224.387   8892.683    10.9506   3.445042     1.2625     0.0061     0.1355     0.0085     1.2625     1.1426     28.313    30.4835    23.2694    1.44211    2.06092     62.940    6.36749    9.09978  0.000e+00
        712     28.687     41.607   3224.324   8892.683    10.9497   3.445043     1.2637     0.0073     0.1343     0.0085     1.2637     1.1220     28.446    30.4842    23.2701    1.44491    2.06492     63.062    6.36759    9.09993  0.000e+00
        713     28.776     41.737   3224.387   8892.870    10.9506   3.445205     1.2662     0.0073     0.1368     0.0085     1.2662     1.1633     28.535    30.4850    23.2705    1.45038    2.07274     63.301    6.36743    9.09970  0.000e+00
        714     28.866     41.866   3224.387   8892.870    10.9506   3.445205     1.2674     0.0073     0.1368     0.0085     1.2674     1.1633     28.624    30.4849    23.2705    1.45315    2.07669     63.422    6.36743    9.09970  0.000e+00
        715     29.000     42.061   3224.388   8892.870    10.9506   3.445206     1.2698     0.0073     0.1368     0.0098     1.2698     1.1633     28.757    30.4849    23.2705    1.45867    2.08458     63.663    6.36743    9.09970  0.000e+00
        716     29.224     42.386   3224.324   8892.871    10.9497   3.445206     1.2711     0.0073     0.1355     0.0085     1.2711     1.1426     28.979    30.4855    23.2712    1.46148    2.08860     63.785    6.36753    9.09984  0.000e+00
        717     29.313     42.516   3224.325   8892.871    10.9497   3.445206     1.2735     0.0073     0.1355     0.0085     1.2735     1.1426     29.067    30.4855    23.2711    1.46699    2.09648     64.026    6.36754    9.09985  0.000e+00
        718     29.448     42.710   3224.451   8893.058    10.9515   3.445369     1.2747     0.0073     0.1343     0.0085     1.2747     1.1220     29.200    30.4855    23.2708    1.46971    2.10037     64.145    6.36728    9.09948  0.000e+00
        719     29.582     42.905   3224.262   8893.058    10.9488   3.445369     1.2759     0.0061     0.1343     0.0085     1.2759     1.1220     29.334    30.4878    23.2730    1.47255    2.10442     64.268    6.36757    9.09990  0.000e+00
        720     29.627     42.970   3224.262   8893.245    10.9488   3.445532     1.2796     0.0073     0.1355     0.0085     1.2796     1.1426     29.378    30.4893    23.2743    1.48078    2.11619     64.628    6.36751    9.09981  0.000e+00
        721     29.627     42.970   3224.199   8893.245    10.9479   3.445532     1.2796     0.0073     0.1343     0.0085     1.2796     1.1220     29.378    30.4901    23.2750    1.48080    2.11622     64.628    6.36761    9.09995  0.000e+00
        722     29.672     43.035   3224.199   8893.246    10.9479   3.445533     1.2821     0.0073     0.1343     0.0085     1.2821     1.1220     29.422    30.4901    23.2750    1.48631    2.12408     64.869    6.36761    9.09995  0.000e+00
        723     29.672     43.035   3224.136   8893.433    10.9469   3.445695     1.2821     0.0061     0.1355     0.0085     1.2821     1.1426     29.422    30.4924    23.2770    1.48631    2.12409     64.869    6.36764    9.09999  0.000e+00
        724     29.716     43.100   3224.199   8893.060    10.9479   3.445371     1.2833     0.0073     0.1355     0.0085     1.2833     1.1426     29.467    30.4885    23.2737    1.48908    2.12804     64.990    6.36767    9.10004  0.000e+00
