unitTesting/processed_seabird_noalign/ORCA1_CAST0020.cnv
* Sea-Bird SBE 19 Data File:
* FileName =
* Software Version 4.234
* Temperature SN = 2835
* Conductivity SN = 2835
* System UpLoad Time = Sun Jan 23 23:57:17 2005

** Ship: ORCA
** Cruise: Mooring
** Station: Twanoh
** Latitude: 47 22.5
** Longitude: 123 0.5
# nquan = 22
# nvalues = 908                                   
# units = specified
# name 0 = scan: Scan Count
# name 1 = prSM: Pressure, Strain Gauge [db]
# name 2 = prSE: Pressure, Strain Gauge [psi]
# name 3 = f0: Frequency 0
# name 4 = f1: Frequency 1
# name 5 = t090C: Temperature [ITS-90, deg C]
# name 6 = c0S/m: Conductivity [S/m]
# name 7 = v0: Voltage 0
# name 8 = v1: Voltage 1
# name 9 = v2: Voltage 2
# name 10 = v3: Voltage 3
# name 11 = sbeox0V: Oxygen raw, SBE 43 [V]
# name 12 = wetStar: Fluorescence, WET Labs WETstar [mg/m^3]
# name 13 = depSM: Depth [salt water, m], lat = 47.28
# name 14 = sal00: Salinity, Practical [PSU]
# name 15 = sigma-t00: Density [sigma-t, Kg/m^3 ]
# name 16 = sbeox0ML/L: Oxygen, SBE 43 [ml/l]
# name 17 = sbeox0Mg/L: Oxygen, SBE 43 [mg/l]
# name 18 = sbeox0Mm/Kg: Oxygen, SBE 43 [umol/Kg]
# name 19 = oxsatML/L: Oxygen Saturation, Weiss [ml/l]
# name 20 = oxsatMg/L: Oxygen Saturation, Weiss [mg/l]
# name 21 = flag:  0.000e+00
# span 0 =          1,        908                 
# span 1 =      0.996,     29.627                 
# span 2 =      1.444,     42.970                 
# span 3 =   3071.824,   3233.278                 
# span 4 =   7308.606,   8905.210                 
# span 5 =     8.6960,    11.0796                 
# span 6 =   2.191069,   3.455949                 
# span 7 =     0.0000,     3.1734                 
# span 8 =     0.0000,     0.0073                 
# span 9 =     0.0000,     0.3700                 
# span 10 =     0.0000,     0.0098                
# span 11 =     0.0000,     3.1734                
# span 12 =    -1.1506,     5.1092                
# span 13 =      0.988,     29.378                
# span 14 =    19.7252,    30.4985                
# span 15 =    15.2243,    23.2621                
# span 16 =   -1.39596,    6.29798                
# span 17 =   -1.99497,    9.00045                
# span 18 =    -60.940,    276.868                
# span 19 =    6.35162,    7.17336                
# span 20 =    9.07710,   10.25145                
# span 21 = 0.0000e+00, 0.0000e+00                
# interval = seconds: 0.5
# start_time = Jan 31 2016 20:27:15 [DatCnv date, localtime]
# bad_flag = -9.990e-29
*END*
[from data line 132]
        133     18.976     27.522   3230.941   8878.131    11.0458   3.432388     1.1941     0.0073     0.1319     0.0085     1.1941     1.0806     18.817    30.2846    23.0984    1.28574    1.83745     56.125    6.36227    9.09232  0.000e+00
        134     18.976     27.522   3231.005   8878.323    11.0467   3.432554     1.1941     0.0073     0.1331     0.0098     1.1941     1.1013     18.817    30.2854    23.0989    1.28571    1.83740     56.123    6.36211    9.09209  0.000e+00
        135     18.976     27.522   3230.816   8878.514    11.0439   3.432721     1.1941     0.0073     0.1343     0.0085     1.1941     1.1220     18.817    30.2893    23.1024    1.28575    1.83746     56.125    6.36233    9.09241  0.000e+00
        136     18.976     27.522   3231.006   8878.332    11.0467   3.432562     1.1941     0.0073     0.1368     0.0085     1.1941     1.1633     18.817    30.2855    23.0990    1.28570    1.83740     56.123    6.36210    9.09208  0.000e+00
        137     18.976     27.522   3230.943   8878.336    11.0458   3.432566     1.1941     0.0073     0.1331     0.0085     1.1941     1.1013     18.817    30.2863    23.0998    1.28572    1.83743     56.124    6.36220    9.09222  0.000e+00
        138     18.976     27.522   3230.944   8878.528    11.0458   3.432733     1.1941     0.0061     0.1319     0.0085     1.1941     1.0806     18.817    30.2879    23.1010    1.28571    1.83741     56.123    6.36213    9.09212  0.000e+00
        139     18.976     27.522   3230.944   8878.532    11.0458   3.432737     1.1954     0.0073     0.1331     0.0085     1.1954     1.1013     18.817    30.2880    23.1010    1.28845    1.84132     56.243    6.36213    9.09212  0.000e+00
        140     18.976     27.522   3231.008   8878.537    11.0467   3.432741     1.1941     0.0073     0.1319     0.0085     1.1941     1.0806     18.817    30.2872    23.1003    1.28569    1.83738     56.122    6.36203    9.09198  0.000e+00
        141     18.976     27.522   3230.945   8878.728    11.0458   3.432907     1.1954     0.0073     0.1319     0.0085     1.1954     1.0806     18.817    30.2896    23.1023    1.28844    1.84130     56.242    6.36206    9.09202  0.000e+00
        142     18.976     27.522   3231.009   8878.733    11.0467   3.432911     1.1954     0.0073     0.1331     0.0085     1.1954     1.1013     18.817    30.2889    23.1016    1.28842    1.84128     56.241    6.36196    9.09188  0.000e+00
        143     18.976     27.522   3230.946   8878.738    11.0458   3.432915     1.1966     0.0073     0.1331     0.0085     1.1966     1.1013     18.817    30.2897    23.1024    1.29118    1.84522     56.362    6.36206    9.09202  0.000e+00
        144     18.976     27.522   3230.820   8878.742    11.0440   3.432919     1.1954     0.0073     0.1319     0.0085     1.1954     1.0806     18.817    30.2912    23.1039    1.28847    1.84135     56.244    6.36225    9.09229  0.000e+00
        145     18.976     27.522   3230.947   8878.560    11.0458   3.432761     1.1954     0.0073     0.1331     0.0085     1.1954     1.1013     18.817    30.2882    23.1012    1.28845    1.84132     56.243    6.36212    9.09210  0.000e+00
        146     18.976     27.522   3230.948   8878.751    11.0458   3.432927     1.1954     0.0073     0.1306     0.0085     1.1954     1.0600     18.817    30.2898    23.1025    1.28843    1.84130     56.242    6.36205    9.09201  0.000e+00
        147     18.976     27.522   3230.885   8878.569    11.0449   3.432769     1.1954     0.0073     0.1331     0.0085     1.1954     1.1013     18.817    30.2890    23.1020    1.28846    1.84134     56.243    6.36221    9.09223  0.000e+00
        148     18.976     27.522   3230.886   8878.574    11.0449   3.432773     1.1966     0.0073     0.1319     0.0085     1.1966     1.0806     18.817    30.2890    23.1020    1.29120    1.84526     56.363    6.36221    9.09223  0.000e+00
        149     18.976     27.522   3230.886   8878.765    11.0450   3.432939     1.1966     0.0073     0.1331     0.0085     1.1966     1.1013     18.817    30.2906    23.1033    1.29119    1.84524     56.362    6.36214    9.09214  0.000e+00
        150     18.976     27.522   3230.950   8878.957    11.0459   3.433105     1.1954     0.0073     0.1331     0.0085     1.1954     1.1013     18.817    30.2915    23.1038    1.28842    1.84128     56.241    6.36198    9.09190  0.000e+00
        151     18.976     27.522   3230.950   8878.774    11.0459   3.432947     1.1966     0.0061     0.1331     0.0085     1.1966     1.1013     18.817    30.2899    23.1026    1.29117    1.84521     56.362    6.36204    9.09199  0.000e+00
        152     18.976     27.522   3230.824   8878.779    11.0441   3.432951     1.1966     0.0073     0.1331     0.0085     1.1966     1.1013     18.817    30.2915    23.1041    1.29121    1.84527     56.363    6.36223    9.09226  0.000e+00
        153     18.976     27.522   3230.888   8878.597    11.0450   3.432793     1.1966     0.0073     0.1343     0.0085     1.1966     1.1220     18.817    30.2892    23.1021    1.29120    1.84526     56.363    6.36219    9.09221  0.000e+00
        154     18.976     27.522   3230.889   8878.602    11.0450   3.432797     1.1966     0.0073     0.1319     0.0085     1.1966     1.0806     18.817    30.2892    23.1022    1.29120    1.84526     56.363    6.36219    9.09221  0.000e+00
        155     18.976     27.522   3230.889   8878.980    11.0450   3.433125     1.1941     0.0073     0.1343     0.0085     1.1941     1.1220     18.817    30.2924    23.1047    1.28569    1.83738     56.122    6.36206    9.09202  0.000e+00
        156     18.976     27.522   3230.890   8878.611    11.0450   3.432805     1.1954     0.0061     0.1380     0.0085     1.1954     1.1839     18.817    30.2893    23.1022    1.28846    1.84134     56.243    6.36219    9.09220  0.000e+00
        157     18.976     27.522   3230.890   8878.802    11.0450   3.432971     1.1966     0.0073     0.1331     0.0098     1.1966     1.1013     18.817    30.2909    23.1035    1.29119    1.84524     56.362    6.36212    9.09211  0.000e+00
        158     18.976     27.522   3230.891   8878.620    11.0450   3.432813     1.1966     0.0073     0.1319     0.0085     1.1966     1.0806     18.817    30.2893    23.1023    1.29120    1.84525     56.363    6.36218    9.09220  0.000e+00
        159     18.976     27.522   3230.954   8878.998    11.0459   3.433141     1.1954     0.0073     0.1319     0.0085     1.1954     1.0806     18.817    30.2918    23.1040    1.28841    1.84127     56.241    6.36196    9.09187  0.000e+00
        160     18.976     27.522   3230.828   8878.816    11.0441   3.432983     1.1941     0.0073     0.1331     0.0085     1.1941     1.1013     18.817    30.2917    23.1043    1.28572    1.83742     56.124    6.36221    9.09224  0.000e+00
        161     18.976     27.522   3230.829   8878.821    11.0441   3.432987     1.1954     0.0073     0.1319     0.0085     1.1954     1.0806     18.817    30.2918    23.1043    1.28846    1.84134     56.243    6.36221    9.09223  0.000e+00
        162     18.976     27.522   3230.829   8879.012    11.0441   3.433153     1.1954     0.0073     0.1331     0.0085     1.1954     1.1013     18.817    30.2934    23.1056    1.28845    1.84132     56.243    6.36214    9.09214  0.000e+00
        163     18.976     27.522   3230.830   8878.830    11.0441   3.432995     1.1954     0.0061     0.1319     0.0085     1.1954     1.0806     18.817    30.2918    23.1044    1.28846    1.84134     56.243    6.36220    9.09223  0.000e+00
        164     18.976     27.522   3230.894   8878.834    11.0451   3.432999     1.1966     0.0073     0.1319     0.0085     1.1966     1.0806     18.817    30.2911    23.1036    1.29118    1.84523     56.362    6.36211    9.09208  0.000e+00
        165     18.976     27.522   3230.894   8879.026    11.0451   3.433165     1.1966     0.0073     0.1331     0.0085     1.1966     1.1013     18.817    30.2927    23.1049    1.29117    1.84521     56.361    6.36204    9.09199  0.000e+00
        166     18.976     27.522   3230.958   8878.844    11.0460   3.433007     1.1966     0.0073     0.1331     0.0085     1.1966     1.1013     18.817    30.2904    23.1029    1.29117    1.84520     56.361    6.36200    9.09194  0.000e+00
        167     18.976     27.522   3230.832   8879.035    11.0442   3.433173     1.1954     0.0073     0.1331     0.0085     1.1954     1.1013     18.817    30.2936    23.1057    1.28845    1.84132     56.242    6.36213    9.09212  0.000e+00
        168     18.976     27.522   3230.832   8879.040    11.0442   3.433177     1.1954     0.0061     0.1319     0.0085     1.1954     1.0806     18.817    30.2936    23.1057    1.28845    1.84132     56.242    6.36213    9.09212  0.000e+00
        169     18.976     27.522   3230.959   8879.231    11.0460   3.433343     1.1954     0.0073     0.1380     0.0085     1.1954     1.1839     18.817    30.2937    23.1055    1.28840    1.84125     56.240    6.36187    9.09175  0.000e+00
        170     18.976     27.522   3230.833   8879.236    11.0442   3.433347     1.1941     0.0061     0.1368     0.0085     1.1941     1.1633     18.817    30.2953    23.1070    1.28569    1.83738     56.122    6.36206    9.09202  0.000e+00
        171     18.976     27.522   3230.834   8879.427    11.0442   3.433514     1.1941     0.0073     0.1319     0.0085     1.1941     1.0806     18.817    30.2969    23.1083    1.28568    1.83736     56.121    6.36199    9.09193  0.000e+00
        172     18.976     27.522   3230.961   8879.432    11.0460   3.433518     1.1954     0.0073     0.1319     0.0085     1.1954     1.0806     18.817    30.2954    23.1068    1.28838    1.84123     56.240    6.36180    9.09165  0.000e+00
        173     18.976     27.522   3230.835   8879.249    11.0442   3.433359     1.1954     0.0073     0.1306     0.0085     1.1954     1.0600     18.817    30.2954    23.1071    1.28843    1.84130     56.242    6.36205    9.09201  0.000e+00
        174     19.021     27.587   3230.899   8879.254    11.0451   3.433363     1.1954     0.0073     0.1306     0.0085     1.1954     1.0600     18.862    30.2946    23.1063    1.28842    1.84128     56.241    6.36196    9.09187  0.000e+00
        175     18.976     27.522   3230.962   8879.072    11.0461   3.433205     1.1954     0.0073     0.1319     0.0085     1.1954     1.0806     18.817    30.2923    23.1044    1.28841    1.84126     56.241    6.36192    9.09182  0.000e+00
        176     18.976     27.522   3230.836   8879.263    11.0442   3.433371     1.1954     0.0073     0.1343     0.0085     1.1954     1.1220     18.817    30.2955    23.1071    1.28843    1.84129     56.242    6.36205    9.09200  0.000e+00
        177     18.976     27.522   3230.900   8879.268    11.0452   3.433375     1.1966     0.0073     0.1306     0.0085     1.1966     1.0600     18.817    30.2947    23.1064    1.29115    1.84519     56.361    6.36195    9.09186  0.000e+00
        178     18.976     27.522   3230.837   8879.086    11.0442   3.433217     1.1966     0.0073     0.1331     0.0085     1.1966     1.1013     18.817    30.2939    23.1060    1.29118    1.84523     56.362    6.36211    9.09209  0.000e+00
        179     18.976     27.522   3230.901   8879.277    11.0452   3.433383     1.1966     0.0073     0.1319     0.0085     1.1966     1.0806     18.817    30.2948    23.1065    1.29115    1.84518     56.361    6.36194    9.09185  0.000e+00
        180     18.976     27.522   3230.838   8879.282    11.0443   3.433388     1.1966     0.0073     0.1319     0.0085     1.1966     1.0806     18.817    30.2956    23.1072    1.29117    1.84521     56.361    6.36204    9.09199  0.000e+00
        181     18.976     27.522   3230.902   8879.286    11.0452   3.433392     1.1966     0.0073     0.1319     0.0085     1.1966     1.0806     18.817    30.2949    23.1065    1.29115    1.84518     56.360    6.36194    9.09185  0.000e+00
        182     18.976     27.522   3230.776   8879.291    11.0434   3.433396     1.1978     0.0073     0.1319     0.0085     1.1978     1.0806     18.817    30.2964    23.1080    1.29393    1.84915     56.482    6.36213    9.09212  0.000e+00
        183     18.976     27.522   3230.777   8879.295    11.0434   3.433400     1.1978     0.0073     0.1331     0.0085     1.1978     1.1013     18.817    30.2964    23.1081    1.29393    1.84915     56.482    6.36213    9.09212  0.000e+00
        184     18.976     27.522   3230.777   8879.113    11.0434   3.433241     1.1966     0.0073     0.1355     0.0085     1.1966     1.1426     18.817    30.2949    23.1069    1.29120    1.84525     56.363    6.36219    9.09220  0.000e+00
        185     18.976     27.522   3230.715   8879.305    11.0425   3.433408     1.1966     0.0073     0.1331     0.0085     1.1966     1.1013     18.817    30.2973    23.1089    1.29120    1.84526     56.363    6.36222    9.09225  0.000e+00
        186     18.976     27.522   3230.841   8879.123    11.0443   3.433249     1.1966     0.0061     0.1319     0.0085     1.1966     1.0806     18.817    30.2942    23.1062    1.29118    1.84522     56.362    6.36209    9.09206  0.000e+00
        187     18.976     27.522   3230.779   8879.501    11.0434   3.433578     1.1978     0.0073     0.1319     0.0085     1.1978     1.0806     18.817    30.2982    23.1094    1.29391    1.84913     56.481    6.36205    9.09201  0.000e+00
        188     18.976     27.522   3230.779   8879.319    11.0434   3.433420     1.1978     0.0073     0.1343     0.0085     1.1978     1.1220     18.817    30.2966    23.1082    1.29392    1.84915     56.481    6.36212    9.09210  0.000e+00
        189     18.976     27.522   3230.780   8879.323    11.0434   3.433424     1.1978     0.0073     0.1319     0.0085     1.1978     1.0806     18.817    30.2966    23.1082    1.29392    1.84915     56.481    6.36211    9.09210  0.000e+00
        190     18.976     27.522   3230.780   8879.515    11.0434   3.433590     1.1978     0.0073     0.1319     0.0085     1.1978     1.0806     18.817    30.2983    23.1095    1.29391    1.84913     56.481    6.36205    9.09200  0.000e+00
        191     19.021     27.587   3230.718   8879.519    11.0425   3.433594     1.1978     0.0073     0.1306     0.0085     1.1978     1.0600     18.862    30.2990    23.1102    1.29394    1.84916     56.482    6.36214    9.09214  0.000e+00
        192     18.976     27.522   3230.844   8879.524    11.0443   3.433598     1.1978     0.0073     0.1331     0.0085     1.1978     1.1013     18.817    30.2976    23.1088    1.29389    1.84910     56.480    6.36195    9.09186  0.000e+00
        193     18.976     27.522   3230.782   8879.715    11.0434   3.433764     1.1966     0.0073     0.1331     0.0098     1.1966     1.1013     18.817    30.2999    23.1108    1.29116    1.84519     56.360    6.36198    9.09190  0.000e+00
        194     18.976     27.522   3230.845   8879.533    11.0444   3.433606     1.1978     0.0073     0.1355     0.0085     1.1978     1.1426     18.817    30.2976    23.1088    1.29389    1.84910     56.480    6.36194    9.09185  0.000e+00
        195     18.976     27.522   3230.846   8879.538    11.0444   3.433610     1.1990     0.0073     0.1331     0.0085     1.1990     1.1013     18.817    30.2977    23.1088    1.29663    1.85302     56.600    6.36194    9.09185  0.000e+00
        196     18.976     27.522   3230.910   8879.355    11.0453   3.433452     1.1990     0.0073     0.1319     0.0085     1.1990     1.0806     18.817    30.2954    23.1069    1.29663    1.85301     56.599    6.36190    9.09180  0.000e+00
        197     18.976     27.522   3230.784   8879.920    11.0435   3.433942     1.1990     0.0061     0.1319     0.0085     1.1990     1.0806     18.817    30.3017    23.1121    1.29662    1.85300     56.599    6.36190    9.09180  0.000e+00
