unitTesting/processed_seabird_noalign/ORCA1_CAST0016.cnv
* Sea-Bird SBE 19 Data File:
* FileName =
* Software Version 4.234
* Temperature SN = 2835
* Conductivity SN = 2835
* System UpLoad Time = Sat Jan 22 23:55:11 2005

** Ship: ORCA
** Cruise: Mooring
** Station: Twanoh
** Latitude: 47 22.5
** Longitude: 123 0.5
# nquan = 22
# nvalues = 906                                   
# units = specified
# name 0 = scan: Scan Count
# name 1 = prSM: Pressure, Strain Gauge [db]
# name 2 = prSE: Pressure, Strain Gauge [psi]
# name 3 = f0: Frequency 0
# name 4 = f1: Frequency 1
# name 5 = t090C: Temperature [ITS-90, deg C]
# name 6 = c0S/m: Conductivity [S/m]
# name 7 = v0: Voltage 0
# name 8 = v1: Voltage 1
# name 9 = v2: Voltage 2
# name 10 = v3: Voltage 3
# name 11 = sbeox0V: Oxygen raw, SBE 43 [V]
# name 12 = wetStar: Fluorescence, WET Labs WETstar [mg/m^3]
# name 13 = depSM: Depth [salt water, m], lat = 47.28
# name 14 = sal00: Salinity, Practical [PSU]
# name 15 = sigma-t00: Density [sigma-t, Kg/m^3 ]
# name 16 = sbeox0ML/L: Oxygen, SBE 43 [ml/l]
# name 17 = sbeox0Mg/L: Oxygen, SBE 43 [mg/l]
# name 18 = sbeox0Mm/Kg: Oxygen, SBE 43 [umol/Kg]
# name 19 = oxsatML/L: Oxygen Saturation, Weiss [ml/l]
# name 20 = oxsatMg/L: Oxygen Saturation, Weiss [mg/l]
# name 21 = flag:  0.000e+00
# span 0 =          1,        906                 
# span 1 =      0.951,     29.672                 
# span 2 =      1.380,     43.035                 
# span 3 =   3071.422,   3233.346                 
# span 4 =   7119.954,   8907.754                 
# span 5 =     8.6899,    11.0806                 
# span 6 =   2.058274,   3.458166                 
# span 7 =     0.0000,     3.1538                 
# span 8 =     0.0000,     0.0073                 
# span 9 =     0.0000,     0.4628                 
# span 10 =     0.0000,     0.0098                
# span 11 =     0.0000,     3.1538                
# span 12 =    -1.1506,     6.6793                
# span 13 =      0.943,     29.422                
# span 14 =    18.3570,    30.5173                
# span 15 =    14.1418,    23.2762                
# span 16 =   -1.39504,    6.31557                
# span 17 =   -1.99366,    9.02558                
# span 18 =    -60.897,    278.115                
# span 19 =    6.35039,    7.21523                
# span 20 =    9.07534,   10.31128                
# span 21 = 0.0000e+00, 0.0000e+00                
# interval = seconds: 0.5
# start_time = Jan 31 2016 20:27:12 [DatCnv date, localtime]
# bad_flag = -9.990e-29
*END*
[from data line 66]
         67     18.976     27.522   3232.019   8888.539    11.0614   3.441434     0.0000     0.0012     0.0000     0.0012     0.0000    -1.1506     18.817    30.3602    23.1545   -1.39433   -1.99264    -60.862    6.35708    9.08490  0.000e+00
         68     18.976     27.522   3232.083   8888.537    11.0623   3.441432     0.0000     0.0012     0.0000     0.0012     0.0000    -1.1506     18.817    30.3594    23.1538   -1.39431   -1.99261    -60.861    6.35698    9.08476  0.000e+00
         69     18.976     27.522   3232.019   8888.535    11.0614   3.441430     0.0000     0.0012     0.0000     0.0012     0.0000    -1.1506     18.817    30.3602    23.1545   -1.39433   -1.99264    -60.862    6.35708    9.08490  0.000e+00
         70     18.976     27.522   3232.019   8888.533    11.0614   3.441428     0.0000     0.0012     0.0000     0.0012     0.0000    -1.1506     18.817    30.3601    23.1545   -1.39433   -1.99264    -60.862    6.35708    9.08490  0.000e+00
         71     18.976     27.522   3231.956   8888.531    11.0605   3.441427     0.0000     0.0012     0.0000     0.0012     0.0000    -1.1506     18.817    30.3609    23.1552   -1.39435   -1.99267    -60.863    6.35717    9.08504  0.000e+00
         72     18.976     27.522   3232.019   8888.529    11.0614   3.441425     0.0000     0.0012     0.0000     0.0012     0.0000    -1.1506     18.817    30.3601    23.1545   -1.39433   -1.99264    -60.862    6.35708    9.08490  0.000e+00
         73     18.976     27.522   3232.019   8888.714    11.0614   3.441586     0.0000     0.0012     0.0000     0.0012     0.0000    -1.1506     18.817    30.3617    23.1557   -1.39432   -1.99262    -60.861    6.35702    9.08481  0.000e+00
         74     18.976     27.522   3232.019   8888.525    11.0614   3.441422     0.0000     0.0000     0.0000     0.0012     0.0000    -1.1506     18.817    30.3601    23.1544   -1.39433   -1.99264    -60.862    6.35708    9.08490  0.000e+00
         75     18.976     27.522   3232.019   8888.523    11.0614   3.441420     0.0000     0.0000     0.0000     0.0000     0.0000    -1.1506     18.817    30.3601    23.1544   -1.39433   -1.99264    -60.862    6.35708    9.08490  0.000e+00
         76     18.976     27.522   3232.019   8888.521    11.0614   3.441418     0.0000     0.0000     0.0000     0.0012     0.0000    -1.1506     18.817    30.3600    23.1544   -1.39434   -1.99264    -60.862    6.35708    9.08491  0.000e+00
         77     18.976     27.522   3232.019   8888.519    11.0614   3.441416     0.0000     0.0012     0.0000     0.0012     0.0000    -1.1506     18.817    30.3600    23.1544   -1.39434   -1.99264    -60.862    6.35708    9.08491  0.000e+00
         78     18.976     27.522   3232.019   8888.517    11.0614   3.441415     0.0000     0.0012     0.0000     0.0012     0.0000    -1.1506     18.817    30.3600    23.1544   -1.39434   -1.99264    -60.862    6.35708    9.08491  0.000e+00
         79     18.976     27.522   3232.019   8888.515    11.0614   3.441413     0.0000     0.0000     0.0000     0.0012     0.0000    -1.1506     18.817    30.3600    23.1544   -1.39434   -1.99264    -60.862    6.35708    9.08491  0.000e+00
         80     18.976     27.522   3232.019   8888.700    11.0614   3.441574     0.0000     0.0012     0.0000     0.0012     0.0000    -1.1506     18.817    30.3616    23.1556   -1.39432   -1.99263    -60.861    6.35702    9.08482  0.000e+00
         81     18.976     27.522   3232.019   8888.698    11.0614   3.441572     0.0000     0.0012     0.0000     0.0012     0.0000    -1.1506     18.817    30.3616    23.1556   -1.39432   -1.99263    -60.861    6.35702    9.08482  0.000e+00
         82     18.976     27.522   3232.019   8888.509    11.0614   3.441408     0.0000     0.0000     0.0000     0.0000     0.0000    -1.1506     18.817    30.3600    23.1543   -1.39434   -1.99265    -60.862    6.35709    9.08491  0.000e+00
         83     18.976     27.522   3232.019   8888.694    11.0614   3.441568     0.0000     0.0000     0.0000     0.0000     0.0000    -1.1506     18.817    30.3615    23.1555   -1.39432   -1.99263    -60.861    6.35702    9.08482  0.000e+00
         84     18.976     27.522   3231.956   8888.506    11.0605   3.441404     0.0000     0.0012     0.0000     0.0012     0.0000    -1.1506     18.817    30.3607    23.1550   -1.39436   -1.99267    -60.863    6.35718    9.08505  0.000e+00
         85     18.976     27.522   3232.082   8878.797    11.0623   3.432966     0.0000     0.0000     0.0000     0.0000     0.0000    -1.1506     18.817    30.2766    23.0894   -1.39504   -1.99366    -60.897    6.36030    9.08950  0.000e+00
         86     18.976     27.522   3233.346   8889.621    11.0806   3.442374     0.9573     0.0073     0.1026     0.0085     0.9573     0.5848     18.817    30.3535    23.1460    0.75302    1.07615     32.869    6.35468    9.08147  0.000e+00
         87     18.976     27.522   3232.145   8888.686    11.0632   3.441562     0.9768     0.0073     0.1319     0.0085     0.9768     1.0806     18.817    30.3599    23.1540    0.79709    1.13912     34.792    6.35683    9.08455  0.000e+00
         88     18.976     27.522   3232.208   8888.684    11.0641   3.441560     0.9792     0.0073     0.1319     0.0085     0.9792     1.0806     18.817    30.3592    23.1532    0.80256    1.14693     35.031    6.35674    9.08441  0.000e+00
         89     18.976     27.522   3232.145   8888.496    11.0632   3.441396     0.9878     0.0073     0.1319     0.0098     0.9878     1.0806     18.817    30.3583    23.1527    0.82175    1.17436     35.869    6.35690    9.08464  0.000e+00
         90     18.976     27.522   3232.208   8888.494    11.0641   3.441394     1.0012     0.0061     0.1294     0.0085     1.0012     1.0393     18.817    30.3576    23.1520    0.85187    1.21741     37.184    6.35680    9.08451  0.000e+00
         91     18.976     27.522   3232.271   8888.305    11.0650   3.441230     1.0122     0.0073     0.1306     0.0085     1.0122     1.0600     18.817    30.3552    23.1500    0.87652    1.25263     38.260    6.35677    9.08446  0.000e+00
         92     18.976     27.522   3232.208   8888.117    11.0641   3.441066     1.0220     0.0073     0.1306     0.0085     1.0220     1.0600     18.817    30.3543    23.1495    0.89845    1.28398     39.217    6.35693    9.08469  0.000e+00
         93     18.976     27.522   3232.208   8888.115    11.0641   3.441065     1.0269     0.0073     0.1306     0.0085     1.0269     1.0600     18.817    30.3543    23.1495    0.90941    1.29964     39.695    6.35693    9.08469  0.000e+00
         94     18.976     27.522   3232.271   8888.299    11.0650   3.441225     1.0305     0.0061     0.1306     0.0085     1.0305     1.0600     18.817    30.3551    23.1500    0.91761    1.31135     40.053    6.35677    9.08446  0.000e+00
         95     18.976     27.522   3232.271   8887.924    11.0650   3.440899     1.0379     0.0073     0.1331     0.0085     1.0379     1.1013     18.817    30.3520    23.1475    0.93406    1.33487     40.771    6.35690    9.08465  0.000e+00
         96     18.976     27.522   3232.208   8888.109    11.0641   3.441059     1.0440     0.0073     0.1319     0.0085     1.0440     1.0806     18.817    30.3543    23.1494    0.94776    1.35445     41.369    6.35693    9.08469  0.000e+00
         97     18.976     27.522   3232.271   8888.107    11.0650   3.441058     1.0525     0.0073     0.1319     0.0098     1.0525     1.0806     18.817    30.3535    23.1487    0.96692    1.38183     42.206    6.35684    9.08456  0.000e+00
         98     18.976     27.522   3232.271   8888.105    11.0650   3.441056     1.0623     0.0061     0.1343     0.0085     1.0623     1.1220     18.817    30.3535    23.1487    0.98884    1.41315     43.162    6.35684    9.08456  0.000e+00
         99     18.976     27.522   3232.271   8888.103    11.0650   3.441054     1.0757     0.0073     0.1380     0.0085     1.0757     1.1839     18.817    30.3535    23.1487    1.01897    1.45621     44.478    6.35684    9.08456  0.000e+00
        100     18.976     27.522   3232.271   8888.101    11.0650   3.441053     1.0891     0.0073     0.1331     0.0085     1.0891     1.1013     18.817    30.3535    23.1486    1.04910    1.49927     45.793    6.35684    9.08456  0.000e+00
        101     18.976     27.522   3232.271   8888.099    11.0650   3.441051     1.1062     0.0073     0.1331     0.0085     1.1062     1.1013     18.817    30.3534    23.1486    1.08745    1.55407     47.467    6.35684    9.08456  0.000e+00
        102     18.976     27.522   3232.271   8888.097    11.0650   3.441049     1.1197     0.0073     0.1319     0.0085     1.1197     1.0806     18.817    30.3534    23.1486    1.11758    1.59714     48.782    6.35684    9.08456  0.000e+00
        103     18.976     27.522   3232.334   8888.095    11.0660   3.441047     1.1319     0.0073     0.1331     0.0085     1.1319     1.1013     18.817    30.3527    23.1479    1.14496    1.63626     49.977    6.35675    9.08443  0.000e+00
        104     18.976     27.522   3232.271   8888.093    11.0650   3.441046     1.1429     0.0073     0.1355     0.0085     1.1429     1.1426     18.817    30.3534    23.1486    1.16963    1.67151     51.054    6.35684    9.08456  0.000e+00
        105     18.976     27.522   3232.271   8888.278    11.0650   3.441206     1.1526     0.0061     0.1319     0.0085     1.1526     1.0806     18.817    30.3550    23.1498    1.19153    1.70281     52.010    6.35678    9.08447  0.000e+00
        106     18.976     27.522   3232.271   8888.089    11.0650   3.441042     1.1612     0.0061     0.1306     0.0085     1.1612     1.0600     18.817    30.3534    23.1486    1.21072    1.73023     52.847    6.35684    9.08457  0.000e+00
        107     18.976     27.522   3232.334   8888.087    11.0660   3.441041     1.1697     0.0073     0.1319     0.0085     1.1697     1.0806     18.817    30.3526    23.1478    1.22987    1.75761     53.683    6.35675    9.08443  0.000e+00
        108     18.976     27.522   3232.207   8888.085    11.0641   3.441039     1.1795     0.0073     0.1368     0.0085     1.1795     1.1633     18.817    30.3541    23.1493    1.25182    1.78898     54.641    6.35694    9.08471  0.000e+00
        109     18.976     27.522   3232.334   8888.083    11.0659   3.441037     1.1844     0.0073     0.1306     0.0085     1.1844     1.0600     18.817    30.3526    23.1478    1.26274    1.80459     55.118    6.35675    9.08443  0.000e+00
        110     18.976     27.522   3232.270   8888.268    11.0650   3.441198     1.1929     0.0073     0.1319     0.0085     1.1929     1.0806     18.817    30.3549    23.1498    1.28192    1.83200     55.955    6.35678    9.08448  0.000e+00
        111     18.976     27.522   3232.334   8888.079    11.0659   3.441034     1.1978     0.0073     0.1319     0.0085     1.1978     1.0806     18.817    30.3525    23.1478    1.29287    1.84765     56.433    6.35675    9.08443  0.000e+00
        112     18.976     27.522   3232.207   8888.077    11.0641   3.441032     1.2027     0.0073     0.1319     0.0085     1.2027     1.0806     18.817    30.3540    23.1492    1.30387    1.86336     56.913    6.35695    9.08471  0.000e+00
        113     18.976     27.522   3232.334   8888.075    11.0659   3.441030     1.2088     0.0073     0.1306     0.0085     1.2088     1.0600     18.817    30.3525    23.1477    1.31753    1.88288     57.510    6.35675    9.08444  0.000e+00
        114     18.976     27.522   3232.270   8888.073    11.0650   3.441029     1.2112     0.0073     0.1306     0.0085     1.2112     1.0600     18.817    30.3532    23.1485    1.32302    1.89073     57.749    6.35685    9.08458  0.000e+00
        115     18.976     27.522   3232.397   8888.071    11.0669   3.441027     1.2161     0.0073     0.1306     0.0085     1.2161     1.0600     18.817    30.3517    23.1470    1.33394    1.90634     58.226    6.35666    9.08430  0.000e+00
        116     18.976     27.522   3232.270   8887.883    11.0650   3.440863     1.2198     0.0073     0.1306     0.0085     1.2198     1.0600     18.817    30.3516    23.1472    1.34221    1.91816     58.587    6.35692    9.08467  0.000e+00
        117     18.976     27.522   3232.270   8888.068    11.0650   3.441024     1.2222     0.0073     0.1306     0.0085     1.2222     1.0600     18.817    30.3532    23.1484    1.34768    1.92597     58.826    6.35685    9.08458  0.000e+00
        118     18.976     27.522   3232.270   8888.066    11.0650   3.441022     1.2271     0.0073     0.1306     0.0085     1.2271     1.0600     18.817    30.3532    23.1484    1.35864    1.94163     59.304    6.35685    9.08458  0.000e+00
        119     18.976     27.522   3232.207   8888.064    11.0641   3.441020     1.2283     0.0073     0.1294     0.0085     1.2283     1.0393     18.817    30.3539    23.1492    1.36139    1.94557     59.424    6.35695    9.08472  0.000e+00
        120     18.976     27.522   3232.270   8888.248    11.0650   3.441181     1.2308     0.0073     0.1306     0.0085     1.2308     1.0600     18.817    30.3547    23.1496    1.36684    1.95335     59.662    6.35679    9.08449  0.000e+00
        121     18.976     27.522   3232.270   8888.060    11.0650   3.441017     1.2332     0.0061     0.1294     0.0085     1.2332     1.0393     18.817    30.3531    23.1484    1.37233    1.96120     59.902    6.35686    9.08458  0.000e+00
        122     18.976     27.522   3232.333   8888.058    11.0659   3.441015     1.2344     0.0073     0.1294     0.0085     1.2344     1.0393     18.817    30.3523    23.1476    1.37505    1.96509     60.020    6.35676    9.08445  0.000e+00
        123     18.976     27.522   3232.270   8888.242    11.0650   3.441176     1.2344     0.0073     0.1306     0.0085     1.2344     1.0600     18.817    30.3547    23.1496    1.37506    1.96510     60.021    6.35679    9.08449  0.000e+00
        124     18.976     27.522   3232.143   8888.054    11.0632   3.441012     1.2369     0.0073     0.1306     0.0085     1.2369     1.0600     18.817    30.3546    23.1498    1.38059    1.97300     60.262    6.35705    9.08486  0.000e+00
        125     18.976     27.522   3232.017   8888.115    11.0614   3.441065     1.2381     0.0073     0.1355     0.0085     1.2381     1.1426     18.817    30.3566    23.1517    1.38336    1.97696     60.383    6.35722    9.08511  0.000e+00
        126     19.021     27.587   3231.891   8888.180    11.0595   3.441121     1.2381     0.0073     0.1319     0.0085     1.2381     1.0806     18.862    30.3587    23.1536    1.38340    1.97702     60.385    6.35739    9.08535  0.000e+00
        127     19.021     27.587   3231.765   8888.246    11.0577   3.441179     1.2405     0.0073     0.1319     0.0085     1.2405     1.0806     18.862    30.3607    23.1556    1.38892    1.98490     60.625    6.35756    9.08560  0.000e+00
        128     18.976     27.522   3232.271   8888.437    11.0650   3.441345     1.2418     0.0073     0.1319     0.0085     1.2418     1.0806     18.817    30.3563    23.1509    1.39148    1.98856     60.737    6.35673    9.08440  0.000e+00
        129     18.976     27.522   3232.271   8888.441    11.0650   3.441348     1.2405     0.0073     0.1306     0.0085     1.2405     1.0600     18.817    30.3563    23.1509    1.38874    1.98465     60.618    6.35672    9.08439  0.000e+00
        130     18.976     27.522   3232.271   8888.258    11.0650   3.441189     1.2418     0.0073     0.1306     0.0098     1.2418     1.0600     18.817    30.3548    23.1497    1.39149    1.98858     60.738    6.35679    9.08448  0.000e+00
        131     18.976     27.522   3232.209   8888.076    11.0641   3.441031     1.2418     0.0073     0.1319     0.0098     1.2418     1.0806     18.817    30.3540    23.1492    1.39152    1.98863     60.739    6.35694    9.08471  0.000e+00
