unitTesting/processed_seabird_noalign/ORCA1_CAST0050.cnv
* Sea-Bird SBE 19 Data File:
* FileName =
* Software Version 4.234
* Temperature SN = 2835
* Conductivity SN = 2835
* System UpLoad Time = Mon Jan 31 12:12:59 2005

** Ship: ORCA
** Cruise: Mooring
** Station: Twanoh
** Latitude: 47 22.5
** Longitude: 123 0.5
# nquan = 22
# nvalues = 862                                   
# units = specified
# name 0 = scan: Scan Count
# name 1 = prSM: Pressure, Strain Gauge [db]
# name 2 = prSE: Pressure, Strain Gauge [psi]
# name 3 = f0: Frequency 0
# name 4 = f1: Frequency 1
# name 5 = t090C: Temperature [ITS-90, deg C]
# name 6 = c0S/m: Conductivity [S/m]
# name 7 = v0: Voltage 0
# name 8 = v1: Voltage 1
# name 9 = v2: Voltage 2
# name 10 = v3: Voltage 3
# name 11 = sbeox0V: Oxygen raw, SBE 43 [V]
# name 12 = wetStar: Fluorescence, WET Labs WETstar [mg/m^3]
# name 13 = depSM: Depth [salt water, m], lat = 47.28
# name 14 = sal00: Salinity, Practical [PSU]
# name 15 = sigma-t00: Density [sigma-t, Kg/m^3 ]
# name 16 = sbeox0ML/L: Oxygen, SBE 43 [ml/l]
# name 17 = sbeox0Mg/L: Oxygen, SBE 43 [mg/l]
# name 18 = sbeox0Mm/Kg: Oxygen, SBE 43 [umol/Kg]
# name 19 = oxsatML/L: Oxygen Saturation, Weiss [ml/l]
# name 20 = oxsatMg/L: Oxygen Saturation, Weiss [mg/l]
# name 21 = flag:  0.000e+00
# span 0 =          1,        862                 
# span 1 =      0.906,     29.716                 
# span 2 =      1.315,     43.100                 
# span 3 =   3159.511,   3225.453                 
# span 4 =   8220.766,   8893.973                 
# span 5 =    10.0012,    10.9661                 
# span 6 =   2.882805,   3.446166                 
# span 7 =     0.0000,     2.2930                 
# span 8 =     0.0000,     0.0073                 
# span 9 =     0.0000,     0.2405                 
# span 10 =     0.0000,     0.0098                
# span 11 =     0.0000,     2.2930                
# span 12 =    -1.1506,     2.9193                
# span 13 =      0.899,     29.467                
# span 14 =    25.6840,    30.4979                
# span 15 =    19.6850,    23.2814                
# span 16 =   -1.39792,    3.92789                
# span 17 =   -1.99777,    5.61335                
# span 18 =    -61.020,    172.030                
# span 19 =    6.36703,    6.69950                
# span 20 =    9.09912,    9.57426                
# span 21 = 0.0000e+00, 0.0000e+00                
# interval = seconds: 0.5
# start_time = Jan 31 2016 20:27:41 [DatCnv date, localtime]
# bad_flag = -9.990e-29
*END*
[from data line 132]
        133     19.021     27.587   3224.605   8874.196    10.9538   3.428972     1.1807     0.0061     0.1416     0.0085     1.1807     1.2459     18.862    30.3270    23.1472    1.25761    1.79725     54.894    6.37334    9.10814  0.000e+00
        134     19.021     27.587   3224.669   8874.195    10.9547   3.428971     1.1819     0.0073     0.1404     0.0085     1.1819     1.2253     18.862    30.3262    23.1464    1.26034    1.80115     55.013    6.37324    9.10800  0.000e+00
        135     19.021     27.587   3224.605   8874.008    10.9538   3.428808     1.1819     0.0073     0.1416     0.0085     1.1819     1.2459     18.862    30.3254    23.1459    1.26037    1.80119     55.015    6.37340    9.10823  0.000e+00
        136     19.021     27.587   3224.669   8874.007    10.9547   3.428808     1.1832     0.0073     0.1404     0.0085     1.1832     1.2253     18.862    30.3246    23.1452    1.26310    1.80509     55.134    6.37331    9.10809  0.000e+00
        137     19.021     27.587   3224.669   8874.193    10.9547   3.428969     1.1832     0.0073     0.1392     0.0085     1.1832     1.2046     18.862    30.3262    23.1464    1.26308    1.80507     55.133    6.37324    9.10800  0.000e+00
        138     19.021     27.587   3224.669   8874.006    10.9547   3.428807     1.1832     0.0061     0.1416     0.0085     1.1832     1.2459     18.862    30.3246    23.1451    1.26310    1.80509     55.134    6.37331    9.10809  0.000e+00
        139     19.021     27.587   3224.669   8874.192    10.9547   3.428968     1.1844     0.0061     0.1392     0.0085     1.1844     1.2046     18.862    30.3262    23.1464    1.26583    1.80900     55.253    6.37324    9.10800  0.000e+00
        140     19.021     27.587   3224.606   8874.004    10.9538   3.428806     1.1844     0.0073     0.1404     0.0085     1.1844     1.2253     18.862    30.3253    23.1459    1.26586    1.80904     55.254    6.37340    9.10823  0.000e+00
        141     19.021     27.587   3224.606   8874.191    10.9538   3.428967     1.1844     0.0073     0.1404     0.0085     1.1844     1.2253     18.862    30.3269    23.1471    1.26585    1.80902     55.254    6.37334    9.10814  0.000e+00
        142     19.021     27.587   3224.543   8874.190    10.9529   3.428967     1.1832     0.0073     0.1392     0.0085     1.1832     1.2046     18.862    30.3277    23.1479    1.26312    1.80512     55.135    6.37344    9.10828  0.000e+00
        143     19.021     27.587   3224.606   8874.189    10.9538   3.428966     1.1832     0.0061     0.1380     0.0085     1.1832     1.1839     18.862    30.3269    23.1471    1.26310    1.80510     55.134    6.37334    9.10814  0.000e+00
        144     19.021     27.587   3224.606   8874.189    10.9538   3.428966     1.1844     0.0061     0.1392     0.0085     1.1844     1.2046     18.862    30.3269    23.1471    1.26585    1.80902     55.254    6.37334    9.10814  0.000e+00
        145     19.021     27.587   3224.669   8874.188    10.9547   3.428965     1.1844     0.0073     0.1392     0.0085     1.1844     1.2046     18.862    30.3261    23.1463    1.26583    1.80900     55.253    6.37324    9.10800  0.000e+00
        146     19.021     27.587   3224.669   8874.188    10.9547   3.428964     1.1856     0.0073     0.1404     0.0085     1.1856     1.2253     18.862    30.3261    23.1463    1.26858    1.81292     55.373    6.37324    9.10800  0.000e+00
        147     19.066     27.652   3224.669   8874.187    10.9547   3.428964     1.1856     0.0073     0.1416     0.0085     1.1856     1.2459     18.906    30.3261    23.1463    1.26858    1.81293     55.373    6.37325    9.10801  0.000e+00
        148     19.021     27.587   3224.606   8874.186    10.9538   3.428963     1.1856     0.0061     0.1392     0.0085     1.1856     1.2046     18.862    30.3269    23.1471    1.26859    1.81295     55.374    6.37334    9.10814  0.000e+00
        149     19.021     27.587   3224.669   8874.186    10.9547   3.428963     1.1893     0.0073     0.1392     0.0085     1.1893     1.2046     18.862    30.3261    23.1463    1.27681    1.82470     55.732    6.37325    9.10800  0.000e+00
        150     19.066     27.652   3224.606   8874.185    10.9538   3.428962     1.1893     0.0061     0.1380     0.0085     1.1893     1.1839     18.906    30.3268    23.1471    1.27684    1.82473     55.734    6.37334    9.10814  0.000e+00
        151     19.021     27.587   3224.669   8874.184    10.9547   3.428962     1.1893     0.0073     0.1392     0.0085     1.1893     1.2046     18.862    30.3261    23.1463    1.27681    1.82470     55.732    6.37325    9.10801  0.000e+00
        152     19.021     27.587   3224.669   8874.184    10.9547   3.428961     1.1905     0.0073     0.1392     0.0085     1.1905     1.2046     18.862    30.3261    23.1463    1.27956    1.82862     55.852    6.37325    9.10801  0.000e+00
        153     19.021     27.587   3224.669   8874.183    10.9547   3.428961     1.1905     0.0061     0.1416     0.0085     1.1905     1.2459     18.862    30.3261    23.1463    1.27956    1.82862     55.852    6.37325    9.10801  0.000e+00
        154     19.021     27.587   3224.733   8874.182    10.9556   3.428960     1.1917     0.0073     0.1392     0.0085     1.1917     1.2046     18.862    30.3253    23.1456    1.28229    1.83252     55.971    6.37315    9.10787  0.000e+00
        155     19.021     27.587   3224.669   8874.182    10.9547   3.428959     1.1905     0.0061     0.1404     0.0085     1.1905     1.2253     18.862    30.3261    23.1463    1.27956    1.82862     55.852    6.37325    9.10801  0.000e+00
        156     19.021     27.587   3224.670   8874.181    10.9547   3.428959     1.1917     0.0061     0.1392     0.0085     1.1917     1.2046     18.862    30.3261    23.1463    1.28231    1.83254     55.972    6.37325    9.10801  0.000e+00
        157     19.021     27.587   3224.670   8874.181    10.9547   3.428958     1.1905     0.0073     0.1404     0.0085     1.1905     1.2253     18.862    30.3261    23.1463    1.27956    1.82862     55.852    6.37325    9.10801  0.000e+00
        158     19.021     27.587   3224.606   8874.180    10.9538   3.428958     1.1905     0.0061     0.1392     0.0085     1.1905     1.2046     18.862    30.3268    23.1470    1.27958    1.82865     55.853    6.37334    9.10815  0.000e+00
        159     19.021     27.587   3224.670   8874.179    10.9547   3.428957     1.1893     0.0073     0.1404     0.0085     1.1893     1.2253     18.862    30.3260    23.1463    1.27681    1.82470     55.733    6.37325    9.10801  0.000e+00
        160     19.021     27.587   3224.670   8874.179    10.9547   3.428957     1.1905     0.0073     0.1392     0.0085     1.1905     1.2046     18.862    30.3260    23.1463    1.27956    1.82862     55.852    6.37325    9.10801  0.000e+00
        161     19.021     27.587   3224.670   8873.991    10.9547   3.428794     1.1905     0.0061     0.1380     0.0085     1.1905     1.1839     18.862    30.3244    23.1450    1.27957    1.82864     55.853    6.37331    9.10810  0.000e+00
        162     19.066     27.652   3224.670   8873.990    10.9547   3.428793     1.1893     0.0061     0.1416     0.0073     1.1893     1.2459     18.906    30.3244    23.1450    1.27684    1.82473     55.733    6.37331    9.10810  0.000e+00
        163     19.021     27.587   3224.607   8874.177    10.9538   3.428955     1.1905     0.0073     0.1416     0.0085     1.1905     1.2459     18.862    30.3268    23.1470    1.27958    1.82865     55.853    6.37334    9.10815  0.000e+00
        164     19.066     27.652   3224.670   8874.176    10.9547   3.428954     1.1917     0.0073     0.1404     0.0098     1.1917     1.2253     18.906    30.3260    23.1462    1.28231    1.83256     55.973    6.37325    9.10801  0.000e+00
        165     19.066     27.652   3224.733   8874.175    10.9556   3.428954     1.1905     0.0061     0.1416     0.0085     1.1905     1.2459     18.906    30.3252    23.1455    1.27955    1.82861     55.852    6.37315    9.10787  0.000e+00
        166     19.021     27.587   3224.607   8874.175    10.9538   3.428953     1.1905     0.0073     0.1404     0.0085     1.1905     1.2253     18.862    30.3268    23.1470    1.27958    1.82865     55.853    6.37335    9.10815  0.000e+00
        167     19.021     27.587   3224.670   8874.174    10.9547   3.428953     1.1917     0.0073     0.1404     0.0085     1.1917     1.2253     18.862    30.3260    23.1462    1.28231    1.83254     55.972    6.37325    9.10801  0.000e+00
        168     19.021     27.587   3224.670   8874.173    10.9547   3.428952     1.1905     0.0061     0.1404     0.0085     1.1905     1.2253     18.862    30.3260    23.1462    1.27956    1.82862     55.852    6.37325    9.10801  0.000e+00
        169     19.021     27.587   3224.607   8874.173    10.9538   3.428952     1.1917     0.0061     0.1380     0.0085     1.1917     1.1839     18.862    30.3267    23.1470    1.28232    1.83257     55.973    6.37335    9.10815  0.000e+00
        170     19.021     27.587   3224.670   8874.172    10.9547   3.428951     1.1917     0.0073     0.1404     0.0085     1.1917     1.2253     18.862    30.3260    23.1462    1.28231    1.83254     55.972    6.37325    9.10801  0.000e+00
        171     19.021     27.587   3224.670   8873.985    10.9547   3.428788     1.1905     0.0061     0.1392     0.0085     1.1905     1.2046     18.862    30.3244    23.1450    1.27957    1.82864     55.853    6.37331    9.10810  0.000e+00
        172     19.021     27.587   3224.670   8874.171    10.9547   3.428950     1.1905     0.0061     0.1392     0.0085     1.1905     1.2046     18.862    30.3260    23.1462    1.27956    1.82862     55.852    6.37325    9.10801  0.000e+00
        173     19.021     27.587   3224.670   8874.170    10.9547   3.428949     1.1905     0.0073     0.1392     0.0085     1.1905     1.2046     18.862    30.3260    23.1462    1.27956    1.82862     55.852    6.37325    9.10801  0.000e+00
        174     19.021     27.587   3224.670   8874.170    10.9547   3.428949     1.1905     0.0061     0.1392     0.0085     1.1905     1.2046     18.862    30.3260    23.1462    1.27956    1.82862     55.852    6.37325    9.10801  0.000e+00
        175     19.021     27.587   3224.670   8874.169    10.9547   3.428948     1.1905     0.0073     0.1416     0.0085     1.1905     1.2459     18.862    30.3259    23.1462    1.27956    1.82862     55.852    6.37325    9.10801  0.000e+00
        176     19.021     27.587   3224.670   8874.168    10.9547   3.428948     1.1893     0.0061     0.1404     0.0085     1.1893     1.2253     18.862    30.3259    23.1462    1.27681    1.82470     55.733    6.37325    9.10801  0.000e+00
        177     19.021     27.587   3224.670   8874.168    10.9547   3.428947     1.1893     0.0073     0.1416     0.0085     1.1893     1.2459     18.862    30.3259    23.1462    1.27682    1.82470     55.733    6.37325    9.10801  0.000e+00
        178     19.021     27.587   3224.607   8873.980    10.9538   3.428784     1.1905     0.0073     0.1392     0.0085     1.1905     1.2046     18.862    30.3251    23.1457    1.27959    1.82866     55.854    6.37341    9.10824  0.000e+00
        179     19.066     27.652   3224.544   8874.166    10.9529   3.428946     1.1893     0.0073     0.1392     0.0085     1.1893     1.2046     18.906    30.3274    23.1477    1.27686    1.82476     55.734    6.37345    9.10829  0.000e+00
        180     19.021     27.587   3224.670   8873.979    10.9547   3.428783     1.1905     0.0061     0.1392     0.0085     1.1905     1.2046     18.862    30.3243    23.1449    1.27957    1.82864     55.853    6.37331    9.10810  0.000e+00
        181     19.021     27.587   3224.544   8873.978    10.9529   3.428783     1.1905     0.0073     0.1453     0.0085     1.1905     1.3079     18.862    30.3258    23.1464    1.27961    1.82869     55.855    6.37351    9.10838  0.000e+00
        182     19.021     27.587   3224.607   8873.978    10.9538   3.428782     1.1905     0.0061     0.1416     0.0085     1.1905     1.2459     18.862    30.3251    23.1457    1.27959    1.82866     55.854    6.37341    9.10824  0.000e+00
        183     19.066     27.652   3224.671   8874.164    10.9547   3.428944     1.1905     0.0073     0.1404     0.0085     1.1905     1.2253     18.906    30.3259    23.1462    1.27957    1.82863     55.853    6.37325    9.10801  0.000e+00
        184     19.021     27.587   3224.671   8874.163    10.9547   3.428943     1.1917     0.0061     0.1416     0.0085     1.1917     1.2459     18.862    30.3259    23.1462    1.28231    1.83254     55.972    6.37325    9.10801  0.000e+00
        185     19.021     27.587   3224.607   8874.163    10.9538   3.428943     1.1917     0.0073     0.1392     0.0085     1.1917     1.2046     18.862    30.3266    23.1469    1.28232    1.83257     55.973    6.37335    9.10815  0.000e+00
        186     19.021     27.587   3224.607   8874.162    10.9538   3.428942     1.1917     0.0061     0.1392     0.0085     1.1917     1.2046     18.862    30.3266    23.1469    1.28232    1.83257     55.973    6.37335    9.10815  0.000e+00
        187     19.021     27.587   3224.671   8874.161    10.9547   3.428942     1.1917     0.0061     0.1392     0.0085     1.1917     1.2046     18.862    30.3259    23.1462    1.28231    1.83255     55.972    6.37325    9.10801  0.000e+00
        188     19.021     27.587   3224.671   8874.161    10.9547   3.428941     1.1917     0.0073     0.1392     0.0085     1.1917     1.2046     18.862    30.3259    23.1461    1.28231    1.83255     55.972    6.37325    9.10801  0.000e+00
        189     19.021     27.587   3224.671   8874.160    10.9547   3.428941     1.1917     0.0073     0.1404     0.0085     1.1917     1.2253     18.862    30.3259    23.1461    1.28231    1.83255     55.972    6.37325    9.10801  0.000e+00
        190     19.021     27.587   3224.734   8874.159    10.9556   3.428940     1.1905     0.0073     0.1404     0.0085     1.1905     1.2253     18.862    30.3251    23.1454    1.27954    1.82860     55.852    6.37315    9.10788  0.000e+00
        191     19.021     27.587   3224.608   8874.159    10.9538   3.428940     1.1917     0.0073     0.1404     0.0085     1.1917     1.2253     18.862    30.3266    23.1469    1.28233    1.83257     55.973    6.37335    9.10815  0.000e+00
        192     19.021     27.587   3224.671   8874.158    10.9547   3.428939     1.1893     0.0073     0.1404     0.0085     1.1893     1.2253     18.862    30.3258    23.1461    1.27682    1.82470     55.733    6.37325    9.10801  0.000e+00
        193     19.021     27.587   3224.671   8873.784    10.9547   3.428614     1.1905     0.0073     0.1392     0.0085     1.1905     1.2046     18.862    30.3227    23.1436    1.27959    1.82866     55.854    6.37338    9.10820  0.000e+00
        194     19.066     27.652   3224.671   8873.783    10.9547   3.428613     1.1905     0.0061     0.1392     0.0085     1.1905     1.2046     18.906    30.3226    23.1436    1.27960    1.82867     55.854    6.37338    9.10820  0.000e+00
        195     19.066     27.652   3224.671   8873.782    10.9547   3.428613     1.1905     0.0061     0.1404     0.0085     1.1905     1.2253     18.906    30.3226    23.1436    1.27960    1.82867     55.854    6.37338    9.10820  0.000e+00
        196     19.021     27.587   3224.671   8873.782    10.9547   3.428612     1.1905     0.0073     0.1392     0.0085     1.1905     1.2046     18.862    30.3226    23.1436    1.27959    1.82866     55.854    6.37338    9.10820  0.000e+00
        197     19.021     27.587   3224.608   8873.781    10.9538   3.428612     1.1905     0.0061     0.1404     0.0085     1.1905     1.2253     18.862    30.3234    23.1444    1.27961    1.82868     55.854    6.37348    9.10834  0.000e+00
