unitTesting/processed_seabird_noalign/ORCA1_CAST0001.cnv
* Sea-Bird SBE 19 Data File:
* FileName =
* Software Version 4.234
* Temperature SN = 2835
* Conductivity SN = 2835
* System UpLoad Time = Wed Jan 19 10:57:11 2005

** Ship: ORCA
** Cruise: Mooring
** Station: Twanoh
** Latitude: 47 22.5
** Longitude: 123 0.5
# nquan = 22
# nvalues = 917                                   
# units = specified
# name 0 = scan: Scan Count
# name 1 = prSM: Pressure, Strain Gauge [db]
# name 2 = prSE: Pressure, Strain Gauge [psi]
# name 3 = f0: Frequency 0
# name 4 = f1: Frequency 1
# name 5 = t090C: Temperature [ITS-90, deg C]
# name 6 = c0S/m: Conductivity [S/m]
# name 7 = v0: Voltage 0
# name 8 = v1: Voltage 1
# name 9 = v2: Voltage 2
# name 10 = v3: Voltage 3
# name 11 = sbeox0V: Oxygen raw, SBE 43 [V]
# name 12 = wetStar: Fluorescence, WET Labs WETstar [mg/m^3]
# name 13 = depSM: Depth [salt water, m], lat = 47.28
# name 14 = sal00: Salinity, Practical [PSU]
# name 15 = sigma-t00: Density [sigma-t, Kg/m^3 ]
# name 16 = sbeox0ML/L: Oxygen, SBE 43 [ml/l]
# name 17 = sbeox0Mg/L: Oxygen, SBE 43 [mg/l]
# name 18 = sbeox0Mm/Kg: Oxygen, SBE 43 [umol/Kg]
# name 19 = oxsatML/L: Oxygen Saturation, Weiss [ml/l]
# name 20 = oxsatMg/L: Oxygen Saturation, Weiss [mg/l]
# name 21 = flag:  0.000e+00
# span 0 =          1,        917                 
# span 1 =      0.906,     29.716                 
# span 2 =      1.315,     43.100                 
# span 3 =   2992.137,   3235.140                 
# span 4 =   7370.708,   8922.056                 
# span 5 =     7.4867,    11.1066                 
# span 6 =   2.235559,   3.470640                 
# span 7 =     0.0000,     3.0159                 
# span 8 =     0.0000,     0.0073                 
# span 9 =     0.0000,     0.7143                 
# span 10 =     0.0000,     0.0098                
# span 11 =     0.0000,     3.0159                
# span 12 =    -1.1506,    10.9352                
# span 13 =      0.899,     29.467                
# span 14 =    20.6034,    30.6355                
# span 15 =    16.0002,    23.3672                
# span 16 =   -1.39571,    6.08532                
# span 17 =   -1.99461,    8.69654                
# span 18 =    -60.929,    267.142                
# span 19 =    6.34500,    7.26323                
# span 20 =    9.06764,   10.37988                
# span 21 = 0.0000e+00, 0.0000e+00                
# interval = seconds: 0.5
# start_time = Jan 31 2016 20:26:58 [DatCnv date, localtime]
# bad_flag = -9.990e-29
*END*
[from data line 725]
        726     26.046     37.777   3233.051   8907.050    11.0764   3.457550     1.3541     0.0073     0.1319     0.0073     1.3541     1.0806     25.828    30.5027    23.2627    1.64316    2.34823     71.715    6.34930    9.07378  0.000e+00
        727     26.180     37.972   3233.030   8906.927    11.0761   3.457444     1.3578     0.0073     0.1306     0.0085     1.3578     1.0600     25.961    30.5019    23.2621    1.65142    2.36005     72.076    6.34938    9.07389  0.000e+00
        728     26.315     38.166   3232.904   8906.369    11.0742   3.456957     1.3602     0.0073     0.1306     0.0085     1.3602     1.0600     26.094    30.4986    23.2599    1.65702    2.36805     72.321    6.34976    9.07444  0.000e+00
        729     26.449     38.361   3233.094   8907.115    11.0770   3.457607     1.3614     0.0073     0.1282     0.0085     1.3614     1.0187     26.227    30.5026    23.2625    1.65966    2.37182     72.435    6.34922    9.07367  0.000e+00
        730     26.539     38.491   3233.221   8906.743    11.0788   3.457283     1.3626     0.0073     0.1294     0.0085     1.3626     1.0393     26.316    30.4979    23.2585    1.66240    2.37574     72.555    6.34915    9.07358  0.000e+00
        731     26.628     38.621   3233.032   8906.744    11.0761   3.457284     1.3639     0.0073     0.1282     0.0085     1.3639     1.0187     26.405    30.5001    23.2607    1.66523    2.37978     72.679    6.34944    9.07399  0.000e+00
        732     26.718     38.751   3233.221   8906.745    11.0788   3.457285     1.3639     0.0073     0.1282     0.0085     1.3639     1.0187     26.493    30.4978    23.2585    1.66518    2.37971     72.677    6.34916    9.07358  0.000e+00
        733     26.807     38.880   3233.095   8907.677    11.0770   3.458097     1.3663     0.0061     0.1294     0.0085     1.3663     1.0393     26.582    30.5072    23.2661    1.67064    2.38752     72.915    6.34903    9.07340  0.000e+00
        734     26.897     39.010   3232.969   8906.933    11.0752   3.457449     1.3675     0.0073     0.1270     0.0085     1.3675     0.9980     26.671    30.5024    23.2626    1.67352    2.39162     73.040    6.34948    9.07404  0.000e+00
        735     27.031     39.205   3233.096   8907.678    11.0770   3.458098     1.3687     0.0073     0.1294     0.0085     1.3687     1.0393     26.804    30.5071    23.2660    1.67617    2.39542     73.156    6.34903    9.07340  0.000e+00
        736     27.120     39.335   3233.096   8907.121    11.0770   3.457612     1.3687     0.0073     0.1294     0.0098     1.3687     1.0393     26.893    30.5024    23.2623    1.67624    2.39552     73.159    6.34922    9.07368  0.000e+00
        737     27.210     39.465   3232.970   8907.494    11.0752   3.457938     1.3687     0.0073     0.1282     0.0085     1.3687     1.0187     26.982    30.5070    23.2663    1.67628    2.39557     73.160    6.34929    9.07377  0.000e+00
        738     27.299     39.594   3233.097   8907.495    11.0770   3.457938     1.3687     0.0061     0.1270     0.0085     1.3687     0.9980     27.070    30.5055    23.2647    1.67625    2.39553     73.159    6.34910    9.07350  0.000e+00
        739     27.434     39.789   3232.971   8908.612    11.0752   3.458913     1.3700     0.0073     0.1282     0.0085     1.3700     1.0187     27.203    30.5165    23.2736    1.67897    2.39941     73.277    6.34891    9.07323  0.000e+00
        740     27.523     39.919   3233.034   8908.055    11.0761   3.458427     1.3700     0.0073     0.1282     0.0085     1.3700     1.0187     27.292    30.5109    23.2691    1.67902    2.39948     73.280    6.34901    9.07337  0.000e+00
        741     27.613     40.049   3233.034   8908.242    11.0761   3.458590     1.3724     0.0073     0.1282     0.0085     1.3724     1.0187     27.381    30.5125    23.2703    1.68450    2.40731     73.519    6.34894    9.07328  0.000e+00
        742     27.747     40.244   3232.845   8907.870    11.0734   3.458266     1.3724     0.0073     0.1306     0.0085     1.3724     1.0600     27.514    30.5115    23.2701    1.68463    2.40751     73.525    6.34936    9.07387  0.000e+00
        743     27.792     40.308   3232.972   8908.429    11.0752   3.458753     1.3736     0.0061     0.1282     0.0085     1.3736     1.0187     27.558    30.5147    23.2723    1.68728    2.41130     73.640    6.34898    9.07332  0.000e+00
        744     27.926     40.503   3232.782   8908.989    11.0725   3.459241     1.3736     0.0061     0.1282     0.0085     1.3736     1.0187     27.692    30.5217    23.2782    1.68733    2.41137     73.642    6.34908    9.07347  0.000e+00
        745     28.015     40.633   3232.783   8908.431    11.0725   3.458755     1.3736     0.0073     0.1294     0.0085     1.3736     1.0393     27.780    30.5169    23.2744    1.68741    2.41147     73.645    6.34927    9.07374  0.000e+00
        746     28.150     40.828   3232.783   8909.176    11.0725   3.459405     1.3736     0.0073     0.1282     0.0085     1.3736     1.0187     27.913    30.5232    23.2793    1.68737    2.41142     73.643    6.34902    9.07338  0.000e+00
        747     28.239     40.958   3232.783   8908.433    11.0725   3.458756     1.3748     0.0073     0.1282     0.0098     1.3748     1.0187     28.002    30.5169    23.2744    1.69020    2.41546     73.767    6.34927    9.07374  0.000e+00
        748     28.329     41.087   3232.720   8908.433    11.0716   3.458757     1.3748     0.0073     0.1270     0.0085     1.3748     0.9980     28.091    30.5176    23.2751    1.69024    2.41552     73.769    6.34937    9.07388  0.000e+00
        749     28.418     41.217   3232.784   8908.434    11.0725   3.458758     1.3736     0.0073     0.1270     0.0085     1.3736     0.9980     28.180    30.5168    23.2743    1.68750    2.41160     73.649    6.34927    9.07375  0.000e+00
        750     28.553     41.412   3232.531   8908.621    11.0688   3.458921     1.3736     0.0061     0.1270     0.0085     1.3736     0.9980     28.313    30.5214    23.2785    1.68761    2.41176     73.654    6.34960    9.07421  0.000e+00
        751     28.642     41.542   3232.531   8908.994    11.0688   3.459246     1.3761     0.0061     0.1282     0.0085     1.3761     1.0187     28.402    30.5245    23.2810    1.69307    2.41957     73.892    6.34947    9.07403  0.000e+00
        752     28.732     41.672   3232.595   8908.995    11.0697   3.459247     1.3761     0.0073     0.1294     0.0085     1.3761     1.0393     28.490    30.5237    23.2802    1.69307    2.41957     73.892    6.34937    9.07389  0.000e+00
        753     28.866     41.866   3232.722   8908.251    11.0716   3.458598     1.3773     0.0061     0.1294     0.0098     1.3773     1.0393     28.624    30.5158    23.2737    1.69586    2.42355     74.015    6.34944    9.07398  0.000e+00
        754     28.955     41.996   3232.659   8908.624    11.0707   3.458924     1.3773     0.0073     0.1306     0.0098     1.3773     1.0600     28.712    30.5197    23.2769    1.69587    2.42357     74.015    6.34941    9.07394  0.000e+00
        755     29.134     42.256   3232.659   8908.997    11.0707   3.459249     1.3748     0.0073     0.1294     0.0085     1.3748     1.0393     28.890    30.5228    23.2793    1.69040    2.41575     73.776    6.34928    9.07376  0.000e+00
        756     29.224     42.386   3232.280   8908.998    11.0652   3.459250     1.3748     0.0061     0.1282     0.0085     1.3748     1.0187     28.979    30.5274    23.2838    1.69056    2.41598     73.782    6.34986    9.07458  0.000e+00
        757     29.313     42.516   3232.154   8910.116    11.0633   3.460224     1.3761     0.0073     0.1282     0.0085     1.3761     1.0187     29.067    30.5384    23.2927    1.69327    2.41985     73.900    6.34967    9.07432  0.000e+00
        758     29.403     42.645   3232.028   8909.372    11.0615   3.459576     1.3748     0.0073     0.1282     0.0098     1.3748     1.0187     29.156    30.5335    23.2892    1.69066    2.41612     73.786    6.35012    9.07496  0.000e+00
        759     29.537     42.840   3232.344   8909.373    11.0661   3.459576     1.3748     0.0073     0.1282     0.0085     1.3748     1.0187     29.289    30.5297    23.2854    1.69058    2.41600     73.783    6.34964    9.07427  0.000e+00
        760     29.627     42.970   3232.281   8909.374    11.0652   3.459577     1.3748     0.0073     0.1282     0.0085     1.3748     1.0187     29.378    30.5304    23.2861    1.69062    2.41606     73.785    6.34974    9.07441  0.000e+00
        761     29.672     43.035   3232.155   8909.747    11.0634   3.459902     1.3748     0.0061     0.1282     0.0085     1.3748     1.0187     29.422    30.5351    23.2901    1.69064    2.41610     73.786    6.34980    9.07450  0.000e+00
        762     29.672     43.035   3232.155   8909.375    11.0634   3.459578     1.3736     0.0061     0.1270     0.0085     1.3736     0.9980     29.422    30.5319    23.2876    1.68794    2.41223     73.668    6.34993    9.07468  0.000e+00
        763     29.672     43.035   3232.345   8909.004    11.0661   3.459255     1.3736     0.0073     0.1282     0.0085     1.3736     1.0187     29.422    30.5264    23.2829    1.68790    2.41218     73.666    6.34977    9.07445  0.000e+00
        764     29.672     43.035   3232.219   8909.749    11.0643   3.459904     1.3736     0.0073     0.1282     0.0085     1.3736     1.0187     29.422    30.5343    23.2894    1.68788    2.41215     73.665    6.34970    9.07436  0.000e+00
        765     29.672     43.035   3232.219   8908.819    11.0643   3.459094     1.3748     0.0073     0.1294     0.0085     1.3748     1.0393     29.422    30.5264    23.2832    1.69070    2.41618     73.789    6.35002    9.07481  0.000e+00
        766     29.672     43.035   3232.346   8908.820    11.0661   3.459094     1.3736     0.0073     0.1282     0.0098     1.3736     1.0187     29.422    30.5249    23.2817    1.68792    2.41220     73.667    6.34983    9.07454  0.000e+00
        767     29.672     43.035   3231.904   8910.310    11.0597   3.460393     1.3736     0.0073     0.1294     0.0085     1.3736     1.0393     29.422    30.5429    23.2968    1.68794    2.41224     73.667    6.34999    9.07477  0.000e+00
        768     29.672     43.035   3231.967   8909.752    11.0606   3.459907     1.3724     0.0073     0.1282     0.0085     1.3724     1.0187     29.422    30.5374    23.2924    1.68523    2.40836     73.549    6.35009    9.07491  0.000e+00
        769     29.672     43.035   3232.283   8909.753    11.0652   3.459908     1.3712     0.0061     0.1270     0.0085     1.3712     0.9980     29.422    30.5336    23.2886    1.68237    2.40428     73.425    6.34960    9.07422  0.000e+00
        770     29.672     43.035   3232.157   8909.754    11.0634   3.459909     1.3712     0.0073     0.1282     0.0085     1.3712     1.0187     29.422    30.5351    23.2901    1.68242    2.40435     73.427    6.34980    9.07449  0.000e+00
        771     29.672     43.035   3232.347   8909.010    11.0661   3.459260     1.3700     0.0073     0.1294     0.0085     1.3700     1.0393     29.422    30.5265    23.2829    1.67968    2.40043     73.308    6.34976    9.07444  0.000e+00
        772     29.672     43.035   3232.600   8908.825    11.0698   3.459098     1.3687     0.0073     0.1282     0.0085     1.3687     1.0187     29.422    30.5218    23.2787    1.67686    2.39640     73.185    6.34944    9.07398  0.000e+00
        773     29.672     43.035   3232.285   8909.942    11.0652   3.460073     1.3663     0.0073     0.1306     0.0085     1.3663     1.0600     29.422    30.5352    23.2899    1.67140    2.38859     72.946    6.34954    9.07412  0.000e+00
        774     29.672     43.035   3232.032   8908.268    11.0616   3.458613     1.3663     0.0073     0.1294     0.0085     1.3663     1.0393     29.422    30.5239    23.2817    1.67164    2.38894     72.957    6.35049    9.07549  0.000e+00
        775     29.672     43.035   3232.348   8909.199    11.0662   3.459425     1.3651     0.0073     0.1294     0.0085     1.3651     1.0393     29.422    30.5281    23.2842    1.66870    2.38474     72.828    6.34969    9.07435  0.000e+00
        776     29.672     43.035   3232.096   8908.642    11.0625   3.458939     1.3651     0.0073     0.1282     0.0085     1.3651     1.0187     29.422    30.5263    23.2835    1.66884    2.38494     72.835    6.35027    9.07517  0.000e+00
        777     29.716     43.100   3232.475   8909.201    11.0680   3.459426     1.3651     0.0073     0.1282     0.0085     1.3651     1.0187     29.467    30.5265    23.2827    1.66866    2.38469     72.827    6.34950    9.07407  0.000e+00
        778     29.672     43.035   3232.160   8909.202    11.0634   3.459427     1.3651     0.0073     0.1306     0.0098     1.3651     1.0600     29.422    30.5304    23.2864    1.66877    2.38484     72.831    6.34998    9.07476  0.000e+00
        779     29.672     43.035   3232.097   8910.506    11.0625   3.460564     1.3639     0.0073     0.1294     0.0085     1.3639     1.0393     29.422    30.5422    23.2958    1.66593    2.38079     72.707    6.34963    9.07426  0.000e+00
        780     29.672     43.035   3232.097   8910.506    11.0625   3.460564     1.3639     0.0073     0.1294     0.0085     1.3639     1.0393     29.422    30.5423    23.2958    1.66593    2.38079     72.707    6.34963    9.07426  0.000e+00
        781     29.672     43.035   3232.350   8909.576    11.0662   3.459754     1.3626     0.0073     0.1294     0.0085     1.3626     1.0393     29.422    30.5313    23.2867    1.66319    2.37686     72.588    6.34956    9.07416  0.000e+00
        782     29.672     43.035   3231.971   8910.136    11.0607   3.460241     1.3639     0.0073     0.1294     0.0085     1.3639     1.0393     29.422    30.5406    23.2949    1.66601    2.38090     72.710    6.34995    9.07471  0.000e+00
        783     29.672     43.035   3231.782   8909.578    11.0579   3.459755     1.3639     0.0073     0.1294     0.0085     1.3639     1.0393     29.422    30.5381    23.2934    1.66613    2.38107     72.716    6.35043    9.07540  0.000e+00
        784     29.672     43.035   3232.035   8909.765    11.0616   3.459918     1.3626     0.0073     0.1282     0.0085     1.3626     1.0187     29.422    30.5367    23.2916    1.66328    2.37700     72.591    6.34998    9.07475  0.000e+00
        785     29.672     43.035   3231.909   8909.021    11.0598   3.459270     1.3639     0.0073     0.1282     0.0098     1.3639     1.0187     29.422    30.5318    23.2882    1.66614    2.38108     72.716    6.35042    9.07539  0.000e+00
        786     29.672     43.035   3232.351   8909.022    11.0662   3.459270     1.3626     0.0073     0.1294     0.0085     1.3626     1.0393     29.422    30.5265    23.2830    1.66323    2.37693     72.590    6.34975    9.07443  0.000e+00
        787     29.672     43.035   3232.415   8908.464    11.0671   3.458784     1.3626     0.0061     0.1294     0.0085     1.3626     1.0393     29.422    30.5210    23.2785    1.66326    2.37697     72.591    6.34984    9.07456  0.000e+00
        788     29.672     43.035   3232.226   8909.582    11.0644   3.459759     1.3639     0.0061     0.1294     0.0085     1.3639     1.0393     29.422    30.5328    23.2882    1.66597    2.38084     72.709    6.34975    9.07443  0.000e+00
        789     29.672     43.035   3232.352   8908.652    11.0662   3.458948     1.3639     0.0073     0.1294     0.0085     1.3639     1.0393     29.422    30.5234    23.2805    1.66601    2.38089     72.711    6.34987    9.07461  0.000e+00
        790     29.672     43.035   3232.416   8908.094    11.0671   3.458462     1.3651     0.0073     0.1294     0.0085     1.3651     1.0393     29.422    30.5178    23.2760    1.66877    2.38485     72.832    6.34997    9.07474  0.000e+00
