unitTesting/processed_seabird_noalign/ORCA1_CAST0006.cnv
* Sea-Bird SBE 19 Data File:
* FileName =
* Software Version 4.234
* Temperature SN = 2835
* Conductivity SN = 2835
* System UpLoad Time = Thu Jan 20 11:49:52 2005

** Ship: ORCA
** Cruise: Mooring
** Station: Twanoh
** Latitude: 47 22.5
** Longitude: 123 0.5
# nquan = 22
# nvalues = 902                                   
# units = specified
# name 0 = scan: Scan Count
# name 1 = prSM: Pressure, Strain Gauge [db]
# name 2 = prSE: Pressure, Strain Gauge [psi]
# name 3 = f0: Frequency 0
# name 4 = f1: Frequency 1
# name 5 = t090C: Temperature [ITS-90, deg C]
# name 6 = c0S/m: Conductivity [S/m]
# name 7 = v0: Voltage 0
# name 8 = v1: Voltage 1
# name 9 = v2: Voltage 2
# name 10 = v3: Voltage 3
# name 11 = sbeox0V: Oxygen raw, SBE 43 [V]
# name 12 = wetStar: Fluorescence, WET Labs WETstar [mg/m^3]
# name 13 = depSM: Depth [salt water, m], lat = 47.28
# name 14 = sal00: Salinity, Practical [PSU]
# name 15 = sigma-t00: Density [sigma-t, Kg/m^3 ]
# name 16 = sbeox0ML/L: Oxygen, SBE 43 [ml/l]
# name 17 = sbeox0Mg/L: Oxygen, SBE 43 [mg/l]
# name 18 = sbeox0Mm/Kg: Oxygen, SBE 43 [umol/Kg]
# name 19 = oxsatML/L: Oxygen Saturation, Weiss [ml/l]
# name 20 = oxsatMg/L: Oxygen Saturation, Weiss [mg/l]
# name 21 = flag:  0.000e+00
# span 0 =          1,        902                 
# span 1 =      0.951,     29.627                 
# span 2 =      1.380,     42.970                 
# span 3 =   3025.585,   3234.050                 
# span 4 =   7427.609,   8912.958                 
# span 5 =     7.9970,    11.0908                 
# span 6 =   2.276652,   3.462702                 
# span 7 =     0.0000,     3.0928                 
# span 8 =     0.0000,     0.0073                 
# span 9 =     0.0000,     0.6398                 
# span 10 =     0.0000,     0.0098                
# span 11 =     0.0000,     3.0928                
# span 12 =    -1.1506,     9.6749                
# span 13 =      0.943,     29.378                
# span 14 =    20.9658,    30.5642                
# span 15 =    16.2729,    23.3131                
# span 16 =   -1.39433,    6.17667                
# span 17 =   -1.99264,    8.82708                
# span 18 =    -60.863,    271.345                
# span 19 =    6.34892,    7.22945                
# span 20 =    9.07324,   10.33161                
# span 21 = 0.0000e+00, 0.0000e+00                
# interval = seconds: 0.5
# start_time = Jan 31 2016 20:27:03 [DatCnv date, localtime]
# bad_flag = -9.990e-29
*END*
          1     18.976     27.522   3232.604   8895.682    11.0699   3.447648     0.0000     0.0000     0.0000     0.0000     0.0000    -1.1506     18.817    30.4140    23.1949   -1.39362   -1.99162    -60.828    6.35375    9.08014  0.000e+00
          2     18.976     27.522   3232.604   8895.682    11.0699   3.447648     0.0000     0.0000     0.0000     0.0000     0.0000    -1.1506     18.817    30.4140    23.1949   -1.39362   -1.99162    -60.828    6.35375    9.08014  0.000e+00
          3     18.976     27.522   3232.668   8895.496    11.0708   3.447486     0.0000     0.0012     0.0000     0.0024     0.0000    -1.1506     18.817    30.4117    23.1929   -1.39361   -1.99161    -60.828    6.35371    9.08009  0.000e+00
          4     18.976     27.522   3232.668   8895.496    11.0708   3.447486     0.0000     0.0012     0.0000     0.0012     0.0000    -1.1506     18.817    30.4117    23.1929   -1.39361   -1.99161    -60.828    6.35371    9.08009  0.000e+00
          5     18.976     27.522   3232.541   8895.558    11.0690   3.447540     0.0000     0.0000     0.0000     0.0012     0.0000    -1.1506     18.817    30.4137    23.1948   -1.39365   -1.99166    -60.829    6.35389    9.08034  0.000e+00
          6     19.021     27.587   3232.415   8895.618    11.0671   3.447592     0.0000     0.0000     0.0000     0.0000     0.0000    -1.1506     18.862    30.4157    23.1967   -1.39369   -1.99172    -60.831    6.35406    9.08059  0.000e+00
          7     19.021     27.587   3232.288   8895.676    11.0653   3.447643     0.0024     0.0024     0.0012     0.0012     0.0024    -1.1299     18.862    30.4177    23.1986   -1.38825   -1.98395    -60.594    6.35423    9.08083  0.000e+00
          8     18.976     27.522   3232.604   8895.673    11.0699   3.447640     0.0012     0.0012     0.0012     0.0012     0.0012    -1.1299     18.817    30.4139    23.1948   -1.39088   -1.98771    -60.709    6.35375    9.08014  0.000e+00
          9     18.976     27.522   3232.667   8895.670    11.0708   3.447637     0.0000     0.0000     0.0000     0.0012     0.0000    -1.1506     18.817    30.4131    23.1940   -1.39360   -1.99160    -60.827    6.35365    9.08001  0.000e+00
         10     18.976     27.522   3232.667   8895.667    11.0708   3.447635     0.0000     0.0012     0.0000     0.0012     0.0000    -1.1506     18.817    30.4131    23.1940   -1.39360   -1.99160    -60.827    6.35366    9.08001  0.000e+00
         11     18.976     27.522   3232.604   8895.477    11.0699   3.447470     0.0000     0.0000     0.0000     0.0024     0.0000    -1.1506     18.817    30.4123    23.1935   -1.39364   -1.99164    -60.829    6.35382    9.08024  0.000e+00
         12     18.976     27.522   3232.604   8895.474    11.0699   3.447467     0.0000     0.0012     0.0000     0.0012     0.0000    -1.1506     18.817    30.4122    23.1935   -1.39364   -1.99164    -60.829    6.35382    9.08024  0.000e+00
         13     18.976     27.522   3232.604   8895.471    11.0699   3.447464     0.0000     0.0000     0.0000     0.0000     0.0000    -1.1506     18.817    30.4122    23.1935   -1.39364   -1.99165    -60.829    6.35382    9.08024  0.000e+00
         14     18.976     27.522   3232.667   8895.655    11.0708   3.447624     0.0000     0.0000     0.0000     0.0000     0.0000    -1.1506     18.817    30.4130    23.1939   -1.39360   -1.99160    -60.827    6.35366    9.08002  0.000e+00
         15     18.976     27.522   3232.667   8895.652    11.0708   3.447621     0.0000     0.0000     0.0000     0.0000     0.0000    -1.1506     18.817    30.4130    23.1939   -1.39360   -1.99160    -60.827    6.35366    9.08002  0.000e+00
         16     18.976     27.522   3232.603   8895.462    11.0699   3.447456     0.0000     0.0000     0.0000     0.0024     0.0000    -1.1506     18.817    30.4121    23.1934   -1.39364   -1.99165    -60.829    6.35382    9.08025  0.000e+00
         17     18.976     27.522   3232.666   8895.645    11.0708   3.447616     0.0000     0.0012     0.0000     0.0012     0.0000    -1.1506     18.817    30.4129    23.1939   -1.39360   -1.99160    -60.827    6.35366    9.08002  0.000e+00
         18     18.976     27.522   3232.666   8895.456    11.0708   3.447451     0.0000     0.0000     0.0000     0.0000     0.0000    -1.1506     18.817    30.4113    23.1926   -1.39362   -1.99162    -60.828    6.35373    9.08011  0.000e+00
         19     18.976     27.522   3232.603   8895.453    11.0699   3.447448     0.0000     0.0000     0.0000     0.0012     0.0000    -1.1506     18.817    30.4121    23.1934   -1.39364   -1.99165    -60.829    6.35383    9.08025  0.000e+00
         20     18.976     27.522   3232.666   8895.636    11.0708   3.447608     0.0000     0.0000     0.0000     0.0000     0.0000    -1.1506     18.817    30.4129    23.1938   -1.39360   -1.99160    -60.828    6.35367    9.08003  0.000e+00
         21     18.976     27.522   3232.666   8895.633    11.0708   3.447605     0.0000     0.0000     0.0000     0.0012     0.0000    -1.1506     18.817    30.4128    23.1938   -1.39360   -1.99160    -60.828    6.35367    9.08003  0.000e+00
         22     18.976     27.522   3232.603   8895.630    11.0699   3.447603     0.0000     0.0012     0.0000     0.0024     0.0000    -1.1506     18.817    30.4136    23.1945   -1.39362   -1.99163    -60.828    6.35377    9.08017  0.000e+00
         23     18.976     27.522   3232.666   8895.441    11.0708   3.447438     0.0000     0.0012     0.0000     0.0024     0.0000    -1.1506     18.817    30.4112    23.1925   -1.39362   -1.99162    -60.828    6.35374    9.08012  0.000e+00
         24     18.976     27.522   3232.729   8895.624    11.0717   3.447597     0.0000     0.0000     0.0000     0.0012     0.0000    -1.1506     18.817    30.4120    23.1930   -1.39359   -1.99157    -60.827    6.35358    9.07990  0.000e+00
         25     18.976     27.522   3232.602   8895.435    11.0698   3.447432     0.0000     0.0000     0.0000     0.0000     0.0000    -1.1506     18.817    30.4119    23.1933   -1.39364   -1.99165    -60.829    6.35383    9.08026  0.000e+00
         26     18.976     27.522   3232.602   8895.618    11.0698   3.447592     0.0000     0.0000     0.0000     0.0012     0.0000    -1.1506     18.817    30.4135    23.1945   -1.39363   -1.99163    -60.828    6.35377    9.08018  0.000e+00
         27     18.976     27.522   3232.602   8895.615    11.0698   3.447589     0.0000     0.0000     0.0000     0.0000     0.0000    -1.1506     18.817    30.4134    23.1944   -1.39363   -1.99163    -60.828    6.35377    9.08018  0.000e+00
         28     18.976     27.522   3232.729   8895.612    11.0717   3.447587     0.0000     0.0000     0.0000     0.0012     0.0000    -1.1506     18.817    30.4119    23.1929   -1.39359   -1.99158    -60.827    6.35358    9.07990  0.000e+00
         29     18.976     27.522   3232.665   8895.609    11.0708   3.447584     0.0000     0.0000     0.0000     0.0024     0.0000    -1.1506     18.817    30.4126    23.1937   -1.39361   -1.99160    -60.828    6.35368    9.08004  0.000e+00
         30     18.976     27.522   3232.602   8895.606    11.0698   3.447581     0.0000     0.0012     0.0000     0.0012     0.0000    -1.1506     18.817    30.4134    23.1944   -1.39363   -1.99163    -60.828    6.35378    9.08018  0.000e+00
         31     18.976     27.522   3232.602   8895.603    11.0698   3.447579     0.0000     0.0000     0.0000     0.0012     0.0000    -1.1506     18.817    30.4134    23.1944   -1.39363   -1.99163    -60.828    6.35378    9.08018  0.000e+00
         32     18.976     27.522   3232.665   8895.600    11.0708   3.447576     0.0000     0.0012     0.0000     0.0012     0.0000    -1.1506     18.817    30.4126    23.1936   -1.39361   -1.99160    -60.828    6.35368    9.08005  0.000e+00
         33     18.976     27.522   3232.665   8895.783    11.0708   3.447736     0.0000     0.0012     0.0000     0.0012     0.0000    -1.1506     18.817    30.4141    23.1948   -1.39359   -1.99159    -60.827    6.35362    9.07996  0.000e+00
         34     18.976     27.522   3232.602   8895.593    11.0698   3.447571     0.0000     0.0012     0.0000     0.0012     0.0000    -1.1506     18.817    30.4133    23.1943   -1.39363   -1.99163    -60.829    6.35378    9.08019  0.000e+00
         35     18.976     27.522   3232.601   8895.590    11.0698   3.447568     0.0000     0.0012     0.0000     0.0012     0.0000    -1.1506     18.817    30.4133    23.1943   -1.39363   -1.99163    -60.829    6.35378    9.08019  0.000e+00
         36     18.976     27.522   3232.728   8895.774    11.0717   3.447728     0.0000     0.0012     0.0000     0.0012     0.0000    -1.1506     18.817    30.4133    23.1940   -1.39358   -1.99156    -60.826    6.35353    9.07983  0.000e+00
         37     18.976     27.522   3232.601   8895.771    11.0698   3.447725     0.0000     0.0012     0.0000     0.0012     0.0000    -1.1506     18.817    30.4148    23.1955   -1.39361   -1.99161    -60.828    6.35372    9.08010  0.000e+00
         38     18.976     27.522   3232.664   8895.581    11.0707   3.447560     0.0000     0.0012     0.0000     0.0012     0.0000    -1.1506     18.817    30.4124    23.1935   -1.39361   -1.99161    -60.828    6.35369    9.08006  0.000e+00
         39     18.976     27.522   3232.664   8895.765    11.0707   3.447720     0.0000     0.0012     0.0000     0.0012     0.0000    -1.1506     18.817    30.4140    23.1947   -1.39360   -1.99159    -60.827    6.35363    9.07997  0.000e+00
         40     18.976     27.522   3232.601   8895.762    11.0698   3.447717     0.0000     0.0000     0.0000     0.0012     0.0000    -1.1506     18.817    30.4147    23.1954   -1.39362   -1.99162    -60.828    6.35372    9.08011  0.000e+00
         41     18.976     27.522   3232.664   8895.759    11.0707   3.447714     0.0000     0.0012     0.0000     0.0012     0.0000    -1.1506     18.817    30.4139    23.1947   -1.39360   -1.99159    -60.827    6.35363    9.07997  0.000e+00
         42     18.976     27.522   3232.664   8895.755    11.0707   3.447712     0.0000     0.0012     0.0000     0.0012     0.0000    -1.1506     18.817    30.4139    23.1947   -1.39360   -1.99159    -60.827    6.35363    9.07997  0.000e+00
         43     18.976     27.522   3232.664   8895.752    11.0707   3.447709     0.0000     0.0012     0.0000     0.0012     0.0000    -1.1506     18.817    30.4139    23.1946   -1.39360   -1.99159    -60.827    6.35363    9.07998  0.000e+00
         44     18.976     27.522   3232.600   8895.749    11.0698   3.447706     0.0000     0.0012     0.0000     0.0012     0.0000    -1.1506     18.817    30.4146    23.1954   -1.39362   -1.99162    -60.828    6.35373    9.08012  0.000e+00
         45     18.976     27.522   3232.664   8895.746    11.0707   3.447704     0.0000     0.0012     0.0000     0.0012     0.0000    -1.1506     18.817    30.4138    23.1946   -1.39360   -1.99159    -60.827    6.35363    9.07998  0.000e+00
         46     18.976     27.522   3232.600   8895.930    11.0698   3.447863     0.0000     0.0012     0.0000     0.0012     0.0000    -1.1506     18.817    30.4162    23.1966   -1.39360   -1.99160    -60.827    6.35367    9.08003  0.000e+00
         47     18.976     27.522   3232.663   8895.740    11.0707   3.447698     0.0000     0.0012     0.0000     0.0012     0.0000    -1.1506     18.817    30.4138    23.1946   -1.39360   -1.99159    -60.827    6.35364    9.07998  0.000e+00
         48     18.976     27.522   3232.600   8895.737    11.0698   3.447696     0.0000     0.0000     0.0000     0.0024     0.0000    -1.1506     18.817    30.4145    23.1953   -1.39362   -1.99162    -60.828    6.35373    9.08012  0.000e+00
         49     18.976     27.522   3232.600   8895.734    11.0698   3.447693     0.0000     0.0000     0.0000     0.0012     0.0000    -1.1506     18.817    30.4145    23.1953   -1.39362   -1.99162    -60.828    6.35374    9.08012  0.000e+00
         50     18.976     27.522   3232.663   8895.917    11.0707   3.447853     0.0000     0.0012     0.0000     0.0012     0.0000    -1.1506     18.817    30.4153    23.1957   -1.39358   -1.99157    -60.827    6.35358    9.07990  0.000e+00
         51     18.976     27.522   3232.600   8895.914    11.0698   3.447850     0.0000     0.0012     0.0000     0.0012     0.0000    -1.1506     18.817    30.4160    23.1965   -1.39360   -1.99160    -60.827    6.35367    9.08004  0.000e+00
         52     18.976     27.522   3232.600   8895.911    11.0698   3.447847     0.0000     0.0000     0.0000     0.0000     0.0000    -1.1506     18.817    30.4160    23.1964   -1.39360   -1.99160    -60.827    6.35368    9.08004  0.000e+00
         53     18.976     27.522   3232.663   8895.908    11.0707   3.447845     0.0000     0.0000     0.0000     0.0000     0.0000    -1.1506     18.817    30.4152    23.1957   -1.39359   -1.99157    -60.827    6.35358    9.07990  0.000e+00
         54     18.976     27.522   3232.663   8895.905    11.0707   3.447842     0.0000     0.0000     0.0000     0.0000     0.0000    -1.1506     18.817    30.4152    23.1957   -1.39359   -1.99157    -60.827    6.35358    9.07990  0.000e+00
         55     18.976     27.522   3232.599   8895.902    11.0698   3.447839     0.0000     0.0000     0.0000     0.0012     0.0000    -1.1506     18.817    30.4159    23.1964   -1.39361   -1.99160    -60.827    6.35368    9.08004  0.000e+00
         56     18.976     27.522   3232.662   8895.899    11.0707   3.447837     0.0000     0.0000     0.0000     0.0000     0.0000    -1.1506     18.817    30.4151    23.1956   -1.39359   -1.99157    -60.827    6.35358    9.07991  0.000e+00
         57     18.976     27.522   3232.662   8895.896    11.0707   3.447834     0.0000     0.0000     0.0000     0.0012     0.0000    -1.1506     18.817    30.4151    23.1956   -1.39359   -1.99157    -60.827    6.35359    9.07991  0.000e+00
         58     18.976     27.522   3232.599   8895.707    11.0698   3.447669     0.0000     0.0000     0.0000     0.0000     0.0000    -1.1506     18.817    30.4143    23.1951   -1.39362   -1.99162    -60.828    6.35375    9.08014  0.000e+00
         59     18.931     27.458   3232.662   8895.890    11.0707   3.447829     0.0000     0.0000     0.0000     0.0000     0.0000    -1.1506     18.773    30.4151    23.1956   -1.39358   -1.99156    -60.826    6.35359    9.07991  0.000e+00
         60     18.976     27.522   3232.662   8895.887    11.0707   3.447826     0.0000     0.0012     0.0000     0.0012     0.0000    -1.1506     18.817    30.4150    23.1955   -1.39359   -1.99158    -60.827    6.35359    9.07991  0.000e+00
         61     18.976     27.522   3232.599   8896.070    11.0698   3.447986     0.0000     0.0000     0.0000     0.0012     0.0000    -1.1506     18.817    30.4174    23.1975   -1.39359   -1.99158    -60.827    6.35362    9.07996  0.000e+00
         62     18.976     27.522   3232.599   8895.881    11.0698   3.447821     0.0000     0.0000     0.0000     0.0000     0.0000    -1.1506     18.817    30.4158    23.1963   -1.39361   -1.99160    -60.827    6.35369    9.08005  0.000e+00
         63     18.976     27.522   3232.662   8895.878    11.0707   3.447818     0.0000     0.0000     0.0000     0.0012     0.0000    -1.1506     18.817    30.4150    23.1955   -1.39359   -1.99158    -60.827    6.35359    9.07992  0.000e+00
         64     18.976     27.522   3232.662   8895.875    11.0707   3.447815     0.0000     0.0000     0.0000     0.0000     0.0000    -1.1506     18.817    30.4149    23.1955   -1.39359   -1.99158    -60.827    6.35359    9.07992  0.000e+00
         65     18.976     27.522   3232.662   8896.058    11.0707   3.447975     0.0000     0.0000     0.0000     0.0012     0.0000    -1.1506     18.817    30.4165    23.1967   -1.39357   -1.99156    -60.826    6.35353    9.07983  0.000e+00
