unitTesting/processed_seabird_noalign/ORCA1_CAST0045.cnv
* Sea-Bird SBE 19 Data File:
* FileName =
* Software Version 4.234
* Temperature SN = 2835
* Conductivity SN = 2835
* System UpLoad Time = Sun Jan 30 06:10:47 2005

** Ship: ORCA
** Cruise: Mooring
** Station: Twanoh
** Latitude: 47 22.5
** Longitude: 123 0.5
# nquan = 22
# nvalues = 927                                   
# units = specified
# name 0 = scan: Scan Count
# name 1 = prSM: Pressure, Strain Gauge [db]
# name 2 = prSE: Pressure, Strain Gauge [psi]
# name 3 = f0: Frequency 0
# name 4 = f1: Frequency 1
# name 5 = t090C: Temperature [ITS-90, deg C]
# name 6 = c0S/m: Conductivity [S/m]
# name 7 = v0: Voltage 0
# name 8 = v1: Voltage 1
# name 9 = v2: Voltage 2
# name 10 = v3: Voltage 3
# name 11 = sbeox0V: Oxygen raw, SBE 43 [V]
# name 12 = wetStar: Fluorescence, WET Labs WETstar [mg/m^3]
# name 13 = depSM: Depth [salt water, m], lat = 47.28
# name 14 = sal00: Salinity, Practical [PSU]
# name 15 = sigma-t00: Density [sigma-t, Kg/m^3 ]
# name 16 = sbeox0ML/L: Oxygen, SBE 43 [ml/l]
# name 17 = sbeox0Mg/L: Oxygen, SBE 43 [mg/l]
# name 18 = sbeox0Mm/Kg: Oxygen, SBE 43 [umol/Kg]
# name 19 = oxsatML/L: Oxygen Saturation, Weiss [ml/l]
# name 20 = oxsatMg/L: Oxygen Saturation, Weiss [mg/l]
# name 21 = flag:  0.000e+00
# span 0 =          1,        927                 
# span 1 =      0.996,     29.582                 
# span 2 =      1.444,     42.905                 
# span 3 =   3090.006,   3232.702                 
# span 4 =   7436.394,   8899.794                 
# span 5 =     8.9688,    11.0713                 
# span 6 =   2.283018,   3.451231                 
# span 7 =     0.0000,     2.8498                 
# span 8 =     0.0000,     0.0073                 
# span 9 =     0.0000,     0.3162                 
# span 10 =     0.0000,     0.0098                
# span 11 =     0.0000,     2.8498                
# span 12 =    -1.1506,     4.2002                
# span 13 =      0.988,     29.334                
# span 14 =    20.4597,    30.4934                
# span 15 =    15.7598,    23.2667                
# span 16 =   -1.39808,    5.46309                
# span 17 =   -1.99799,    7.80730                
# span 18 =    -61.041,    240.135                
# span 19 =    6.35868,    7.09209                
# span 20 =    9.08718,   10.13530                
# span 21 = 0.0000e+00, 0.0000e+00                
# interval = seconds: 0.5
# start_time = Jan 31 2016 20:27:37 [DatCnv date, localtime]
# bad_flag = -9.990e-29
*END*
[from data line 725]
        726     25.106     36.414   3228.829   8889.654    11.0151   3.442406     1.1392     0.0073     0.1355     0.0085     1.1392     1.1426     24.896    30.4055    23.1977    1.16317    1.66229     50.769    6.36167    9.09146  0.000e+00
        727     25.241     36.608   3228.808   8889.716    11.0148   3.442460     1.1416     0.0073     0.1355     0.0073     1.1416     1.1426     25.029    30.4063    23.1983    1.16868    1.67016     51.010    6.36168    9.09148  0.000e+00
        728     25.285     36.673   3228.682   8889.717    11.0130   3.442460     1.1453     0.0073     0.1368     0.0098     1.1453     1.1633     25.073    30.4078    23.1998    1.17695    1.68198     51.371    6.36188    9.09176  0.000e+00
        729     25.375     36.803   3228.555   8889.530    11.0111   3.442298     1.1453     0.0061     0.1355     0.0085     1.1453     1.1426     25.162    30.4076    23.2000    1.17701    1.68207     51.373    6.36214    9.09213  0.000e+00
        730     25.464     36.933   3228.556   8889.903    11.0111   3.442623     1.1477     0.0073     0.1380     0.0085     1.1477     1.1839     25.251    30.4108    23.2025    1.18249    1.68990     51.612    6.36201    9.09195  0.000e+00
        731     25.599     37.128   3228.556   8889.903    11.0111   3.442623     1.1490     0.0073     0.1355     0.0085     1.1490     1.1426     25.384    30.4107    23.2024    1.18525    1.69385     51.733    6.36201    9.09195  0.000e+00
        732     25.688     37.258   3228.619   8889.717    11.0120   3.442461     1.1502     0.0061     0.1380     0.0085     1.1502     1.1839     25.473    30.4083    23.2004    1.18801    1.69778     51.853    6.36198    9.09191  0.000e+00
        733     25.778     37.387   3228.493   8889.904    11.0102   3.442623     1.1526     0.0073     0.1368     0.0085     1.1526     1.1633     25.561    30.4114    23.2031    1.19353    1.70568     52.094    6.36211    9.09209  0.000e+00
        734     25.867     37.517   3228.619   8890.090    11.0121   3.442786     1.1526     0.0061     0.1355     0.0085     1.1526     1.1426     25.650    30.4115    23.2028    1.19350    1.70563     52.093    6.36185    9.09173  0.000e+00
        735     25.957     37.647   3228.556   8889.904    11.0111   3.442623     1.1551     0.0073     0.1355     0.0085     1.1551     1.1426     25.739    30.4106    23.2023    1.19903    1.71354     52.334    6.36202    9.09196  0.000e+00
        736     26.046     37.777   3228.619   8889.904    11.0121   3.442624     1.1563     0.0073     0.1368     0.0085     1.1563     1.1633     25.828    30.4098    23.2016    1.20177    1.71746     52.454    6.36192    9.09182  0.000e+00
        737     26.180     37.972   3228.556   8889.904    11.0111   3.442624     1.1575     0.0073     0.1355     0.0085     1.1575     1.1426     25.961    30.4105    23.2023    1.20456    1.72143     52.576    6.36202    9.09196  0.000e+00
        738     26.360     38.231   3228.620   8889.904    11.0121   3.442624     1.1575     0.0061     0.1343     0.0085     1.1575     1.1220     26.138    30.4097    23.2015    1.20457    1.72145     52.576    6.36193    9.09183  0.000e+00
        739     26.404     38.296   3228.746   8890.091    11.0139   3.442786     1.1587     0.0073     0.1368     0.0085     1.1587     1.1633     26.183    30.4097    23.2012    1.20728    1.72532     52.694    6.36167    9.09146  0.000e+00
        740     26.539     38.491   3228.620   8889.904    11.0121   3.442624     1.1612     0.0073     0.1368     0.0085     1.1612     1.1633     26.316    30.4096    23.2014    1.21283    1.73326     52.937    6.36193    9.09183  0.000e+00
        741     26.583     38.556   3228.683   8889.904    11.0130   3.442624     1.1612     0.0073     0.1355     0.0085     1.1612     1.1426     26.360    30.4088    23.2006    1.21282    1.73324     52.936    6.36183    9.09169  0.000e+00
        742     26.718     38.751   3228.747   8890.091    11.0139   3.442786     1.1624     0.0073     0.1355     0.0085     1.1624     1.1426     26.493    30.4096    23.2011    1.21556    1.73716     53.056    6.36167    9.09147  0.000e+00
        743     26.807     38.880   3228.557   8890.091    11.0112   3.442787     1.1648     0.0073     0.1355     0.0085     1.1648     1.1426     26.582    30.4118    23.2033    1.22111    1.74509     53.298    6.36196    9.09188  0.000e+00
        744     26.897     39.010   3228.557   8890.091    11.0112   3.442787     1.1661     0.0073     0.1355     0.0085     1.1661     1.1426     26.671    30.4118    23.2033    1.22387    1.74904     53.419    6.36197    9.09188  0.000e+00
        745     26.986     39.140   3228.684   8889.905    11.0130   3.442625     1.1661     0.0073     0.1355     0.0085     1.1661     1.1426     26.760    30.4087    23.2005    1.22387    1.74903     53.418    6.36184    9.09170  0.000e+00
        746     27.076     39.270   3228.684   8890.465    11.0130   3.443111     1.1673     0.0061     0.1355     0.0085     1.1673     1.1426     26.848    30.4134    23.2042    1.22659    1.75292     53.537    6.36165    9.09143  0.000e+00
        747     27.165     39.400   3228.621   8890.278    11.0121   3.442949     1.1673     0.0073     0.1355     0.0085     1.1673     1.1426     26.937    30.4125    23.2037    1.22663    1.75298     53.539    6.36181    9.09166  0.000e+00
        748     27.299     39.594   3228.684   8890.465    11.0130   3.443112     1.1673     0.0061     0.1355     0.0085     1.1673     1.1426     27.070    30.4133    23.2041    1.22663    1.75297     53.539    6.36165    9.09143  0.000e+00
        749     27.389     39.724   3228.748   8890.465    11.0139   3.443112     1.1685     0.0073     0.1368     0.0085     1.1685     1.1633     27.159    30.4125    23.2033    1.22937    1.75689     53.658    6.36155    9.09130  0.000e+00
        750     27.478     39.854   3228.558   8890.652    11.0112   3.443274     1.1685     0.0061     0.1343     0.0085     1.1685     1.1220     27.248    30.4163    23.2068    1.22942    1.75697     53.661    6.36178    9.09162  0.000e+00
        751     27.568     39.984   3228.621   8890.465    11.0121   3.443112     1.1709     0.0073     0.1343     0.0085     1.1709     1.1220     27.337    30.4139    23.2048    1.23492    1.76482     53.901    6.36175    9.09158  0.000e+00
        752     27.657     40.114   3228.558   8890.465    11.0112   3.443112     1.1709     0.0061     0.1355     0.0085     1.1709     1.1426     27.425    30.4147    23.2055    1.23495    1.76487     53.902    6.36185    9.09172  0.000e+00
        753     27.747     40.244   3228.622   8890.465    11.0121   3.443112     1.1709     0.0073     0.1355     0.0085     1.1709     1.1426     27.514    30.4139    23.2047    1.23495    1.76487     53.902    6.36175    9.09158  0.000e+00
        754     27.836     40.373   3228.685   8890.652    11.0130   3.443275     1.1709     0.0061     0.1368     0.0085     1.1709     1.1633     27.603    30.4147    23.2052    1.23494    1.76485     53.901    6.36159    9.09135  0.000e+00
        755     27.926     40.503   3228.496   8890.465    11.0103   3.443113     1.1709     0.0073     0.1355     0.0085     1.1709     1.1426     27.692    30.4153    23.2062    1.23502    1.76496     53.905    6.36195    9.09186  0.000e+00
        756     28.015     40.633   3228.749   8890.466    11.0139   3.443113     1.1709     0.0061     0.1343     0.0085     1.1709     1.1220     27.780    30.4122    23.2031    1.23496    1.76488     53.903    6.36156    9.09131  0.000e+00
        757     28.150     40.828   3228.622   8890.652    11.0121   3.443275     1.1709     0.0061     0.1343     0.0085     1.1709     1.1220     27.913    30.4153    23.2058    1.23501    1.76495     53.904    6.36169    9.09150  0.000e+00
        758     28.239     40.958   3228.622   8890.652    11.0121   3.443275     1.1722     0.0073     0.1355     0.0085     1.1722     1.1426     28.002    30.4153    23.2058    1.23777    1.76889     54.025    6.36170    9.09150  0.000e+00
        759     28.329     41.087   3228.622   8890.466    11.0121   3.443113     1.1709     0.0073     0.1355     0.0085     1.1709     1.1426     28.091    30.4136    23.2045    1.23505    1.76501     53.906    6.36176    9.09159  0.000e+00
        760     28.463     41.282   3228.686   8890.653    11.0130   3.443275     1.1709     0.0073     0.1355     0.0085     1.1709     1.1426     28.224    30.4144    23.2050    1.23504    1.76500     53.906    6.36160    9.09137  0.000e+00
        761     28.508     41.347   3228.560   8890.653    11.0112   3.443276     1.1709     0.0061     0.1355     0.0085     1.1709     1.1426     28.269    30.4159    23.2065    1.23508    1.76506     53.908    6.36180    9.09164  0.000e+00
        762     28.597     41.477   3228.496   8890.466    11.0103   3.443113     1.1697     0.0073     0.1355     0.0085     1.1697     1.1426     28.357    30.4151    23.2060    1.23238    1.76120     53.790    6.36196    9.09187  0.000e+00
        763     28.687     41.607   3228.560   8890.653    11.0112   3.443276     1.1722     0.0073     0.1368     0.0085     1.1722     1.1633     28.446    30.4158    23.2064    1.23786    1.76902     54.029    6.36180    9.09165  0.000e+00
        764     28.821     41.802   3228.497   8890.466    11.0103   3.443114     1.1697     0.0073     0.1343     0.0085     1.1697     1.1220     28.579    30.4150    23.2059    1.23242    1.76125     53.792    6.36196    9.09188  0.000e+00
        765     28.911     41.931   3228.497   8890.466    11.0103   3.443114     1.1709     0.0073     0.1355     0.0085     1.1709     1.1426     28.668    30.4149    23.2059    1.23518    1.76520     53.912    6.36196    9.09188  0.000e+00
        766     29.045     42.126   3228.560   8890.653    11.0112   3.443276     1.1697     0.0073     0.1343     0.0085     1.1697     1.1220     28.801    30.4157    23.2063    1.23243    1.76127     53.792    6.36180    9.09165  0.000e+00
        767     29.179     42.321   3228.497   8890.467    11.0103   3.443114     1.1709     0.0073     0.1343     0.0085     1.1709     1.1220     28.934    30.4148    23.2058    1.23523    1.76526     53.914    6.36197    9.09188  0.000e+00
        768     29.269     42.451   3228.560   8890.653    11.0112   3.443276     1.1697     0.0061     0.1355     0.0085     1.1697     1.1426     29.023    30.4156    23.2062    1.23247    1.76132     53.794    6.36181    9.09166  0.000e+00
        769     29.358     42.581   3228.497   8890.467    11.0103   3.443114     1.1685     0.0061     0.1355     0.0085     1.1685     1.1426     29.112    30.4147    23.2057    1.22977    1.75746     53.676    6.36197    9.09189  0.000e+00
        770     29.493     42.775   3228.561   8890.654    11.0112   3.443277     1.1685     0.0073     0.1368     0.0085     1.1685     1.1633     29.245    30.4155    23.2062    1.22976    1.75745     53.675    6.36181    9.09166  0.000e+00
        771     29.537     42.840   3228.434   8890.840    11.0094   3.443439     1.1685     0.0061     0.1343     0.0085     1.1685     1.1220     29.289    30.4186    23.2089    1.22979    1.75749     53.677    6.36194    9.09185  0.000e+00
        772     29.582     42.905   3228.561   8890.654    11.0112   3.443277     1.1685     0.0073     0.1355     0.0098     1.1685     1.1426     29.334    30.4155    23.2061    1.22978    1.75747     53.676    6.36181    9.09166  0.000e+00
        773     29.537     42.840   3228.435   8890.654    11.0094   3.443277     1.1685     0.0061     0.1355     0.0085     1.1685     1.1426     29.289    30.4170    23.2076    1.22980    1.75751     53.677    6.36200    9.09194  0.000e+00
        774     29.537     42.840   3228.624   8890.467    11.0121   3.443115     1.1697     0.0073     0.1355     0.0085     1.1697     1.1426     29.289    30.4132    23.2042    1.23251    1.76138     53.796    6.36178    9.09161  0.000e+00
        775     29.582     42.905   3228.435   8890.654    11.0094   3.443277     1.1685     0.0061     0.1355     0.0085     1.1685     1.1426     29.334    30.4170    23.2076    1.22981    1.75752     53.678    6.36200    9.09194  0.000e+00
        776     29.582     42.905   3228.561   8890.841    11.0112   3.443439     1.1673     0.0061     0.1343     0.0085     1.1673     1.1220     29.334    30.4171    23.2074    1.22702    1.75353     53.556    6.36175    9.09157  0.000e+00
        777     29.582     42.905   3228.562   8890.654    11.0112   3.443277     1.1673     0.0073     0.1368     0.0085     1.1673     1.1633     29.334    30.4155    23.2061    1.22703    1.75355     53.556    6.36181    9.09166  0.000e+00
        778     29.582     42.905   3228.499   8890.654    11.0103   3.443277     1.1673     0.0073     0.1343     0.0085     1.1673     1.1220     29.334    30.4162    23.2069    1.22705    1.75357     53.557    6.36191    9.09180  0.000e+00
        779     29.582     42.905   3228.435   8890.654    11.0094   3.443278     1.1673     0.0073     0.1355     0.0085     1.1673     1.1426     29.334    30.4170    23.2076    1.22706    1.75360     53.558    6.36200    9.09194  0.000e+00
        780     29.582     42.905   3228.436   8890.655    11.0094   3.443278     1.1685     0.0073     0.1355     0.0085     1.1685     1.1426     29.334    30.4170    23.2076    1.22981    1.75752     53.678    6.36200    9.09194  0.000e+00
        781     29.582     42.905   3228.499   8890.841    11.0103   3.443440     1.1673     0.0073     0.1355     0.0085     1.1673     1.1426     29.334    30.4178    23.2081    1.22704    1.75356     53.556    6.36184    9.09171  0.000e+00
        782     29.582     42.905   3228.373   8890.841    11.0085   3.443440     1.1685     0.0073     0.1368     0.0085     1.1685     1.1633     29.334    30.4193    23.2096    1.22981    1.75753     53.678    6.36203    9.09198  0.000e+00
        783     29.582     42.905   3228.373   8890.841    11.0085   3.443440     1.1661     0.0073     0.1368     0.0085     1.1661     1.1633     29.334    30.4193    23.2096    1.22432    1.74968     53.438    6.36203    9.09198  0.000e+00
        784     29.582     42.905   3228.499   8890.841    11.0103   3.443440     1.1673     0.0073     0.1368     0.0085     1.1673     1.1633     29.334    30.4178    23.2081    1.22704    1.75356     53.556    6.36184    9.09171  0.000e+00
        785     29.582     42.905   3228.499   8890.655    11.0103   3.443278     1.1673     0.0073     0.1355     0.0085     1.1673     1.1426     29.334    30.4162    23.2069    1.22705    1.75357     53.557    6.36190    9.09180  0.000e+00
        786     29.582     42.905   3228.436   8890.655    11.0094   3.443278     1.1685     0.0073     0.1429     0.0085     1.1685     1.2666     29.334    30.4170    23.2076    1.22981    1.75752     53.678    6.36200    9.09193  0.000e+00
        787     29.582     42.905   3228.436   8890.842    11.0094   3.443440     1.1685     0.0073     0.1368     0.0085     1.1685     1.1633     29.334    30.4186    23.2088    1.22980    1.75750     53.677    6.36194    9.09184  0.000e+00
        788     29.582     42.905   3228.500   8890.655    11.0103   3.443278     1.1697     0.0073     0.1343     0.0085     1.1697     1.1220     29.334    30.4162    23.2069    1.23254    1.76142     53.797    6.36190    9.09180  0.000e+00
        789     29.582     42.905   3228.374   8890.842    11.0085   3.443441     1.1685     0.0073     0.1368     0.0098     1.1685     1.1633     29.334    30.4193    23.2096    1.22981    1.75753     53.678    6.36203    9.09198  0.000e+00
        790     29.582     42.905   3228.437   8891.029    11.0094   3.443603     1.1685     0.0061     0.1355     0.0085     1.1685     1.1426     29.334    30.4202    23.2101    1.22979    1.75749     53.676    6.36187    9.09175  0.000e+00
