unitTesting/processed_seabird_noalign/ORCA1_CAST0031.cnv
* Sea-Bird SBE 19 Data File:
* FileName =
* Software Version 4.234
* Temperature SN = 2835
* Conductivity SN = 2835
* System UpLoad Time = Wed Jan 26 18:03:03 2005

** Ship: ORCA
** Cruise: Mooring
** Station: Twanoh
** Latitude: 47 22.5
** Longitude: 123 0.5
# nquan = 22
# nvalues = 901                                   
# units = specified
# name 0 = scan: Scan Count
# name 1 = prSM: Pressure, Strain Gauge [db]
# name 2 = prSE: Pressure, Strain Gauge [psi]
# name 3 = f0: Frequency 0
# name 4 = f1: Frequency 1
# name 5 = t090C: Temperature [ITS-90, deg C]
# name 6 = c0S/m: Conductivity [S/m]
# name 7 = v0: Voltage 0
# name 8 = v1: Voltage 1
# name 9 = v2: Voltage 2
# name 10 = v3: Voltage 3
# name 11 = sbeox0V: Oxygen raw, SBE 43 [V]
# name 12 = wetStar: Fluorescence, WET Labs WETstar [mg/m^3]
# name 13 = depSM: Depth [salt water, m], lat = 47.28
# name 14 = sal00: Salinity, Practical [PSU]
# name 15 = sigma-t00: Density [sigma-t, Kg/m^3 ]
# name 16 = sbeox0ML/L: Oxygen, SBE 43 [ml/l]
# name 17 = sbeox0Mg/L: Oxygen, SBE 43 [mg/l]
# name 18 = sbeox0Mm/Kg: Oxygen, SBE 43 [umol/Kg]
# name 19 = oxsatML/L: Oxygen Saturation, Weiss [ml/l]
# name 20 = oxsatMg/L: Oxygen Saturation, Weiss [mg/l]
# name 21 = flag:  0.000e+00
# span 0 =          1,        901                 
# span 1 =      0.862,     29.672                 
# span 2 =      1.250,     43.035                 
# span 3 =   3093.566,   3233.644                 
# span 4 =   6828.581,   8905.141                 
# span 5 =     9.0220,    11.0850                 
# span 6 =   1.860083,   3.455888                 
# span 7 =     0.0000,     2.9206                 
# span 8 =     0.0000,     0.0073                 
# span 9 =     0.0000,     0.2796                 
# span 10 =     0.0000,     0.0098                
# span 11 =     0.0000,     2.9206                
# span 12 =    -1.1506,     3.5804                
# span 13 =      0.855,     29.422                
# span 14 =    16.3442,    30.4913                
# span 15 =    12.5488,    23.2552                
# span 16 =   -1.39574,    5.76856                
# span 17 =   -1.99465,    8.24385                
# span 18 =    -60.929,    254.429                
# span 19 =    6.35081,    7.27467                
# span 20 =    9.07594,   10.39622                
# span 21 = 0.0000e+00, 0.0000e+00                
# interval = seconds: 0.5
# start_time = Jan 31 2016 20:27:25 [DatCnv date, localtime]
# bad_flag = -9.990e-29
*END*
[from data line 791]
        792     29.448     42.710   3232.588   8896.010    11.0696   3.447936     1.0794     0.0073     0.1343     0.0085     1.0794     1.1220     29.200    30.4128    23.1940    1.02816    1.46934     44.877    6.35383    9.08025  0.000e+00
        793     29.358     42.581   3232.588   8896.009    11.0696   3.447936     1.0806     0.0073     0.1343     0.0098     1.0806     1.1220     29.112    30.4129    23.1940    1.03089    1.47324     44.996    6.35382    9.08025  0.000e+00
        794     29.269     42.451   3232.651   8895.823    11.0706   3.447774     1.0794     0.0073     0.1343     0.0085     1.0794     1.1220     29.023    30.4106    23.1921    1.02813    1.46930     44.875    6.35379    9.08020  0.000e+00
        795     29.179     42.321   3232.525   8895.636    11.0687   3.447611     1.0794     0.0073     0.1355     0.0085     1.0794     1.1426     28.934    30.4105    23.1924    1.02816    1.46934     44.877    6.35405    9.08057  0.000e+00
        796     29.090     42.191   3232.652   8895.636    11.0706   3.447611     1.0794     0.0073     0.1355     0.0085     1.0794     1.1426     28.845    30.4090    23.1909    1.02811    1.46928     44.875    6.35385    9.08029  0.000e+00
        797     28.911     41.931   3232.652   8895.635    11.0706   3.447610     1.0769     0.0073     0.1355     0.0085     1.0769     1.1426     28.668    30.4091    23.1909    1.02261    1.46141     44.634    6.35385    9.08028  0.000e+00
        798     28.821     41.802   3232.462   8895.635    11.0678   3.447610     1.0781     0.0073     0.1355     0.0085     1.0781     1.1426     28.579    30.4114    23.1932    1.02538    1.46537     44.755    6.35414    9.08070  0.000e+00
        799     28.732     41.672   3232.525   8895.635    11.0687   3.447610     1.0794     0.0073     0.1355     0.0085     1.0794     1.1426     28.490    30.4107    23.1925    1.02809    1.46925     44.874    6.35404    9.08056  0.000e+00
        800     28.642     41.542   3232.715   8895.634    11.0715   3.447609     1.0781     0.0061     0.1331     0.0085     1.0781     1.1013     28.402    30.4084    23.1903    1.02529    1.46525     44.752    6.35375    9.08014  0.000e+00
        801     28.553     41.412   3232.525   8895.448    11.0687   3.447447     1.0806     0.0073     0.1331     0.0085     1.0806     1.1013     28.313    30.4092    23.1913    1.03082    1.47314     44.993    6.35410    9.08064  0.000e+00
        802     28.463     41.282   3232.526   8895.634    11.0687   3.447609     1.0794     0.0061     0.1343     0.0085     1.0794     1.1220     28.224    30.4108    23.1926    1.02805    1.46919     44.872    6.35403    9.08055  0.000e+00
        803     28.329     41.087   3232.652   8895.447    11.0706   3.447446     1.0781     0.0073     0.1331     0.0085     1.0781     1.1013     28.091    30.4077    23.1899    1.02528    1.46522     44.751    6.35390    9.08036  0.000e+00
        804     28.284     41.023   3232.652   8895.260    11.0706   3.447284     1.0781     0.0073     0.1331     0.0085     1.0781     1.1013     28.047    30.4061    23.1886    1.02528    1.46523     44.751    6.35397    9.08045  0.000e+00
        805     28.195     40.893   3232.526   8895.446    11.0687   3.447446     1.0781     0.0061     0.1343     0.0085     1.0781     1.1220     27.958    30.4093    23.1914    1.02528    1.46523     44.751    6.35409    9.08063  0.000e+00
        806     28.105     40.763   3232.715   8895.446    11.0715   3.447445     1.0781     0.0073     0.1343     0.0085     1.0781     1.1220     27.869    30.4070    23.1892    1.02523    1.46516     44.749    6.35380    9.08022  0.000e+00
        807     28.015     40.633   3232.652   8895.632    11.0706   3.447607     1.0806     0.0073     0.1343     0.0098     1.0806     1.1220     27.780    30.4094    23.1912    1.03070    1.47298     44.988    6.35383    9.08026  0.000e+00
        808     27.971     40.568   3232.526   8895.072    11.0687   3.447120     1.0794     0.0061     0.1343     0.0085     1.0794     1.1220     27.736    30.4062    23.1890    1.02802    1.46914     44.871    6.35422    9.08081  0.000e+00
        809     27.836     40.373   3232.526   8895.072    11.0687   3.447120     1.0794     0.0073     0.1343     0.0085     1.0794     1.1220     27.603    30.4062    23.1890    1.02800    1.46911     44.870    6.35421    9.08081  0.000e+00
        810     27.747     40.244   3232.652   8894.699    11.0706   3.446795     1.0781     0.0073     0.1343     0.0085     1.0781     1.1220     27.514    30.4016    23.1851    1.02523    1.46516     44.749    6.35415    9.08071  0.000e+00
        811     27.702     40.179   3232.589   8894.326    11.0697   3.446470     1.0781     0.0061     0.1331     0.0085     1.0781     1.1013     27.470    30.3992    23.1834    1.02526    1.46520     44.751    6.35437    9.08103  0.000e+00
        812     27.568     39.984   3232.653   8894.139    11.0706   3.446308     1.0781     0.0073     0.1343     0.0085     1.0781     1.1220     27.337    30.3969    23.1814    1.02524    1.46517     44.750    6.35434    9.08098  0.000e+00
        813     27.523     39.919   3232.779   8893.766    11.0724   3.445983     1.0794     0.0073     0.1343     0.0085     1.0794     1.1220     27.292    30.3922    23.1775    1.02797    1.46907     44.869    6.35427    9.08089  0.000e+00
        814     27.389     39.724   3232.716   8893.579    11.0715   3.445820     1.0781     0.0073     0.1331     0.0085     1.0781     1.1013     27.159    30.3914    23.1770    1.02523    1.46516     44.750    6.35443    9.08111  0.000e+00
        815     27.299     39.594   3232.653   8893.579    11.0706   3.445820     1.0769     0.0073     0.1343     0.0085     1.0769     1.1220     27.070    30.3922    23.1778    1.02249    1.46124     44.630    6.35452    9.08125  0.000e+00
        816     27.255     39.529   3232.779   8893.205    11.0724   3.445495     1.0769     0.0073     0.1331     0.0085     1.0769     1.1013     27.026    30.3875    23.1739    1.02248    1.46122     44.630    6.35446    9.08115  0.000e+00
        817     27.165     39.400   3232.590   8892.832    11.0697   3.445170     1.0781     0.0073     0.1319     0.0085     1.0781     1.0806     26.937    30.3867    23.1737    1.02527    1.46521     44.751    6.35487    9.08175  0.000e+00
        818     27.076     39.270   3232.653   8892.645    11.0706   3.445008     1.0769     0.0073     0.1331     0.0085     1.0769     1.1013     26.848    30.3843    23.1717    1.02251    1.46127     44.631    6.35484    9.08170  0.000e+00
        819     26.941     39.075   3232.590   8892.458    11.0697   3.444845     1.0769     0.0073     0.1343     0.0085     1.0769     1.1220     26.715    30.3836    23.1713    1.02252    1.46128     44.631    6.35499    9.08192  0.000e+00
        820     26.897     39.010   3232.653   8892.272    11.0706   3.444683     1.0769     0.0073     0.1331     0.0085     1.0769     1.1013     26.671    30.3812    23.1693    1.02251    1.46126     44.631    6.35496    9.08187  0.000e+00
        821     26.807     38.880   3232.464   8891.898    11.0678   3.444358     1.0781     0.0073     0.1343     0.0085     1.0781     1.1220     26.582    30.3804    23.1691    1.02530    1.46525     44.753    6.35538    9.08247  0.000e+00
        822     26.718     38.751   3232.590   8891.525    11.0697   3.444033     1.0781     0.0061     0.1331     0.0085     1.0781     1.1013     26.493    30.3757    23.1651    1.02528    1.46522     44.752    6.35531    9.08237  0.000e+00
        823     26.628     38.621   3232.527   8891.338    11.0688   3.443870     1.0794     0.0073     0.1331     0.0085     1.0794     1.1013     26.405    30.3749    23.1647    1.02803    1.46916     44.872    6.35547    9.08260  0.000e+00
        824     26.539     38.491   3232.464   8891.524    11.0678   3.444032     1.0794     0.0073     0.1331     0.0085     1.0794     1.1013     26.316    30.3773    23.1667    1.02802    1.46915     44.872    6.35550    9.08264  0.000e+00
        825     26.404     38.296   3232.527   8891.710    11.0688   3.444194     1.0806     0.0061     0.1343     0.0085     1.0806     1.1220     26.183    30.3782    23.1672    1.03072    1.47300     44.990    6.35534    9.08241  0.000e+00
        826     26.360     38.231   3232.590   8891.524    11.0697   3.444032     1.0806     0.0073     0.1331     0.0085     1.0806     1.1013     26.138    30.3758    23.1652    1.03071    1.47299     44.989    6.35530    9.08236  0.000e+00
        827     26.270     38.101   3232.654   8891.150    11.0706   3.443707     1.0806     0.0073     0.1343     0.0085     1.0806     1.1220     26.050    30.3719    23.1621    1.03070    1.47298     44.989    6.35533    9.08241  0.000e+00
        828     26.091     37.842   3232.464   8891.336    11.0678   3.443869     1.0806     0.0073     0.1331     0.0085     1.0806     1.1013     25.872    30.3759    23.1656    1.03071    1.47299     44.989    6.35556    9.08272  0.000e+00
        829     26.001     37.712   3232.527   8891.150    11.0688   3.443706     1.0818     0.0073     0.1331     0.0085     1.0818     1.1013     25.783    30.3735    23.1636    1.03344    1.47688     45.108    6.35552    9.08268  0.000e+00
        830     25.912     37.582   3232.654   8890.776    11.0706   3.443382     1.0818     0.0073     0.1331     0.0085     1.0818     1.1013     25.695    30.3689    23.1597    1.03341    1.47685     45.108    6.35545    9.08258  0.000e+00
        831     25.822     37.452   3232.527   8890.776    11.0688   3.443381     1.0830     0.0061     0.1331     0.0085     1.0830     1.1013     25.606    30.3704    23.1612    1.03617    1.48079     45.228    6.35565    9.08285  0.000e+00
        832     25.778     37.387   3232.591   8890.402    11.0697   3.443056     1.0842     0.0073     0.1343     0.0085     1.0842     1.1220     25.561    30.3665    23.1580    1.03891    1.48471     45.348    6.35568    9.08290  0.000e+00
        833     25.688     37.258   3232.654   8890.216    11.0706   3.442894     1.0830     0.0073     0.1355     0.0085     1.0830     1.1426     25.473    30.3642    23.1560    1.03616    1.48077     45.227    6.35564    9.08285  0.000e+00
        834     25.599     37.128   3232.717   8890.029    11.0715   3.442731     1.0830     0.0061     0.1331     0.0085     1.0830     1.1013     25.384    30.3619    23.1541    1.03614    1.48075     45.227    6.35561    9.08280  0.000e+00
        835     25.509     36.998   3232.717   8890.402    11.0715   3.443055     1.0842     0.0073     0.1319     0.0085     1.0842     1.0806     25.295    30.3651    23.1566    1.03885    1.48461     45.345    6.35548    9.08261  0.000e+00
        836     25.420     36.868   3232.717   8890.028    11.0715   3.442731     1.0842     0.0073     0.1343     0.0085     1.0842     1.1220     25.206    30.3620    23.1541    1.03885    1.48463     45.345    6.35560    9.08279  0.000e+00
        837     25.285     36.673   3232.654   8890.774    11.0706   3.443379     1.0830     0.0073     0.1331     0.0085     1.0830     1.1013     25.073    30.3691    23.1599    1.03607    1.48064     45.223    6.35544    9.08256  0.000e+00
        838     25.241     36.608   3232.781   8890.027    11.0724   3.442730     1.0842     0.0073     0.1343     0.0098     1.0842     1.1220     25.029    30.3613    23.1534    1.03881    1.48457     45.344    6.35550    9.08265  0.000e+00
        839     25.106     36.414   3232.718   8889.467    11.0715   3.442243     1.0818     0.0073     0.1343     0.0085     1.0818     1.1220     24.896    30.3573    23.1505    1.03336    1.47677     45.106    6.35579    9.08306  0.000e+00
        840     25.017     36.284   3232.654   8889.281    11.0706   3.442080     1.0830     0.0061     0.1331     0.0085     1.0830     1.1013     24.807    30.3565    23.1501    1.03611    1.48071     45.226    6.35595    9.08329  0.000e+00
        841     24.927     36.154   3232.781   8888.721    11.0724   3.441593     1.0830     0.0073     0.1343     0.0085     1.0830     1.1220     24.718    30.3503    23.1449    1.03610    1.48069     45.226    6.35594    9.08328  0.000e+00
        842     24.838     36.024   3232.844   8888.907    11.0734   3.441755     1.0818     0.0061     0.1331     0.0085     1.0818     1.1013     24.630    30.3511    23.1454    1.03332    1.47672     45.104    6.35578    9.08305  0.000e+00
        843     24.748     35.895   3232.844   8888.533    11.0734   3.441430     1.0818     0.0073     0.1331     0.0085     1.0818     1.1013     24.541    30.3480    23.1430    1.03333    1.47673     45.105    6.35591    9.08323  0.000e+00
        844     24.659     35.765   3232.844   8888.160    11.0734   3.441106     1.0830     0.0073     0.1343     0.0085     1.0830     1.1220     24.452    30.3448    23.1405    1.03608    1.48066     45.225    6.35603    9.08341  0.000e+00
        845     24.569     35.635   3232.886   8888.098    11.0740   3.441051     1.0806     0.0061     0.1319     0.0085     1.0806     1.0806     24.363    30.3438    23.1396    1.03058    1.47280     44.985    6.35599    9.08335  0.000e+00
        846     24.480     35.505   3232.929   8888.035    11.0746   3.440997     1.0794     0.0073     0.1343     0.0085     1.0794     1.1220     24.275    30.3429    23.1388    1.02782    1.46886     44.864    6.35595    9.08328  0.000e+00
        847     24.390     35.375   3232.971   8887.973    11.0752   3.440943     1.0806     0.0073     0.1355     0.0085     1.0806     1.1426     24.186    30.3419    23.1379    1.03054    1.47275     44.983    6.35590    9.08322  0.000e+00
        848     24.301     35.245   3232.844   8887.786    11.0734   3.440781     1.0806     0.0073     0.1331     0.0085     1.0806     1.1013     24.097    30.3418    23.1382    1.03057    1.47278     44.984    6.35616    9.08358  0.000e+00
        849     24.167     35.051   3232.908   8887.786    11.0743   3.440781     1.0794     0.0073     0.1331     0.0085     1.0794     1.1013     23.964    30.3411    23.1375    1.02779    1.46882     44.863    6.35606    9.08344  0.000e+00
        850     24.077     34.921   3232.908   8887.413    11.0743   3.440456     1.0781     0.0073     0.1343     0.0085     1.0781     1.1220     23.875    30.3380    23.1350    1.02506    1.46491     44.744    6.35618    9.08362  0.000e+00
        851     23.988     34.791   3232.908   8887.413    11.0743   3.440456     1.0769     0.0061     0.1343     0.0085     1.0769     1.1220     23.787    30.3380    23.1350    1.02231    1.46098     44.624    6.35618    9.08362  0.000e+00
        852     23.898     34.661   3232.844   8887.040    11.0734   3.440131     1.0757     0.0073     0.1331     0.0085     1.0757     1.1013     23.698    30.3356    23.1334    1.01959    1.45709     44.505    6.35640    9.08394  0.000e+00
        853     23.809     34.531   3232.844   8886.853    11.0734   3.439969     1.0757     0.0061     0.1343     0.0085     1.0757     1.1220     23.609    30.3341    23.1321    1.01959    1.45709     44.505    6.35647    9.08403  0.000e+00
        854     23.719     34.402   3232.908   8886.293    11.0743   3.439482     1.0745     0.0061     0.1331     0.0085     1.0745     1.1013     23.520    30.3286    23.1277    1.01685    1.45318     44.386    6.35656    9.08416  0.000e+00
        855     23.630     34.272   3232.655   8885.920    11.0706   3.439158     1.0745     0.0073     0.1343     0.0085     1.0745     1.1220     23.432    30.3285    23.1283    1.01691    1.45327     44.389    6.35707    9.08489  0.000e+00
