unitTesting/processed_seabird_noalign/ORCA1_CAST0011.cnv
* Sea-Bird SBE 19 Data File:
* FileName =
* Software Version 4.234
* Temperature SN = 2835
* Conductivity SN = 2835
* System UpLoad Time = Fri Jan 21 17:52:17 2005

** Ship: ORCA
** Cruise: Mooring
** Station: Twanoh
** Latitude: 47 22.5
** Longitude: 123 0.5
# nquan = 22
# nvalues = 884                                   
# units = specified
# name 0 = scan: Scan Count
# name 1 = prSM: Pressure, Strain Gauge [db]
# name 2 = prSE: Pressure, Strain Gauge [psi]
# name 3 = f0: Frequency 0
# name 4 = f1: Frequency 1
# name 5 = t090C: Temperature [ITS-90, deg C]
# name 6 = c0S/m: Conductivity [S/m]
# name 7 = v0: Voltage 0
# name 8 = v1: Voltage 1
# name 9 = v2: Voltage 2
# name 10 = v3: Voltage 3
# name 11 = sbeox0V: Oxygen raw, SBE 43 [V]
# name 12 = wetStar: Fluorescence, WET Labs WETstar [mg/m^3]
# name 13 = depSM: Depth [salt water, m], lat = 47.28
# name 14 = sal00: Salinity, Practical [PSU]
# name 15 = sigma-t00: Density [sigma-t, Kg/m^3 ]
# name 16 = sbeox0ML/L: Oxygen, SBE 43 [ml/l]
# name 17 = sbeox0Mg/L: Oxygen, SBE 43 [mg/l]
# name 18 = sbeox0Mm/Kg: Oxygen, SBE 43 [umol/Kg]
# name 19 = oxsatML/L: Oxygen Saturation, Weiss [ml/l]
# name 20 = oxsatMg/L: Oxygen Saturation, Weiss [mg/l]
# name 21 = flag:  0.000e+00
# span 0 =          1,        884                 
# span 1 =      0.951,     29.672                 
# span 2 =      1.380,     43.035                 
# span 3 =   3054.918,   3233.057                 
# span 4 =   7205.405,   8908.693                 
# span 5 =     8.4413,    11.0764                 
# span 6 =   2.117989,   3.458984                 
# span 7 =     0.0000,     3.1978                 
# span 8 =     0.0000,     0.0073                 
# span 9 =     0.0000,     0.4310                 
# span 10 =     0.0000,     0.0098                
# span 11 =     0.0000,     3.1978                
# span 12 =    -1.1506,     6.1422                
# span 13 =      0.943,     29.422                
# span 14 =    19.0908,    30.5268                
# span 15 =    14.7479,    23.2839                
# span 16 =   -1.39386,    6.35849                
# span 17 =   -1.99196,    9.08691                
# span 18 =    -60.840,    279.658                
# span 19 =    6.35026,    7.22871                
# span 20 =    9.07515,   10.33055                
# span 21 = 0.0000e+00, 0.0000e+00                
# interval = seconds: 0.5
# start_time = Jan 31 2016 20:27:08 [DatCnv date, localtime]
# bad_flag = -9.990e-29
*END*
[from data line 264]
        265     18.976     27.522   3232.509   8897.787    11.0685   3.449480     1.3101     0.0073     0.1294     0.0085     1.3101     1.0393     18.817    30.4331    23.2099    1.54402    2.20655     67.392    6.35317    9.07932  0.000e+00
        266     18.931     27.458   3232.446   8897.602    11.0676   3.449319     1.3089     0.0073     0.1294     0.0085     1.3089     1.0393     18.773    30.4323    23.2095    1.54131    2.20268     67.273    6.35333    9.07955  0.000e+00
        267     18.976     27.522   3232.510   8897.790    11.0685   3.449482     1.3089     0.0073     0.1294     0.0098     1.3089     1.0393     18.817    30.4331    23.2099    1.54128    2.20264     67.272    6.35317    9.07932  0.000e+00
        268     18.931     27.458   3232.446   8897.604    11.0676   3.449321     1.3077     0.0073     0.1294     0.0085     1.3077     1.0393     18.773    30.4323    23.2095    1.53857    2.19877     67.154    6.35333    9.07955  0.000e+00
        269     18.931     27.458   3232.510   8897.606    11.0685   3.449322     1.3101     0.0073     0.1294     0.0085     1.3101     1.0393     18.773    30.4315    23.2087    1.54402    2.20656     67.392    6.35323    9.07941  0.000e+00
        270     18.976     27.522   3232.447   8897.793    11.0676   3.449485     1.3077     0.0073     0.1282     0.0085     1.3077     1.0187     18.817    30.4339    23.2107    1.53856    2.19876     67.153    6.35327    9.07945  0.000e+00
        271     18.931     27.458   3232.447   8897.794    11.0676   3.449486     1.3077     0.0073     0.1282     0.0085     1.3077     1.0187     18.773    30.4339    23.2107    1.53855    2.19874     67.153    6.35327    9.07945  0.000e+00
        272     18.976     27.522   3232.510   8897.796    11.0685   3.449488     1.3053     0.0073     0.1282     0.0085     1.3053     1.0187     18.817    30.4331    23.2100    1.53306    2.19090     66.914    6.35317    9.07931  0.000e+00
        273     18.976     27.522   3232.447   8897.797    11.0676   3.449489     1.3065     0.0073     0.1282     0.0085     1.3065     1.0187     18.817    30.4339    23.2107    1.53582    2.19485     67.034    6.35327    9.07945  0.000e+00
        274     18.931     27.458   3232.447   8897.798    11.0676   3.449490     1.3065     0.0073     0.1282     0.0085     1.3065     1.0187     18.773    30.4339    23.2107    1.53581    2.19483     67.034    6.35326    9.07945  0.000e+00
        275     18.976     27.522   3232.511   8897.799    11.0685   3.449491     1.3065     0.0073     0.1294     0.0085     1.3065     1.0393     18.817    30.4332    23.2100    1.53580    2.19481     67.033    6.35317    9.07931  0.000e+00
        276     18.976     27.522   3232.511   8897.614    11.0685   3.449329     1.3065     0.0073     0.1282     0.0085     1.3065     1.0187     18.817    30.4316    23.2088    1.53582    2.19484     67.034    6.35323    9.07940  0.000e+00
        277     18.976     27.522   3232.511   8897.801    11.0685   3.449493     1.3065     0.0073     0.1282     0.0085     1.3065     1.0187     18.817    30.4332    23.2100    1.53580    2.19481     67.033    6.35317    9.07931  0.000e+00
        278     18.931     27.458   3232.574   8897.803    11.0694   3.449494     1.3065     0.0073     0.1368     0.0085     1.3065     1.1633     18.773    30.4324    23.2093    1.53577    2.19477     67.032    6.35307    9.07917  0.000e+00
        279     18.931     27.458   3232.448   8897.804    11.0676   3.449495     1.3065     0.0073     0.1282     0.0085     1.3065     1.0187     18.773    30.4340    23.2108    1.53581    2.19483     67.033    6.35326    9.07944  0.000e+00
        280     18.976     27.522   3232.512   8897.805    11.0685   3.449496     1.3065     0.0073     0.1294     0.0085     1.3065     1.0393     18.817    30.4332    23.2100    1.53580    2.19481     67.033    6.35316    9.07931  0.000e+00
        281     18.976     27.522   3232.512   8897.806    11.0685   3.449497     1.3065     0.0073     0.1282     0.0085     1.3065     1.0187     18.817    30.4332    23.2100    1.53580    2.19481     67.033    6.35316    9.07931  0.000e+00
        282     18.976     27.522   3232.575   8897.807    11.0694   3.449498     1.3065     0.0073     0.1294     0.0085     1.3065     1.0393     18.817    30.4325    23.2093    1.53578    2.19478     67.032    6.35307    9.07917  0.000e+00
        283     18.976     27.522   3232.512   8897.622    11.0685   3.449337     1.3053     0.0073     0.1282     0.0085     1.3053     1.0187     18.817    30.4316    23.2088    1.53308    2.19092     66.914    6.35323    9.07939  0.000e+00
        284     18.976     27.522   3232.512   8897.810    11.0685   3.449500     1.3065     0.0073     0.1294     0.0085     1.3065     1.0393     18.817    30.4332    23.2100    1.53580    2.19481     67.033    6.35316    9.07930  0.000e+00
        285     18.931     27.458   3232.576   8897.811    11.0695   3.449501     1.3053     0.0061     0.1282     0.0085     1.3053     1.0187     18.773    30.4325    23.2093    1.53303    2.19086     66.912    6.35306    9.07916  0.000e+00
        286     18.976     27.522   3232.576   8897.812    11.0695   3.449502     1.3053     0.0073     0.1282     0.0098     1.3053     1.0187     18.817    30.4325    23.2093    1.53304    2.19087     66.913    6.35306    9.07916  0.000e+00
        287     18.976     27.522   3232.513   8897.813    11.0685   3.449503     1.3053     0.0073     0.1294     0.0085     1.3053     1.0393     18.817    30.4333    23.2101    1.53306    2.19090     66.913    6.35316    9.07930  0.000e+00
        288     18.976     27.522   3232.513   8899.492    11.0685   3.450964     1.3065     0.0073     0.1282     0.0085     1.3065     1.0187     18.817    30.4476    23.2212    1.53566    2.19461     67.026    6.35259    9.07848  0.000e+00
        289     18.931     27.458   3232.576   8897.629    11.0695   3.449343     1.3065     0.0073     0.1282     0.0085     1.3065     1.0187     18.773    30.4309    23.2081    1.53578    2.19479     67.032    6.35312    9.07925  0.000e+00
        290     18.842     27.328   3232.576   8897.817    11.0695   3.449506     1.3065     0.0073     0.1294     0.0085     1.3065     1.0393     18.684    30.4326    23.2094    1.53575    2.19474     67.031    6.35306    9.07916  0.000e+00
        291     18.752     27.198   3232.513   8897.818    11.0686   3.449507     1.3065     0.0073     0.1282     0.0085     1.3065     1.0187     18.595    30.4334    23.2102    1.53575    2.19474     67.031    6.35315    9.07929  0.000e+00
        292     18.618     27.003   3232.513   8897.819    11.0686   3.449508     1.3077     0.0073     0.1282     0.0085     1.3077     1.0187     18.462    30.4334    23.2102    1.53846    2.19862     67.149    6.35315    9.07929  0.000e+00
        293     18.529     26.873   3232.514   8897.820    11.0686   3.449509     1.3077     0.0061     0.1294     0.0085     1.3077     1.0393     18.374    30.4335    23.2102    1.53844    2.19859     67.148    6.35315    9.07928  0.000e+00
        294     18.394     26.679   3232.451   8897.822    11.0676   3.449510     1.3077     0.0073     0.1282     0.0085     1.3077     1.0187     18.240    30.4343    23.2110    1.53844    2.19858     67.148    6.35324    9.07942  0.000e+00
        295     18.305     26.549   3232.514   8897.823    11.0686   3.449511     1.3077     0.0073     0.1294     0.0085     1.3077     1.0393     18.152    30.4336    23.2103    1.53839    2.19852     67.146    6.35314    9.07928  0.000e+00
        296     18.215     26.419   3232.451   8897.824    11.0676   3.449512     1.3077     0.0073     0.1294     0.0085     1.3077     1.0393     18.063    30.4344    23.2111    1.53840    2.19852     67.146    6.35324    9.07941  0.000e+00
        297     18.126     26.289   3232.514   8897.639    11.0686   3.449351     1.3089     0.0073     0.1306     0.0085     1.3089     1.0600     17.974    30.4321    23.2092    1.54111    2.20240     67.265    6.35320    9.07936  0.000e+00
        298     17.992     26.095   3232.451   8897.826    11.0677   3.449514     1.3077     0.0073     0.1282     0.0085     1.3077     1.0187     17.841    30.4345    23.2112    1.53835    2.19845     67.144    6.35323    9.07941  0.000e+00
        299     17.902     25.965   3232.451   8897.641    11.0677   3.449353     1.3077     0.0073     0.1294     0.0085     1.3077     1.0393     17.752    30.4329    23.2100    1.53835    2.19845     67.144    6.35329    9.07949  0.000e+00
        300     17.813     25.835   3232.515   8897.642    11.0686   3.449354     1.3077     0.0073     0.1294     0.0085     1.3077     1.0393     17.664    30.4322    23.2093    1.53831    2.19839     67.142    6.35320    9.07935  0.000e+00
        301     17.723     25.705   3232.452   8897.830    11.0677   3.449517     1.3077     0.0073     0.1331     0.0085     1.3077     1.1013     17.575    30.4346    23.2113    1.53829    2.19837     67.142    6.35323    9.07940  0.000e+00
        302     17.500     25.381   3232.452   8897.645    11.0677   3.449356     1.3077     0.0073     0.1282     0.0085     1.3077     1.0187     17.353    30.4331    23.2101    1.53826    2.19833     67.140    6.35329    9.07948  0.000e+00
        303     17.410     25.251   3232.452   8897.646    11.0677   3.449357     1.3077     0.0073     0.1294     0.0085     1.3077     1.0393     17.264    30.4332    23.2102    1.53824    2.19830     67.139    6.35328    9.07948  0.000e+00
        304     17.321     25.121   3232.515   8897.647    11.0686   3.449358     1.3077     0.0073     0.1294     0.0085     1.3077     1.0393     17.176    30.4325    23.2094    1.53820    2.19824     67.138    6.35319    9.07934  0.000e+00
        305     17.186     24.927   3232.516   8897.648    11.0686   3.449359     1.3077     0.0073     0.1294     0.0085     1.3077     1.0393     17.043    30.4325    23.2095    1.53817    2.19820     67.137    6.35318    9.07933  0.000e+00
        306     17.097     24.797   3232.452   8897.463    11.0677   3.449198     1.3089     0.0061     0.1294     0.0085     1.3089     1.0393     16.954    30.4317    23.2090    1.54093    2.20214     67.257    6.35334    9.07956  0.000e+00
        307     17.007     24.667   3232.516   8897.464    11.0686   3.449199     1.3089     0.0073     0.1294     0.0085     1.3089     1.0393     16.865    30.4310    23.2083    1.54089    2.20208     67.255    6.35324    9.07942  0.000e+00
        308     16.918     24.537   3232.453   8897.466    11.0677   3.449200     1.3089     0.0073     0.1294     0.0085     1.3089     1.0393     16.776    30.4318    23.2091    1.54089    2.20208     67.255    6.35334    9.07955  0.000e+00
        309     16.784     24.343   3232.516   8897.467    11.0686   3.449201     1.3077     0.0073     0.1294     0.0085     1.3077     1.0393     16.643    30.4311    23.2084    1.53810    2.19810     67.134    6.35324    9.07941  0.000e+00
        310     16.694     24.213   3232.580   8897.095    11.0695   3.448877     1.3089     0.0073     0.1319     0.0085     1.3089     1.0806     16.555    30.4272    23.2052    1.54083    2.20200     67.253    6.35327    9.07945  0.000e+00
        311     16.605     24.083   3232.516   8897.096    11.0686   3.448878     1.3089     0.0073     0.1294     0.0085     1.3089     1.0393     16.466    30.4280    23.2060    1.54083    2.20200     67.253    6.35336    9.07959  0.000e+00
        312     16.515     23.953   3232.453   8897.097    11.0677   3.448879     1.3077     0.0073     0.1343     0.0085     1.3077     1.1220     16.377    30.4288    23.2068    1.53810    2.19809     67.133    6.35346    9.07972  0.000e+00
        313     16.381     23.759   3232.454   8896.912    11.0677   3.448718     1.3077     0.0073     0.1294     0.0098     1.3077     1.0393     16.244    30.4273    23.2056    1.53808    2.19807     67.133    6.35352    9.07981  0.000e+00
        314     16.292     23.629   3232.517   8896.727    11.0686   3.448556     1.3077     0.0073     0.1319     0.0085     1.3077     1.0806     16.155    30.4250    23.2036    1.53806    2.19804     67.132    6.35348    9.07976  0.000e+00
        315     16.202     23.499   3232.391   8896.542    11.0668   3.448395     1.3077     0.0073     0.1306     0.0085     1.3077     1.0600     16.067    30.4250    23.2039    1.53810    2.19809     67.134    6.35374    9.08012  0.000e+00
        316     16.113     23.369   3232.391   8895.984    11.0668   3.447909     1.3077     0.0073     0.1294     0.0085     1.3077     1.0393     15.978    30.4203    23.2003    1.53812    2.19813     67.135    6.35392    9.08039  0.000e+00
        317     16.023     23.240   3232.391   8895.798    11.0668   3.447748     1.3065     0.0073     0.1306     0.0085     1.3065     1.0600     15.889    30.4187    23.1991    1.53538    2.19422     67.016    6.35399    9.08048  0.000e+00
        318     15.934     23.110   3232.328   8895.240    11.0659   3.447262     1.3065     0.0073     0.1294     0.0085     1.3065     1.0393     15.800    30.4148    23.1961    1.53543    2.19429     67.018    6.35427    9.08089  0.000e+00
        319     15.889     23.045   3232.328   8894.496    11.0659   3.446614     1.3065     0.0073     0.1294     0.0085     1.3065     1.0393     15.756    30.4084    23.1912    1.53548    2.19436     67.020    6.35452    9.08125  0.000e+00
        320     15.755     22.850   3232.328   8893.938    11.0659   3.446129     1.3077     0.0073     0.1294     0.0085     1.3077     1.0393     15.623    30.4037    23.1876    1.53824    2.19830     67.141    6.35471    9.08152  0.000e+00
        321     15.621     22.656   3232.202   8894.125    11.0640   3.446292     1.3065     0.0073     0.1294     0.0085     1.3065     1.0393     15.490    30.4069    23.1904    1.53550    2.19438     67.021    6.35484    9.08170  0.000e+00
        322     15.531     22.526   3232.265   8893.567    11.0650   3.445806     1.3089     0.0073     0.1294     0.0098     1.3089     1.0393     15.401    30.4014    23.1859    1.54098    2.20222     67.261    6.35493    9.08183  0.000e+00
        323     15.486     22.461   3232.266   8893.568    11.0650   3.445807     1.3077     0.0073     0.1294     0.0085     1.3077     1.0393     15.357    30.4014    23.1860    1.53823    2.19829     67.141    6.35493    9.08183  0.000e+00
        324     15.397     22.331   3232.139   8893.010    11.0631   3.445321     1.3077     0.0073     0.1294     0.0085     1.3077     1.0393     15.268    30.3982    23.1838    1.53830    2.19839     67.144    6.35531    9.08237  0.000e+00
        325     15.307     22.202   3232.139   8893.011    11.0631   3.445322     1.3065     0.0073     0.1294     0.0085     1.3065     1.0393     15.179    30.3983    23.1838    1.53555    2.19445     67.024    6.35531    9.08237  0.000e+00
        326     15.218     22.072   3232.203   8892.826    11.0641   3.445161     1.3077     0.0073     0.1306     0.0085     1.3077     1.0600     15.091    30.3960    23.1819    1.53826    2.19833     67.142    6.35527    9.08232  0.000e+00
        327     15.129     21.942   3232.077   8893.013    11.0622   3.445324     1.3065     0.0073     0.1294     0.0085     1.3065     1.0393     15.002    30.3991    23.1846    1.53553    2.19443     67.023    6.35540    9.08250  0.000e+00
        328     15.039     21.812   3232.077   8892.269    11.0622   3.444676     1.3077     0.0073     0.1306     0.0085     1.3077     1.0600     14.913    30.3928    23.1797    1.53831    2.19840     67.145    6.35565    9.08286  0.000e+00
        329     14.905     21.618   3232.077   8892.083    11.0622   3.444515     1.3065     0.0073     0.1294     0.0085     1.3065     1.0393     14.780    30.3913    23.1785    1.53556    2.19447     67.025    6.35571    9.08295  0.000e+00
