unitTesting/processed_seabird_noalign/ORCA1_CAST0047.cnv
* Sea-Bird SBE 19 Data File:
* FileName =
* Software Version 4.234
* Temperature SN = 2835
* Conductivity SN = 2835
* System UpLoad Time = Sun Jan 30 18:11:03 2005

** Ship: ORCA
** Cruise: Mooring
** Station: Twanoh
** Latitude: 47 22.5
** Longitude: 123 0.5
# nquan = 22
# nvalues = 836                                   
# units = specified
# name 0 = scan: Scan Count
# name 1 = prSM: Pressure, Strain Gauge [db]
# name 2 = prSE: Pressure, Strain Gauge [psi]
# name 3 = f0: Frequency 0
# name 4 = f1: Frequency 1
# name 5 = t090C: Temperature [ITS-90, deg C]
# name 6 = c0S/m: Conductivity [S/m]
# name 7 = v0: Voltage 0
# name 8 = v1: Voltage 1
# name 9 = v2: Voltage 2
# name 10 = v3: Voltage 3
# name 11 = sbeox0V: Oxygen raw, SBE 43 [V]
# name 12 = wetStar: Fluorescence, WET Labs WETstar [mg/m^3]
# name 13 = depSM: Depth [salt water, m], lat = 47.28
# name 14 = sal00: Salinity, Practical [PSU]
# name 15 = sigma-t00: Density [sigma-t, Kg/m^3 ]
# name 16 = sbeox0ML/L: Oxygen, SBE 43 [ml/l]
# name 17 = sbeox0Mg/L: Oxygen, SBE 43 [mg/l]
# name 18 = sbeox0Mm/Kg: Oxygen, SBE 43 [umol/Kg]
# name 19 = oxsatML/L: Oxygen Saturation, Weiss [ml/l]
# name 20 = oxsatMg/L: Oxygen Saturation, Weiss [mg/l]
# name 21 = flag:  0.000e+00
# span 0 =          1,        836                 
# span 1 =      0.996,     29.627                 
# span 2 =      1.444,     42.970                 
# span 3 =   3100.838,   3228.676                 
# span 4 =   7326.305,   8893.259                 
# span 5 =     9.1307,    11.0129                 
# span 6 =   2.203705,   3.445544                 
# span 7 =     0.0000,     2.9219                 
# span 8 =     0.0000,     0.0073                 
# span 9 =     0.0000,     0.3358                 
# span 10 =     0.0000,     0.0098                
# span 11 =     0.0000,     2.9219                
# span 12 =    -1.1506,     4.5308                
# span 13 =      0.988,     29.378                
# span 14 =    19.6075,    30.4798                
# span 15 =    15.0783,    23.2649                
# span 16 =   -1.40156,    5.69480                
# span 17 =   -2.00297,    8.13844                
# span 18 =    -61.193,    250.541                
# span 19 =    6.36277,    7.10661                
# span 20 =    9.09303,   10.15606                
# span 21 = 0.0000e+00, 0.0000e+00                
# interval = seconds: 0.5
# start_time = Jan 31 2016 20:27:38 [DatCnv date, localtime]
# bad_flag = -9.990e-29
*END*
[from data line 659]
        660     27.568     39.984   3225.447   8889.662    10.9660   3.442414     1.2186     0.0061     0.1355     0.0085     1.2186     1.1426     27.337    30.4453    23.2371    1.34295    1.91920     58.614    6.36689    9.09892  0.000e+00
        661     27.657     40.114   3225.510   8889.849    10.9669   3.442577     1.2210     0.0073     0.1368     0.0085     1.2210     1.1633     27.425    30.4461    23.2375    1.34842    1.92703     58.853    6.36673    9.09869  0.000e+00
        662     27.747     40.244   3225.446   8890.036    10.9660   3.442740     1.2222     0.0073     0.1355     0.0085     1.2222     1.1426     27.514    30.4484    23.2395    1.35119    1.93099     58.974    6.36676    9.09874  0.000e+00
        663     27.836     40.373   3225.446   8890.037    10.9660   3.442741     1.2247     0.0073     0.1380     0.0098     1.2247     1.1839     27.603    30.4484    23.2395    1.35670    1.93886     59.214    6.36676    9.09874  0.000e+00
        664     27.971     40.568   3225.383   8890.038    10.9651   3.442741     1.2247     0.0061     0.1380     0.0085     1.2247     1.1839     27.736    30.4491    23.2402    1.35674    1.93892     59.216    6.36686    9.09888  0.000e+00
        665     28.060     40.698   3225.256   8890.412    10.9632   3.443067     1.2271     0.0073     0.1380     0.0098     1.2271     1.1839     27.825    30.4538    23.2441    1.36226    1.94681     59.457    6.36693    9.09898  0.000e+00
        666     28.150     40.828   3225.320   8890.786    10.9641   3.443392     1.2283     0.0073     0.1380     0.0085     1.2283     1.1839     27.913    30.4562    23.2458    1.36498    1.95070     59.575    6.36671    9.09866  0.000e+00
        667     28.239     40.958   3225.256   8890.787    10.9632   3.443393     1.2295     0.0073     0.1368     0.0085     1.2295     1.1633     28.002    30.4569    23.2466    1.36776    1.95467     59.697    6.36681    9.09880  0.000e+00
        668     28.329     41.087   3225.193   8890.788    10.9623   3.443394     1.2332     0.0073     0.1355     0.0085     1.2332     1.1426     28.091    30.4576    23.2473    1.37604    1.96650     60.058    6.36690    9.09894  0.000e+00
        669     28.463     41.282   3225.193   8890.789    10.9623   3.443394     1.2357     0.0061     0.1392     0.0085     1.2357     1.2046     28.224    30.4576    23.2473    1.38156    1.97439     60.299    6.36691    9.09894  0.000e+00
        670     28.553     41.412   3225.193   8891.163    10.9623   3.443720     1.2369     0.0061     0.1380     0.0085     1.2369     1.1839     28.313    30.4608    23.2497    1.38429    1.97830     60.418    6.36678    9.09876  0.000e+00
        671     28.687     41.607   3225.256   8891.164    10.9632   3.443721     1.2381     0.0061     0.1368     0.0085     1.2381     1.1633     28.446    30.4600    23.2489    1.38705    1.98223     60.538    6.36668    9.09863  0.000e+00
        672     28.687     41.607   3225.192   8891.164    10.9623   3.443721     1.2393     0.0073     0.1368     0.0085     1.2393     1.1633     28.446    30.4607    23.2497    1.38981    1.98618     60.659    6.36678    9.09877  0.000e+00
        673     28.821     41.802   3225.256   8891.165    10.9632   3.443722     1.2418     0.0073     0.1368     0.0085     1.2418     1.1633     28.579    30.4599    23.2489    1.39531    1.99404     60.899    6.36669    9.09863  0.000e+00
        674     28.911     41.931   3225.066   8891.539    10.9605   3.444047     1.2430     0.0073     0.1368     0.0085     1.2430     1.1633     28.668    30.4654    23.2536    1.39811    1.99804     61.020    6.36685    9.09887  0.000e+00
        675     29.090     42.191   3225.129   8891.540    10.9614   3.444048     1.2454     0.0073     0.1368     0.0085     1.2454     1.1633     28.845    30.4645    23.2528    1.40362    2.00591     61.261    6.36676    9.09873  0.000e+00
        676     29.224     42.386   3225.066   8891.914    10.9605   3.444374     1.2466     0.0061     0.1368     0.0085     1.2466     1.1633     28.979    30.4684    23.2560    1.40638    2.00986     61.381    6.36673    9.09869  0.000e+00
        677     29.358     42.581   3225.129   8891.915    10.9614   3.444374     1.2491     0.0073     0.1368     0.0085     1.2491     1.1633     29.112    30.4676    23.2552    1.41188    2.01772     61.622    6.36663    9.09855  0.000e+00
        678     29.403     42.645   3225.129   8891.916    10.9614   3.444375     1.2515     0.0073     0.1355     0.0085     1.2515     1.1426     29.156    30.4676    23.2552    1.41738    2.02558     61.862    6.36663    9.09855  0.000e+00
        679     29.493     42.775   3225.065   8892.103    10.9604   3.444538     1.2540     0.0073     0.1380     0.0085     1.2540     1.1839     29.245    30.4700    23.2572    1.42290    2.03347     62.102    6.36667    9.09860  0.000e+00
        680     29.537     42.840   3225.128   8892.104    10.9614   3.444539     1.2527     0.0073     0.1368     0.0085     1.2527     1.1633     29.289    30.4692    23.2564    1.42014    2.02952     61.982    6.36657    9.09847  0.000e+00
        681     29.627     42.970   3225.065   8892.291    10.9604   3.444702     1.2552     0.0073     0.1355     0.0085     1.2552     1.1426     29.378    30.4715    23.2584    1.42566    2.03741     62.223    6.36660    9.09851  0.000e+00
        682     29.627     42.970   3225.128   8891.919    10.9614   3.444378     1.2564     0.0073     0.1368     0.0085     1.2564     1.1633     29.378    30.4676    23.2552    1.42841    2.04135     62.343    6.36664    9.09856  0.000e+00
        683     29.627     42.970   3225.065   8891.920    10.9604   3.444379     1.2576     0.0073     0.1355     0.0085     1.2576     1.1426     29.378    30.4683    23.2559    1.43118    2.04530     62.464    6.36673    9.09870  0.000e+00
        684     29.627     42.970   3225.128   8891.921    10.9614   3.444380     1.2576     0.0073     0.1368     0.0085     1.2576     1.1633     29.378    30.4676    23.2552    1.43116    2.04527     62.463    6.36664    9.09856  0.000e+00
        685     29.627     42.970   3225.191   8891.922    10.9623   3.444381     1.2589     0.0061     0.1355     0.0085     1.2589     1.1426     29.378    30.4668    23.2545    1.43389    2.04917     62.582    6.36654    9.09842  0.000e+00
        686     29.627     42.970   3225.064   8891.923    10.9604   3.444381     1.2601     0.0073     0.1368     0.0085     1.2601     1.1633     29.378    30.4684    23.2560    1.43668    2.05315     62.704    6.36673    9.09870  0.000e+00
        687     29.627     42.970   3225.064   8891.924    10.9604   3.444382     1.2601     0.0061     0.1380     0.0085     1.2601     1.1839     29.378    30.4684    23.2560    1.43668    2.05315     62.704    6.36673    9.09870  0.000e+00
        688     29.627     42.970   3225.127   8891.924    10.9613   3.444383     1.2613     0.0073     0.1368     0.0098     1.2613     1.1633     29.378    30.4676    23.2552    1.43940    2.05705     62.823    6.36663    9.09856  0.000e+00
        689     29.627     42.970   3225.064   8891.925    10.9604   3.444384     1.2613     0.0061     0.1355     0.0085     1.2613     1.1426     29.378    30.4684    23.2560    1.43942    2.05708     62.824    6.36673    9.09870  0.000e+00
        690     29.627     42.970   3225.064   8891.926    10.9604   3.444384     1.2625     0.0073     0.1380     0.0085     1.2625     1.1839     29.378    30.4684    23.2560    1.44217    2.06100     62.943    6.36673    9.09870  0.000e+00
        691     29.627     42.970   3225.127   8891.927    10.9613   3.444385     1.2637     0.0061     0.1355     0.0085     1.2637     1.1426     29.378    30.4676    23.2552    1.44490    2.06490     63.062    6.36663    9.09856  0.000e+00
        692     29.627     42.970   3225.064   8892.114    10.9604   3.444548     1.2650     0.0061     0.1368     0.0085     1.2650     1.1633     29.378    30.4700    23.2572    1.44765    2.06883     63.182    6.36667    9.09860  0.000e+00
        693     29.627     42.970   3225.127   8892.115    10.9613   3.444549     1.2662     0.0073     0.1380     0.0085     1.2662     1.1839     29.378    30.4693    23.2565    1.45038    2.07273     63.302    6.36657    9.09847  0.000e+00
        694     29.627     42.970   3225.064   8892.116    10.9604   3.444550     1.2674     0.0061     0.1355     0.0085     1.2674     1.1426     29.378    30.4700    23.2573    1.45314    2.07669     63.422    6.36667    9.09860  0.000e+00
        695     29.627     42.970   3225.127   8892.117    10.9613   3.444550     1.2686     0.0073     0.1368     0.0085     1.2686     1.1633     29.378    30.4693    23.2565    1.45587    2.08058     63.541    6.36657    9.09847  0.000e+00
        696     29.627     42.970   3225.127   8892.118    10.9613   3.444551     1.2686     0.0073     0.1355     0.0085     1.2686     1.1426     29.378    30.4693    23.2565    1.45587    2.08058     63.541    6.36657    9.09847  0.000e+00
        697     29.627     42.970   3225.190   8892.119    10.9623   3.444552     1.2686     0.0073     0.1380     0.0085     1.2686     1.1839     29.378    30.4685    23.2558    1.45585    2.08055     63.540    6.36647    9.09833  0.000e+00
        698     29.627     42.970   3225.126   8892.120    10.9613   3.444553     1.2686     0.0061     0.1368     0.0085     1.2686     1.1633     29.378    30.4693    23.2565    1.45587    2.08058     63.541    6.36657    9.09846  0.000e+00
        699     29.627     42.970   3225.126   8892.120    10.9613   3.444553     1.2686     0.0073     0.1380     0.0085     1.2686     1.1839     29.378    30.4693    23.2565    1.45587    2.08058     63.541    6.36657    9.09846  0.000e+00
        700     29.627     42.970   3225.063   8892.121    10.9604   3.444554     1.2698     0.0073     0.1368     0.0085     1.2698     1.1633     29.378    30.4701    23.2573    1.45864    2.08454     63.662    6.36667    9.09860  0.000e+00
        701     29.627     42.970   3225.063   8892.122    10.9604   3.444555     1.2698     0.0073     0.1368     0.0085     1.2698     1.1633     29.378    30.4701    23.2573    1.45864    2.08454     63.662    6.36667    9.09860  0.000e+00
        702     29.627     42.970   3225.126   8892.123    10.9613   3.444556     1.2711     0.0073     0.1380     0.0085     1.2711     1.1839     29.378    30.4693    23.2566    1.46136    2.08843     63.781    6.36657    9.09846  0.000e+00
        703     29.627     42.970   3225.126   8892.124    10.9613   3.444556     1.2698     0.0073     0.1368     0.0085     1.2698     1.1633     29.378    30.4693    23.2566    1.45862    2.08451     63.661    6.36657    9.09846  0.000e+00
        704     29.627     42.970   3225.062   8892.125    10.9604   3.444557     1.2711     0.0073     0.1355     0.0085     1.2711     1.1426     29.378    30.4701    23.2573    1.46138    2.08846     63.782    6.36667    9.09860  0.000e+00
        705     29.627     42.970   3225.125   8892.126    10.9613   3.444558     1.2711     0.0073     0.1355     0.0085     1.2711     1.1426     29.378    30.4694    23.2566    1.46136    2.08843     63.781    6.36657    9.09846  0.000e+00
        706     29.627     42.970   3224.999   8892.127    10.9595   3.444559     1.2711     0.0061     0.1355     0.0085     1.2711     1.1426     29.378    30.4709    23.2581    1.46140    2.08849     63.783    6.36676    9.09874  0.000e+00
        707     29.627     42.970   3225.062   8892.314    10.9604   3.444722     1.2698     0.0073     0.1368     0.0085     1.2698     1.1633     29.378    30.4717    23.2586    1.45862    2.08452     63.661    6.36660    9.09851  0.000e+00
        708     29.627     42.970   3225.125   8892.315    10.9613   3.444722     1.2698     0.0061     0.1368     0.0085     1.2698     1.1633     29.378    30.4710    23.2578    1.45860    2.08449     63.660    6.36650    9.09837  0.000e+00
        709     29.627     42.970   3225.062   8892.316    10.9604   3.444723     1.2711     0.0073     0.1355     0.0098     1.2711     1.1426     29.378    30.4718    23.2586    1.46137    2.08844     63.781    6.36660    9.09851  0.000e+00
        710     29.627     42.970   3224.999   8892.316    10.9595   3.444724     1.2711     0.0061     0.1368     0.0085     1.2711     1.1633     29.378    30.4725    23.2594    1.46139    2.08847     63.782    6.36670    9.09865  0.000e+00
        711     29.627     42.970   3225.125   8892.317    10.9613   3.444725     1.2711     0.0073     0.1355     0.0085     1.2711     1.1426     29.378    30.4710    23.2579    1.46135    2.08841     63.780    6.36650    9.09837  0.000e+00
        712     29.627     42.970   3225.061   8892.318    10.9604   3.444725     1.2711     0.0061     0.1355     0.0085     1.2711     1.1426     29.378    30.4718    23.2586    1.46137    2.08844     63.781    6.36660    9.09851  0.000e+00
        713     29.627     42.970   3225.061   8892.133    10.9604   3.444564     1.2711     0.0073     0.1368     0.0085     1.2711     1.1633     29.378    30.4702    23.2574    1.46138    2.08846     63.782    6.36666    9.09860  0.000e+00
        714     29.627     42.970   3225.124   8892.133    10.9613   3.444565     1.2711     0.0073     0.1355     0.0085     1.2711     1.1426     29.378    30.4694    23.2566    1.46136    2.08843     63.781    6.36657    9.09846  0.000e+00
        715     29.627     42.970   3225.061   8892.134    10.9604   3.444565     1.2711     0.0061     0.1368     0.0085     1.2711     1.1633     29.378    30.4702    23.2574    1.46138    2.08846     63.782    6.36666    9.09860  0.000e+00
        716     29.627     42.970   3225.061   8892.135    10.9604   3.444566     1.2711     0.0073     0.1355     0.0085     1.2711     1.1426     29.378    30.4702    23.2574    1.46138    2.08846     63.782    6.36666    9.09860  0.000e+00
        717     29.627     42.970   3225.061   8892.136    10.9604   3.444567     1.2711     0.0061     0.1355     0.0085     1.2711     1.1426     29.378    30.4702    23.2574    1.46138    2.08846     63.782    6.36666    9.09860  0.000e+00
        718     29.627     42.970   3225.061   8892.137    10.9604   3.444568     1.2698     0.0073     0.1355     0.0098     1.2698     1.1426     29.378    30.4702    23.2574    1.45864    2.08454     63.662    6.36666    9.09860  0.000e+00
        719     29.627     42.970   3225.061   8892.324    10.9604   3.444731     1.2711     0.0073     0.1355     0.0085     1.2711     1.1426     29.378    30.4718    23.2587    1.46137    2.08844     63.781    6.36660    9.09851  0.000e+00
        720     29.627     42.970   3225.061   8892.325    10.9604   3.444731     1.2711     0.0073     0.1368     0.0085     1.2711     1.1633     29.378    30.4718    23.2587    1.46137    2.08844     63.781    6.36660    9.09851  0.000e+00
        721     29.627     42.970   3225.060   8893.259    10.9604   3.445544     1.2723     0.0073     0.1368     0.0085     1.2723     1.1633     29.378    30.4798    23.2649    1.46404    2.09226     63.897    6.36628    9.09805  0.000e+00
        722     29.582     42.905   3224.997   8892.140    10.9595   3.444571     1.2711     0.0073     0.1368     0.0085     1.2711     1.1633     29.334    30.4711    23.2582    1.46139    2.08848     63.782    6.36676    9.09874  0.000e+00
        723     29.493     42.775   3225.123   8892.141    10.9613   3.444571     1.2723     0.0073     0.1380     0.0085     1.2723     1.1839     29.245    30.4696    23.2567    1.46408    2.09232     63.900    6.36656    9.09846  0.000e+00
        724     29.403     42.645   3225.060   8891.956    10.9604   3.444410     1.2723     0.0073     0.1355     0.0085     1.2723     1.1426     29.156    30.4688    23.2563    1.46410    2.09234     63.901    6.36672    9.09868  0.000e+00
