unitTesting/processed_seabird_noalign/ORCA1_CAST0045.cnv
* Sea-Bird SBE 19 Data File:
* FileName =
* Software Version 4.234
* Temperature SN = 2835
* Conductivity SN = 2835
* System UpLoad Time = Sun Jan 30 06:10:47 2005

** Ship: ORCA
** Cruise: Mooring
** Station: Twanoh
** Latitude: 47 22.5
** Longitude: 123 0.5
# nquan = 22
# nvalues = 927                                   
# units = specified
# name 0 = scan: Scan Count
# name 1 = prSM: Pressure, Strain Gauge [db]
# name 2 = prSE: Pressure, Strain Gauge [psi]
# name 3 = f0: Frequency 0
# name 4 = f1: Frequency 1
# name 5 = t090C: Temperature [ITS-90, deg C]
# name 6 = c0S/m: Conductivity [S/m]
# name 7 = v0: Voltage 0
# name 8 = v1: Voltage 1
# name 9 = v2: Voltage 2
# name 10 = v3: Voltage 3
# name 11 = sbeox0V: Oxygen raw, SBE 43 [V]
# name 12 = wetStar: Fluorescence, WET Labs WETstar [mg/m^3]
# name 13 = depSM: Depth [salt water, m], lat = 47.28
# name 14 = sal00: Salinity, Practical [PSU]
# name 15 = sigma-t00: Density [sigma-t, Kg/m^3 ]
# name 16 = sbeox0ML/L: Oxygen, SBE 43 [ml/l]
# name 17 = sbeox0Mg/L: Oxygen, SBE 43 [mg/l]
# name 18 = sbeox0Mm/Kg: Oxygen, SBE 43 [umol/Kg]
# name 19 = oxsatML/L: Oxygen Saturation, Weiss [ml/l]
# name 20 = oxsatMg/L: Oxygen Saturation, Weiss [mg/l]
# name 21 = flag:  0.000e+00
# span 0 =          1,        927                 
# span 1 =      0.996,     29.582                 
# span 2 =      1.444,     42.905                 
# span 3 =   3090.006,   3232.702                 
# span 4 =   7436.394,   8899.794                 
# span 5 =     8.9688,    11.0713                 
# span 6 =   2.283018,   3.451231                 
# span 7 =     0.0000,     2.8498                 
# span 8 =     0.0000,     0.0073                 
# span 9 =     0.0000,     0.3162                 
# span 10 =     0.0000,     0.0098                
# span 11 =     0.0000,     2.8498                
# span 12 =    -1.1506,     4.2002                
# span 13 =      0.988,     29.334                
# span 14 =    20.4597,    30.4934                
# span 15 =    15.7598,    23.2667                
# span 16 =   -1.39808,    5.46309                
# span 17 =   -1.99799,    7.80730                
# span 18 =    -61.041,    240.135                
# span 19 =    6.35868,    7.09209                
# span 20 =    9.08718,   10.13530                
# span 21 = 0.0000e+00, 0.0000e+00                
# interval = seconds: 0.5
# start_time = Jan 31 2016 20:27:37 [DatCnv date, localtime]
# bad_flag = -9.990e-29
*END*
[from data line 659]
        660     17.992     26.095   3224.119   8861.484    10.9467   3.417943     1.2503     0.0073     0.1624     0.0085     1.2503     1.5971     17.841    30.2250    23.0691    1.41504    2.02224     61.771    6.37842    9.11540  0.000e+00
        661     18.126     26.289   3227.343   8863.543    10.9935   3.419728     1.2393     0.0061     0.1612     0.0085     1.2393     1.5765     17.974    30.2039    23.0447    1.38920    1.98530     60.644    6.37276    9.10731  0.000e+00
        662     18.260     26.484   3228.797   8865.040    11.0146   3.421026     1.2295     0.0073     0.1600     0.0085     1.2295     1.5558     18.107    30.1993    23.0375    1.36671    1.95316     59.663    6.37001    9.10339  0.000e+00
        663     18.350     26.614   3229.556   8865.414    11.0256   3.421350     1.2161     0.0073     0.1587     0.0085     1.2161     1.5352     18.196    30.1933    23.0310    1.33629    1.90969     58.335    6.36872    9.10154  0.000e+00
        664     18.439     26.744   3229.745   8865.976    11.0284   3.421837     1.2039     0.0073     0.1587     0.0098     1.2039     1.5352     18.285    30.1958    23.0324    1.30877    1.87036     57.134    6.36824    9.10085  0.000e+00
        665     18.573     26.938   3229.746   8865.602    11.0284   3.421513     1.1941     0.0061     0.1600     0.0085     1.1941     1.5558     18.418    30.1926    23.0299    1.28687    1.83906     56.178    6.36837    9.10104  0.000e+00
        666     18.663     27.068   3229.430   8865.041    11.0238   3.421027     1.1856     0.0073     0.1575     0.0098     1.1856     1.5145     18.507    30.1916    23.0299    1.26780    1.81182     55.345    6.36905    9.10201  0.000e+00
        667     18.797     27.263   3228.418   8863.170    11.0091   3.419404     1.1795     0.0061     0.1538     0.0085     1.1795     1.4525     18.640    30.1877    23.0294    1.25451    1.79282     54.765    6.37124    9.10514  0.000e+00
        668     18.931     27.458   3227.534   8862.609    10.9963   3.418918     1.1722     0.0073     0.1514     0.0098     1.1722     1.4112     18.773    30.1934    23.0361    1.23834    1.76971     54.059    6.37279    9.10736  0.000e+00
        669     19.021     27.587   3226.775   8861.861    10.9853   3.418269     1.1648     0.0061     0.1514     0.0085     1.1648     1.4112     18.862    30.1961    23.0400    1.22214    1.74655     53.351    6.37422    9.10940  0.000e+00
        670     19.155     27.782   3226.080   8863.358    10.9752   3.419568     1.1563     0.0073     0.1490     0.0085     1.1563     1.3699     18.995    30.2170    23.0580    1.20302    1.71924     52.516    6.37478    9.11020  0.000e+00
        671     19.244     27.912   3226.396   8867.100    10.9798   3.422813     1.1465     0.0061     0.1502     0.0085     1.1465     1.3905     19.083    30.2450    23.0790    1.18074    1.68740     51.542    6.37302    9.10768  0.000e+00
        672     19.334     28.042   3227.850   8876.073    11.0009   3.430602     1.1355     0.0061     0.1490     0.0085     1.1355     1.3699     19.172    30.3039    23.1212    1.15512    1.65078     50.422    6.36772    9.10011  0.000e+00
        673     19.468     28.236   3230.000   8879.436    11.0321   3.433522     1.1221     0.0073     0.1514     0.0085     1.1221     1.4112     19.305    30.3067    23.1180    1.12422    1.60662     49.073    6.36328    9.09376  0.000e+00
        674     19.602     28.431   3230.758   8879.623    11.0431   3.433685     1.1123     0.0073     0.1490     0.0085     1.1123     1.3699     19.438    30.2992    23.1103    1.10211    1.57502     48.108    6.36205    9.09201  0.000e+00
        675     19.692     28.561   3230.695   8879.810    11.0422   3.433847     1.1013     0.0073     0.1477     0.0085     1.1013     1.3492     19.527    30.3015    23.1122    1.07745    1.53978     47.032    6.36209    9.09206  0.000e+00
        676     19.781     28.691   3230.632   8879.997    11.0413   3.434010     1.0891     0.0061     0.1453     0.0085     1.0891     1.3079     19.616    30.3038    23.1142    1.05005    1.50063     45.836    6.36212    9.09211  0.000e+00
        677     19.916     28.885   3230.633   8879.998    11.0413   3.434010     1.0818     0.0073     0.1441     0.0085     1.0818     1.2872     19.749    30.3038    23.1141    1.03362    1.47715     45.119    6.36212    9.09211  0.000e+00
        678     20.005     29.015   3230.570   8880.932    11.0404   3.434821     1.0769     0.0073     0.1441     0.0085     1.0769     1.2872     19.838    30.3124    23.1210    1.02263    1.46144     44.638    6.36190    9.09180  0.000e+00
        679     20.095     29.145   3230.633   8881.119    11.0413   3.434984     1.0720     0.0073     0.1441     0.0098     1.0720     1.2872     19.926    30.3132    23.1215    1.01165    1.44575     44.159    6.36174    9.09157  0.000e+00
        680     20.184     29.275   3230.696   8881.119    11.0422   3.434984     1.0696     0.0061     0.1453     0.0085     1.0696     1.3079     20.015    30.3124    23.1207    1.00616    1.43791     43.920    6.36165    9.09143  0.000e+00
        681     20.318     29.469   3230.696   8881.306    11.0422   3.435147     1.0684     0.0073     0.1429     0.0085     1.0684     1.2666     20.148    30.3140    23.1219    1.00343    1.43400     43.800    6.36159    9.09134  0.000e+00
        682     20.497     29.729   3230.570   8881.866    11.0404   3.435634     1.0672     0.0073     0.1429     0.0085     1.0672     1.2666     20.326    30.3202    23.1270    1.00071    1.43012     43.682    6.36159    9.09135  0.000e+00
        683     20.632     29.924   3230.444   8881.680    11.0385   3.435472     1.0647     0.0073     0.1429     0.0085     1.0647     1.2666     20.459    30.3200    23.1272    0.99528    1.42236     43.445    6.36185    9.09172  0.000e+00
        684     20.721     30.053   3230.507   8881.493    11.0395   3.435310     1.0647     0.0073     0.1416     0.0085     1.0647     1.2459     20.547    30.3177    23.1252    0.99529    1.42237     43.445    6.36182    9.09167  0.000e+00
        685     20.811     30.183   3230.318   8881.680    11.0367   3.435472     1.0635     0.0073     0.1416     0.0085     1.0635     1.2459     20.636    30.3215    23.1287    0.99259    1.41852     43.327    6.36205    9.09200  0.000e+00
        686     20.900     30.313   3230.192   8881.867    11.0349   3.435635     1.0635     0.0073     0.1392     0.0085     1.0635     1.2046     20.725    30.3246    23.1314    0.99262    1.41856     43.328    6.36218    9.09219  0.000e+00
        687     20.990     30.443   3230.002   8881.868    11.0321   3.435635     1.0623     0.0073     0.1392     0.0085     1.0623     1.2046     20.814    30.3268    23.1336    0.98994    1.41472     43.211    6.36247    9.09260  0.000e+00
        688     21.124     30.637   3230.192   8882.055    11.0349   3.435798     1.0647     0.0073     0.1392     0.0085     1.0647     1.2046     20.947    30.3261    23.1325    0.99539    1.42251     43.449    6.36212    9.09210  0.000e+00
        689     21.168     30.702   3230.255   8882.055    11.0358   3.435798     1.0635     0.0073     0.1392     0.0085     1.0635     1.2046     20.991    30.3253    23.1318    0.99264    1.41858     43.329    6.36202    9.09196  0.000e+00
        690     21.303     30.897   3230.129   8882.242    11.0340   3.435960     1.0647     0.0073     0.1429     0.0085     1.0647     1.2666     21.124    30.3283    23.1345    0.99542    1.42255     43.450    6.36215    9.09215  0.000e+00
        691     21.392     31.027   3229.940   8882.429    11.0312   3.436123     1.0635     0.0073     0.1380     0.0085     1.0635     1.1839     21.213    30.3322    23.1379    0.99272    1.41869     43.332    6.36238    9.09248  0.000e+00
        692     21.482     31.157   3229.940   8882.429    11.0312   3.436123     1.0659     0.0061     0.1368     0.0085     1.0659     1.1633     21.302    30.3321    23.1379    0.99821    1.42655     43.572    6.36238    9.09248  0.000e+00
        693     21.571     31.286   3230.003   8882.803    11.0321   3.436448     1.0659     0.0073     0.1380     0.0085     1.0659     1.1839     21.390    30.3345    23.1396    0.99819    1.42652     43.571    6.36216    9.09216  0.000e+00
        694     21.705     31.481   3230.003   8882.616    11.0321   3.436286     1.0684     0.0061     0.1368     0.0085     1.0684     1.1633     21.524    30.3329    23.1383    1.00371    1.43440     43.812    6.36222    9.09225  0.000e+00
        695     21.795     31.611   3229.751   8882.990    11.0285   3.436611     1.0696     0.0073     0.1368     0.0085     1.0696     1.1633     21.612    30.3390    23.1437    1.00650    1.43838     43.933    6.36248    9.09262  0.000e+00
        696     21.884     31.741   3229.751   8882.990    11.0285   3.436611     1.0708     0.0073     0.1380     0.0085     1.0708     1.1839     21.701    30.3390    23.1437    1.00925    1.44232     44.054    6.36248    9.09263  0.000e+00
        697     22.019     31.935   3229.751   8883.177    11.0285   3.436773     1.0733     0.0073     0.1392     0.0085     1.0733     1.2046     21.834    30.3405    23.1449    1.01474    1.45017     44.293    6.36242    9.09254  0.000e+00
        698     22.108     32.065   3229.562   8883.177    11.0257   3.436774     1.0745     0.0061     0.1355     0.0085     1.0745     1.1426     21.923    30.3428    23.1471    1.01754    1.45417     44.415    6.36271    9.09295  0.000e+00
        699     22.198     32.195   3229.499   8883.178    11.0248   3.436774     1.0769     0.0073     0.1355     0.0085     1.0769     1.1426     22.012    30.3435    23.1478    1.02305    1.46205     44.656    6.36281    9.09309  0.000e+00
        700     22.287     32.325   3229.625   8883.365    11.0267   3.436936     1.0769     0.0061     0.1355     0.0085     1.0769     1.1426     22.100    30.3435    23.1475    1.02303    1.46201     44.655    6.36256    9.09273  0.000e+00
        701     22.421     32.519   3229.499   8883.365    11.0248   3.436937     1.0794     0.0073     0.1355     0.0085     1.0794     1.1426     22.234    30.3450    23.1490    1.02856    1.46992     44.896    6.36275    9.09301  0.000e+00
        702     22.511     32.649   3229.309   8883.552    11.0221   3.437099     1.0806     0.0061     0.1355     0.0085     1.0806     1.1426     22.322    30.3488    23.1524    1.03135    1.47390     45.018    6.36298    9.09333  0.000e+00
        703     22.600     32.779   3229.183   8883.552    11.0202   3.437100     1.0818     0.0073     0.1355     0.0085     1.0818     1.1426     22.411    30.3503    23.1539    1.03413    1.47788     45.139    6.36317    9.09361  0.000e+00
        704     22.735     32.974   3229.057   8883.552    11.0184   3.437100     1.0830     0.0061     0.1392     0.0085     1.0830     1.2046     22.544    30.3518    23.1553    1.03693    1.48187     45.261    6.36337    9.09389  0.000e+00
        705     22.824     33.104   3228.994   8883.366    11.0175   3.436938     1.0855     0.0073     0.1368     0.0085     1.0855     1.1633     22.633    30.3509    23.1548    1.04245    1.48977     45.502    6.36353    9.09412  0.000e+00
        706     22.958     33.298   3228.931   8883.926    11.0166   3.437425     1.0867     0.0061     0.1368     0.0085     1.0867     1.1633     22.766    30.3564    23.1592    1.04520    1.49369     45.622    6.36344    9.09399  0.000e+00
        707     23.003     33.363   3228.931   8885.233    11.0166   3.438561     1.0879     0.0061     0.1368     0.0085     1.0879     1.1633     22.810    30.3675    23.1679    1.04787    1.49751     45.738    6.36299    9.09335  0.000e+00
        708     23.137     33.558   3228.805   8885.607    11.0147   3.438886     1.0916     0.0073     0.1368     0.0085     1.0916     1.1633     22.943    30.3721    23.1718    1.05613    1.50931     46.099    6.36306    9.09345  0.000e+00
        709     23.227     33.688   3228.868   8886.913    11.0157   3.440022     1.0952     0.0073     0.1368     0.0085     1.0952     1.1633     23.032    30.3824    23.1797    1.06428    1.52097     46.454    6.36252    9.09267  0.000e+00
        710     23.406     33.947   3229.058   8887.847    11.0184   3.440833     1.0977     0.0073     0.1355     0.0085     1.0977     1.1426     23.210    30.3880    23.1836    1.06970    1.52870     46.690    6.36191    9.09181  0.000e+00
        711     23.495     34.077   3229.185   8888.034    11.0203   3.440996     1.1001     0.0073     0.1368     0.0085     1.1001     1.1633     23.298    30.3881    23.1833    1.07515    1.53650     46.928    6.36165    9.09144  0.000e+00
        712     23.630     34.272   3229.248   8887.847    11.0212   3.440834     1.1026     0.0073     0.1380     0.0085     1.1026     1.1839     23.432    30.3857    23.1812    1.08066    1.54437     47.169    6.36162    9.09140  0.000e+00
        713     23.719     34.402   3229.311   8888.594    11.0221   3.441483     1.1050     0.0073     0.1380     0.0085     1.1050     1.1839     23.520    30.3912    23.1854    1.08610    1.55214     47.406    6.36127    9.09089  0.000e+00
        714     23.809     34.531   3229.185   8888.407    11.0203   3.441321     1.1074     0.0061     0.1380     0.0098     1.1074     1.1839     23.609    30.3911    23.1856    1.09164    1.56006     47.648    6.36153    9.09126  0.000e+00
        715     23.943     34.726   3229.122   8888.967    11.0194   3.441808     1.1111     0.0073     0.1368     0.0085     1.1111     1.1633     23.742    30.3966    23.1901    1.09987    1.57182     48.007    6.36144    9.09113  0.000e+00
        716     24.032     34.856   3229.122   8888.968    11.0194   3.441809     1.1123     0.0061     0.1380     0.0085     1.1123     1.1839     23.831    30.3966    23.1900    1.10262    1.57576     48.127    6.36144    9.09113  0.000e+00
        717     24.122     34.986   3228.933   8888.968    11.0166   3.441809     1.1160     0.0073     0.1380     0.0085     1.1160     1.1839     23.920    30.3988    23.1922    1.11091    1.58761     48.489    6.36173    9.09155  0.000e+00
        718     24.256     35.181   3228.743   8889.341    11.0139   3.442134     1.1172     0.0073     0.1368     0.0085     1.1172     1.1633     24.053    30.4042    23.1969    1.11370    1.59159     48.610    6.36190    9.09178  0.000e+00
        719     24.346     35.310   3228.807   8889.342    11.0148   3.442134     1.1221     0.0073     0.1368     0.0085     1.1221     1.1633     24.142    30.4034    23.1961    1.12467    1.60727     49.089    6.36180    9.09165  0.000e+00
        720     24.435     35.440   3228.680   8889.342    11.0129   3.442134     1.1233     0.0073     0.1380     0.0085     1.1233     1.1839     24.230    30.4049    23.1976    1.12746    1.61125     49.211    6.36199    9.09193  0.000e+00
        721     24.569     35.635   3228.807   8889.342    11.0148   3.442134     1.1270     0.0073     0.1355     0.0085     1.1270     1.1426     24.363    30.4033    23.1961    1.13568    1.62300     49.570    6.36180    9.09165  0.000e+00
        722     24.659     35.765   3228.807   8889.529    11.0148   3.442297     1.1294     0.0073     0.1368     0.0085     1.1294     1.1633     24.452    30.4049    23.1973    1.14117    1.63084     49.809    6.36174    9.09156  0.000e+00
        723     24.748     35.895   3228.807   8889.343    11.0148   3.442135     1.1319     0.0073     0.1355     0.0085     1.1319     1.1426     24.541    30.4033    23.1960    1.14668    1.63872     50.050    6.36180    9.09165  0.000e+00
        724     24.883     36.089   3228.871   8889.529    11.0157   3.442297     1.1331     0.0073     0.1368     0.0085     1.1331     1.1633     24.674    30.4040    23.1965    1.14942    1.64263     50.169    6.36165    9.09143  0.000e+00
