unitTesting/processed_seabird_noalign/ORCA1_CAST0004.cnv
* Sea-Bird SBE 19 Data File:
* FileName =
* Software Version 4.234
* Temperature SN = 2835
* Conductivity SN = 2835
* System UpLoad Time = Wed Jan 19 23:48:47 2005

** Ship: ORCA
** Cruise: Mooring
** Station: Twanoh
** Latitude: 47 22.5
** Longitude: 123 0.5
# nquan = 22
# nvalues = 914                                   
# units = specified
# name 0 = scan: Scan Count
# name 1 = prSM: Pressure, Strain Gauge [db]
# name 2 = prSE: Pressure, Strain Gauge [psi]
# name 3 = f0: Frequency 0
# name 4 = f1: Frequency 1
# name 5 = t090C: Temperature [ITS-90, deg C]
# name 6 = c0S/m: Conductivity [S/m]
# name 7 = v0: Voltage 0
# name 8 = v1: Voltage 1
# name 9 = v2: Voltage 2
# name 10 = v3: Voltage 3
# name 11 = sbeox0V: Oxygen raw, SBE 43 [V]
# name 12 = wetStar: Fluorescence, WET Labs WETstar [mg/m^3]
# name 13 = depSM: Depth [salt water, m], lat = 47.28
# name 14 = sal00: Salinity, Practical [PSU]
# name 15 = sigma-t00: Density [sigma-t, Kg/m^3 ]
# name 16 = sbeox0ML/L: Oxygen, SBE 43 [ml/l]
# name 17 = sbeox0Mg/L: Oxygen, SBE 43 [mg/l]
# name 18 = sbeox0Mm/Kg: Oxygen, SBE 43 [umol/Kg]
# name 19 = oxsatML/L: Oxygen Saturation, Weiss [ml/l]
# name 20 = oxsatMg/L: Oxygen Saturation, Weiss [mg/l]
# name 21 = flag:  0.000e+00
# span 0 =          1,        914                 
# span 1 =      0.996,     29.627                 
# span 2 =      1.444,     42.970                 
# span 3 =   3030.109,   3232.936                 
# span 4 =   7390.124,   8910.182                 
# span 5 =     8.0657,    11.0747                 
# span 6 =   2.249542,   3.460282                 
# span 7 =     0.0000,     3.0330                 
# span 8 =     0.0000,     0.0073                 
# span 9 =     0.0000,     0.6300                 
# span 10 =     0.0000,     0.0098                
# span 11 =     0.0000,     3.0330                
# span 12 =    -1.1506,     9.5097                
# span 13 =      0.988,     29.378                
# span 14 =    20.5210,    30.5410                
# span 15 =    15.8913,    23.2952                
# span 16 =   -1.39371,    5.98255                
# span 17 =   -1.99175,    8.54966                
# span 18 =    -60.833,    262.935                
# span 19 =    6.34961,    7.21310                
# span 20 =    9.07423,   10.30824                
# span 21 = 0.0000e+00, 0.0000e+00                
# interval = seconds: 0.5
# start_time = Jan 31 2016 20:27:01 [DatCnv date, localtime]
# bad_flag = -9.990e-29
*END*
[from data line 725]
        726     26.270     38.101   3232.219   8909.048    11.0643   3.459292     1.3346     0.0073     0.1319     0.0085     1.3346     1.0806     26.050    30.5297    23.2858    1.59951    2.28586     69.808    6.34989    9.07463  0.000e+00
        727     26.404     38.296   3232.219   8909.109    11.0643   3.459346     1.3370     0.0073     0.1306     0.0085     1.3370     1.0600     26.183    30.5302    23.2861    1.60501    2.29372     70.049    6.34987    9.07460  0.000e+00
        728     26.449     38.361   3232.219   8909.108    11.0643   3.459345     1.3370     0.0073     0.1331     0.0098     1.3370     1.1013     26.227    30.5301    23.2861    1.60502    2.29373     70.049    6.34987    9.07460  0.000e+00
        729     26.583     38.556   3232.282   8908.921    11.0652   3.459182     1.3370     0.0061     0.1319     0.0085     1.3370     1.0806     26.360    30.5277    23.2841    1.60504    2.29377     70.050    6.34984    9.07456  0.000e+00
        730     26.673     38.686   3232.156   8908.920    11.0634   3.459181     1.3370     0.0061     0.1294     0.0085     1.3370     1.0393     26.449    30.5292    23.2855    1.60511    2.29386     70.053    6.35004    9.07484  0.000e+00
        731     26.762     38.815   3232.156   8908.919    11.0634   3.459180     1.3394     0.0073     0.1294     0.0098     1.3394     1.0393     26.538    30.5292    23.2855    1.61061    2.30172     70.293    6.35004    9.07484  0.000e+00
        732     26.852     38.945   3232.156   8909.104    11.0634   3.459341     1.3407     0.0073     0.1294     0.0085     1.3407     1.0393     26.627    30.5307    23.2867    1.61335    2.30564     70.412    6.34998    9.07475  0.000e+00
        733     26.941     39.075   3232.219   8909.103    11.0643   3.459340     1.3407     0.0073     0.1319     0.0085     1.3407     1.0806     26.715    30.5299    23.2859    1.61335    2.30563     70.412    6.34988    9.07461  0.000e+00
        734     27.031     39.205   3232.219   8909.102    11.0643   3.459339     1.3419     0.0061     0.1355     0.0085     1.3419     1.1426     26.804    30.5298    23.2859    1.61611    2.30958     70.533    6.34988    9.07462  0.000e+00
        735     27.165     39.400   3232.219   8909.101    11.0643   3.459338     1.3455     0.0073     0.1306     0.0098     1.3455     1.0600     26.937    30.5298    23.2858    1.62435    2.32136     70.893    6.34988    9.07462  0.000e+00
        736     27.255     39.529   3232.219   8909.286    11.0643   3.459500     1.3455     0.0061     0.1282     0.0085     1.3455     1.0187     27.026    30.5313    23.2870    1.62436    2.32137     70.893    6.34982    9.07453  0.000e+00
        737     27.344     39.659   3232.282   8909.285    11.0652   3.459499     1.3468     0.0061     0.1294     0.0085     1.3468     1.0393     27.115    30.5305    23.2862    1.62709    2.32528     71.012    6.34973    9.07440  0.000e+00
        738     27.478     39.854   3232.282   8909.097    11.0652   3.459336     1.3468     0.0073     0.1282     0.0098     1.3468     1.0187     27.248    30.5289    23.2850    1.62714    2.32535     71.014    6.34979    9.07449  0.000e+00
        739     27.568     39.984   3232.282   8909.283    11.0652   3.459497     1.3492     0.0073     0.1282     0.0098     1.3492     1.0187     27.337    30.5304    23.2862    1.63262    2.33318     71.254    6.34973    9.07440  0.000e+00
        740     27.657     40.114   3232.282   8909.281    11.0652   3.459496     1.3504     0.0073     0.1306     0.0085     1.3504     1.0600     27.425    30.5304    23.2861    1.63538    2.33712     71.374    6.34973    9.07441  0.000e+00
        741     27.747     40.244   3232.219   8909.280    11.0643   3.459495     1.3504     0.0061     0.1282     0.0085     1.3504     1.0187     27.514    30.5311    23.2868    1.63543    2.33719     71.376    6.34983    9.07455  0.000e+00
        742     27.881     40.438   3232.219   8909.279    11.0643   3.459494     1.3516     0.0073     0.1282     0.0098     1.3516     1.0187     27.647    30.5310    23.2868    1.63820    2.34114     71.497    6.34983    9.07455  0.000e+00
        743     27.971     40.568   3232.219   8909.464    11.0643   3.459656     1.3516     0.0073     0.1294     0.0085     1.3516     1.0393     27.736    30.5326    23.2880    1.63820    2.34115     71.497    6.34977    9.07446  0.000e+00
        744     28.105     40.763   3232.282   8909.463    11.0652   3.459655     1.3529     0.0061     0.1282     0.0085     1.3529     1.0187     27.869    30.5317    23.2872    1.64095    2.34508     71.617    6.34968    9.07433  0.000e+00
        745     28.195     40.893   3232.219   8909.462    11.0643   3.459654     1.3529     0.0073     0.1282     0.0085     1.3529     1.0187     27.958    30.5325    23.2879    1.64099    2.34514     71.619    6.34978    9.07447  0.000e+00
        746     28.284     41.023   3232.219   8909.461    11.0643   3.459653     1.3553     0.0073     0.1282     0.0085     1.3553     1.0187     28.047    30.5324    23.2879    1.64649    2.35300     71.859    6.34978    9.07447  0.000e+00
        747     28.374     41.152   3232.283   8909.460    11.0652   3.459652     1.3553     0.0073     0.1306     0.0085     1.3553     1.0600     28.135    30.5316    23.2871    1.64649    2.35299     71.859    6.34968    9.07433  0.000e+00
        748     28.463     41.282   3232.219   8909.459    11.0643   3.459651     1.3553     0.0061     0.1282     0.0085     1.3553     1.0187     28.224    30.5323    23.2878    1.64653    2.35305     71.860    6.34978    9.07447  0.000e+00
        749     28.597     41.477   3232.219   8909.458    11.0643   3.459650     1.3565     0.0073     0.1294     0.0085     1.3565     1.0393     28.357    30.5323    23.2878    1.64930    2.35701     71.981    6.34978    9.07448  0.000e+00
        750     28.687     41.607   3232.219   8909.457    11.0643   3.459649     1.3565     0.0073     0.1331     0.0085     1.3565     1.1013     28.446    30.5322    23.2877    1.64932    2.35704     71.982    6.34979    9.07448  0.000e+00
        751     28.821     41.802   3232.283   8909.456    11.0652   3.459648     1.3565     0.0073     0.1306     0.0085     1.3565     1.0600     28.579    30.5314    23.2869    1.64933    2.35705     71.983    6.34969    9.07435  0.000e+00
        752     28.866     41.866   3232.283   8909.641    11.0652   3.459810     1.3565     0.0073     0.1282     0.0085     1.3565     1.0187     28.624    30.5329    23.2881    1.64932    2.35704     71.982    6.34963    9.07426  0.000e+00
        753     28.955     41.996   3232.220   8909.640    11.0643   3.459809     1.3578     0.0061     0.1294     0.0085     1.3578     1.0393     28.712    30.5337    23.2888    1.65210    2.36102     72.104    6.34973    9.07440  0.000e+00
        754     29.179     42.321   3232.220   8909.825    11.0643   3.459970     1.3578     0.0073     0.1294     0.0085     1.3578     1.0393     28.934    30.5352    23.2900    1.65214    2.36107     72.105    6.34967    9.07431  0.000e+00
        755     29.269     42.451   3232.156   8909.824    11.0634   3.459969     1.3578     0.0073     0.1319     0.0085     1.3578     1.0806     29.023    30.5359    23.2907    1.65218    2.36113     72.107    6.34977    9.07445  0.000e+00
        756     29.358     42.581   3232.220   8910.009    11.0643   3.460131     1.3590     0.0073     0.1294     0.0085     1.3590     1.0393     29.112    30.5367    23.2912    1.65490    2.36502     72.226    6.34961    9.07423  0.000e+00
        757     29.493     42.775   3232.156   8910.008    11.0634   3.460130     1.3590     0.0073     0.1294     0.0098     1.3590     1.0393     29.245    30.5373    23.2919    1.65496    2.36510     72.228    6.34971    9.07437  0.000e+00
        758     29.582     42.905   3232.093   8910.007    11.0625   3.460129     1.3602     0.0073     0.1282     0.0098     1.3602     1.0187     29.334    30.5381    23.2926    1.65774    2.36908     72.349    6.34981    9.07451  0.000e+00
        759     29.627     42.970   3232.093   8910.005    11.0625   3.460128     1.3602     0.0073     0.1270     0.0085     1.3602     0.9980     29.378    30.5380    23.2926    1.65775    2.36909     72.350    6.34981    9.07451  0.000e+00
        760     29.627     42.970   3232.093   8910.004    11.0625   3.460127     1.3590     0.0061     0.1282     0.0085     1.3590     1.0187     29.378    30.5380    23.2926    1.65501    2.36518     72.230    6.34981    9.07451  0.000e+00
        761     29.627     42.970   3232.157   8910.003    11.0634   3.460126     1.3590     0.0073     0.1294     0.0085     1.3590     1.0393     29.378    30.5373    23.2918    1.65499    2.36514     72.229    6.34971    9.07437  0.000e+00
        762     29.627     42.970   3232.093   8910.002    11.0625   3.460125     1.3590     0.0073     0.1282     0.0085     1.3590     1.0187     29.378    30.5380    23.2925    1.65501    2.36518     72.230    6.34981    9.07451  0.000e+00
        763     29.627     42.970   3232.030   8910.001    11.0615   3.460124     1.3602     0.0061     0.1282     0.0085     1.3602     1.0187     29.378    30.5388    23.2933    1.65777    2.36912     72.351    6.34990    9.07465  0.000e+00
        764     29.582     42.905   3232.157   8910.000    11.0634   3.460123     1.3590     0.0073     0.1294     0.0085     1.3590     1.0393     29.334    30.5372    23.2918    1.65498    2.36513     72.229    6.34971    9.07437  0.000e+00
        765     29.627     42.970   3232.094   8909.999    11.0625   3.460122     1.3590     0.0073     0.1343     0.0085     1.3590     1.1220     29.378    30.5380    23.2925    1.65501    2.36518     72.230    6.34981    9.07451  0.000e+00
        766     29.582     42.905   3232.094   8909.998    11.0625   3.460121     1.3590     0.0073     0.1306     0.0085     1.3590     1.0600     29.334    30.5380    23.2925    1.65500    2.36516     72.230    6.34981    9.07451  0.000e+00
        767     29.627     42.970   3232.094   8909.997    11.0625   3.460120     1.3590     0.0061     0.1282     0.0085     1.3590     1.0187     29.378    30.5380    23.2925    1.65501    2.36518     72.230    6.34981    9.07451  0.000e+00
        768     29.627     42.970   3232.094   8910.182    11.0625   3.460282     1.3602     0.0073     0.1294     0.0085     1.3602     1.0393     29.378    30.5395    23.2937    1.65773    2.36907     72.349    6.34975    9.07442  0.000e+00
        769     29.627     42.970   3232.030   8910.181    11.0616   3.460281     1.3602     0.0073     0.1282     0.0085     1.3602     1.0187     29.378    30.5403    23.2945    1.65776    2.36910     72.350    6.34984    9.07456  0.000e+00
        770     29.627     42.970   3232.094   8910.180    11.0625   3.460280     1.3602     0.0073     0.1294     0.0085     1.3602     1.0393     29.378    30.5395    23.2937    1.65773    2.36907     72.349    6.34975    9.07442  0.000e+00
        771     29.627     42.970   3231.967   8910.179    11.0606   3.460279     1.3590     0.0073     0.1282     0.0085     1.3590     1.0187     29.378    30.5410    23.2952    1.65504    2.36522     72.231    6.34994    9.07470  0.000e+00
        772     29.627     42.970   3232.031   8910.178    11.0616   3.460278     1.3602     0.0061     0.1282     0.0085     1.3602     1.0187     29.378    30.5403    23.2945    1.65776    2.36910     72.350    6.34984    9.07456  0.000e+00
        773     29.627     42.970   3232.031   8910.176    11.0616   3.460277     1.3602     0.0073     0.1306     0.0085     1.3602     1.0600     29.378    30.5403    23.2944    1.65776    2.36910     72.350    6.34984    9.07456  0.000e+00
        774     29.627     42.970   3232.094   8910.175    11.0625   3.460276     1.3614     0.0061     0.1282     0.0085     1.3614     1.0187     29.378    30.5395    23.2937    1.66048    2.37299     72.469    6.34975    9.07442  0.000e+00
        775     29.627     42.970   3232.031   8910.174    11.0616   3.460275     1.3614     0.0061     0.1294     0.0085     1.3614     1.0393     29.378    30.5402    23.2944    1.66050    2.37302     72.470    6.34984    9.07456  0.000e+00
        776     29.627     42.970   3232.031   8910.173    11.0616   3.460274     1.3602     0.0073     0.1282     0.0085     1.3602     1.0187     29.378    30.5402    23.2944    1.65776    2.36910     72.350    6.34984    9.07456  0.000e+00
        777     29.627     42.970   3232.031   8910.172    11.0616   3.460273     1.3602     0.0073     0.1282     0.0098     1.3602     1.0187     29.378    30.5402    23.2944    1.65776    2.36910     72.350    6.34984    9.07456  0.000e+00
        778     29.627     42.970   3232.031   8910.171    11.0616   3.460272     1.3602     0.0073     0.1282     0.0085     1.3602     1.0187     29.378    30.5402    23.2944    1.65776    2.36910     72.350    6.34984    9.07456  0.000e+00
        779     29.627     42.970   3232.094   8910.170    11.0625   3.460271     1.3602     0.0061     0.1331     0.0085     1.3602     1.1013     29.378    30.5394    23.2936    1.65774    2.36907     72.349    6.34975    9.07443  0.000e+00
        780     29.627     42.970   3232.031   8910.169    11.0616   3.460270     1.3614     0.0061     0.1294     0.0085     1.3614     1.0393     29.378    30.5402    23.2944    1.66050    2.37302     72.470    6.34985    9.07456  0.000e+00
        781     29.627     42.970   3232.094   8910.168    11.0625   3.460269     1.3614     0.0073     0.1282     0.0085     1.3614     1.0187     29.378    30.5394    23.2936    1.66048    2.37299     72.469    6.34975    9.07443  0.000e+00
        782     29.627     42.970   3232.094   8910.167    11.0625   3.460268     1.3614     0.0061     0.1294     0.0085     1.3614     1.0393     29.378    30.5394    23.2936    1.66048    2.37299     72.469    6.34975    9.07443  0.000e+00
        783     29.627     42.970   3232.094   8909.979    11.0625   3.460105     1.3602     0.0073     0.1294     0.0085     1.3602     1.0393     29.378    30.5378    23.2924    1.65775    2.36909     72.350    6.34981    9.07452  0.000e+00
        784     29.627     42.970   3232.094   8910.165    11.0625   3.460266     1.3602     0.0061     0.1282     0.0085     1.3602     1.0187     29.378    30.5394    23.2936    1.65774    2.36907     72.349    6.34975    9.07443  0.000e+00
        785     29.627     42.970   3232.031   8910.163    11.0616   3.460266     1.3614     0.0073     0.1282     0.0085     1.3614     1.0187     29.378    30.5401    23.2944    1.66050    2.37302     72.470    6.34985    9.07457  0.000e+00
        786     29.627     42.970   3231.968   8910.162    11.0606   3.460265     1.3602     0.0061     0.1282     0.0085     1.3602     1.0187     29.378    30.5409    23.2951    1.65778    2.36914     72.351    6.34994    9.07470  0.000e+00
        787     29.627     42.970   3232.094   8909.975    11.0625   3.460101     1.3602     0.0073     0.1282     0.0085     1.3602     1.0187     29.378    30.5378    23.2924    1.65775    2.36909     72.350    6.34982    9.07452  0.000e+00
        788     29.582     42.905   3232.094   8909.974    11.0625   3.460100     1.3590     0.0073     0.1294     0.0085     1.3590     1.0393     29.334    30.5378    23.2924    1.65500    2.36516     72.230    6.34981    9.07452  0.000e+00
        789     29.627     42.970   3232.094   8909.973    11.0625   3.460099     1.3602     0.0073     0.1319     0.0098     1.3602     1.0806     29.378    30.5377    23.2923    1.65775    2.36909     72.350    6.34982    9.07452  0.000e+00
        790     29.627     42.970   3232.094   8909.972    11.0625   3.460099     1.3590     0.0073     0.1294     0.0085     1.3590     1.0393     29.378    30.5377    23.2923    1.65501    2.36518     72.230    6.34982    9.07452  0.000e+00
