unitTesting/processed_seabird_noalign/ORCA1_CAST0030.cnv
* Sea-Bird SBE 19 Data File:
* FileName =
* Software Version 4.234
* Temperature SN = 2835
* Conductivity SN = 2835
* System UpLoad Time = Wed Jan 26 12:02:27 2005

** Ship: ORCA
** Cruise: Mooring
** Station: Twanoh
** Latitude: 47 22.5
** Longitude: 123 0.5
# nquan = 22
# nvalues = 889                                   
# units = specified
# name 0 = scan: Scan Count
# name 1 = prSM: Pressure, Strain Gauge [db]
# name 2 = prSE: Pressure, Strain Gauge [psi]
# name 3 = f0: Frequency 0
# name 4 = f1: Frequency 1
# name 5 = t090C: Temperature [ITS-90, deg C]
# name 6 = c0S/m: Conductivity [S/m]
# name 7 = v0: Voltage 0
# name 8 = v1: Voltage 1
# name 9 = v2: Voltage 2
# name 10 = v3: Voltage 3
# name 11 = sbeox0V: Oxygen raw, SBE 43 [V]
# name 12 = wetStar: Fluorescence, WET Labs WETstar [mg/m^3]
# name 13 = depSM: Depth [salt water, m], lat = 47.28
# name 14 = sal00: Salinity, Practical [PSU]
# name 15 = sigma-t00: Density [sigma-t, Kg/m^3 ]
# name 16 = sbeox0ML/L: Oxygen, SBE 43 [ml/l]
# name 17 = sbeox0Mg/L: Oxygen, SBE 43 [mg/l]
# name 18 = sbeox0Mm/Kg: Oxygen, SBE 43 [umol/Kg]
# name 19 = oxsatML/L: Oxygen Saturation, Weiss [ml/l]
# name 20 = oxsatMg/L: Oxygen Saturation, Weiss [mg/l]
# name 21 = flag:  0.000e+00
# span 0 =          1,        889                 
# span 1 =      0.996,     29.672                 
# span 2 =      1.444,     43.035                 
# span 3 =   3091.107,   3233.047                 
# span 4 =   6847.917,   8901.251                 
# span 5 =     8.9852,    11.0763                 
# span 6 =   1.872975,   3.452500                 
# span 7 =     0.0000,     2.8913                 
# span 8 =     0.0000,     0.0073                 
# span 9 =     0.0000,     0.3028                 
# span 10 =     0.0000,     0.0098                
# span 11 =     0.0000,     2.8913                
# span 12 =    -1.1506,     3.9730                
# span 13 =      0.988,     29.422                
# span 14 =    16.4860,    30.4588                
# span 15 =    12.6639,    23.2300                
# span 16 =   -1.39615,    5.71551                
# span 17 =   -1.99523,    8.16804                
# span 18 =    -60.948,    252.049                
# span 19 =    6.35222,    7.27436                
# span 20 =    9.07796,   10.39579                
# span 21 = 0.0000e+00, 0.0000e+00                
# interval = seconds: 0.5
# start_time = Jan 31 2016 20:27:24 [DatCnv date, localtime]
# bad_flag = -9.990e-29
*END*
[from data line 593]
        594     13.339     19.347   3222.735   8846.321    10.9266   3.404807     1.3529     0.0073     0.1538     0.0085     1.3529     1.4525     13.228    30.1146    22.9867    1.64664    2.35321     71.887    6.38567    9.12576  0.000e+00
        595     13.429     19.477   3223.114   8847.069    10.9321   3.405454     1.3504     0.0073     0.1697     0.0085     1.3504     1.7211     13.316    30.1164    22.9871    1.64096    2.34510     71.638    6.38483    9.12456  0.000e+00
        596     13.563     19.671   3223.367   8848.566    10.9358   3.406751     1.3468     0.0073     0.1514     0.0085     1.3468     1.4112     13.449    30.1260    22.9940    1.63252    2.33304     71.270    6.38393    9.12327  0.000e+00
        597     13.697     19.866   3223.683   8849.127    10.9404   3.407236     1.3431     0.0073     0.1526     0.0085     1.3431     1.4319     13.583    30.1270    22.9940    1.62414    2.32106     70.904    6.38325    9.12230  0.000e+00
        598     13.786     19.996   3223.935   8849.687    10.9440   3.407721     1.3382     0.0061     0.1612     0.0085     1.3382     1.5765     13.671    30.1287    22.9947    1.61303    2.30518     70.419    6.38267    9.12148  0.000e+00
        599     13.921     20.190   3223.935   8850.247    10.9440   3.408206     1.3346     0.0073     0.1538     0.0085     1.3346     1.4525     13.804    30.1334    22.9983    1.60477    2.29338     70.058    6.38248    9.12121  0.000e+00
        600     14.010     20.320   3224.062   8850.807    10.9459   3.408691     1.3272     0.0061     0.1490     0.0085     1.3272     1.3699     13.893    30.1366    23.0005    1.58821    2.26971     69.335    6.38210    9.12065  0.000e+00
        601     14.144     20.515   3224.188   8850.993    10.9477   3.408852     1.3199     0.0073     0.1490     0.0098     1.3199     1.3699     14.026    30.1366    23.0002    1.57169    2.24610     68.614    6.38184    9.12029  0.000e+00
        602     14.234     20.644   3224.188   8850.429    10.9477   3.408363     1.3138     0.0073     0.1490     0.0085     1.3138     1.3699     14.115    30.1318    22.9965    1.55802    2.22657     68.017    6.38204    9.12057  0.000e+00
        603     14.368     20.839   3224.314   8852.675    10.9495   3.410309     1.3077     0.0073     0.1526     0.0085     1.3077     1.4319     14.248    30.1493    23.0098    1.54408    2.20664     67.408    6.38108    9.11919  0.000e+00
        604     14.457     20.969   3224.756   8854.734    10.9560   3.412092     1.3004     0.0073     0.1465     0.0085     1.3004     1.3286     14.337    30.1615    23.0181    1.52730    2.18266     66.674    6.37969    9.11722  0.000e+00
        605     14.592     21.163   3224.967   8854.920    10.9590   3.412253     1.2930     0.0073     0.1477     0.0085     1.2930     1.3492     14.470    30.1605    23.0168    1.51076    2.15902     65.952    6.37930    9.11666  0.000e+00
        606     14.726     21.358   3225.178   8855.107    10.9621   3.412415     1.2882     0.0061     0.1453     0.0085     1.2882     1.3079     14.603    30.1595    23.0155    1.49971    2.14324     65.470    6.37892    9.11611  0.000e+00
        607     14.905     21.618   3225.388   8855.294    10.9651   3.412577     1.2808     0.0073     0.1502     0.0085     1.2808     1.3905     14.780    30.1585    23.0142    1.48318    2.11962     64.749    6.37853    9.11556  0.000e+00
        608     14.994     21.747   3225.388   8855.295    10.9651   3.412578     1.2759     0.0073     0.1453     0.0085     1.2759     1.3079     14.869    30.1585    23.0142    1.47221    2.10394     64.270    6.37853    9.11556  0.000e+00
        609     15.129     21.942   3225.515   8855.483    10.9670   3.412740     1.2698     0.0073     0.1429     0.0085     1.2698     1.2666     15.002    30.1585    23.0139    1.45845    2.08427     63.669    6.37828    9.11519  0.000e+00
        610     15.218     22.072   3225.578   8855.108    10.9679   3.412416     1.2650     0.0061     0.1441     0.0085     1.2650     1.2872     15.091    30.1545    23.0107    1.44749    2.06861     63.191    6.37831    9.11524  0.000e+00
        611     15.352     22.266   3225.515   8854.734    10.9670   3.412092     1.2601     0.0073     0.1441     0.0085     1.2601     1.2872     15.224    30.1521    23.0089    1.43658    2.05302     62.715    6.37854    9.11556  0.000e+00
        612     15.442     22.396   3225.388   8854.735    10.9651   3.412093     1.2564     0.0061     0.1404     0.0085     1.2564     1.2253     15.313    30.1535    23.0104    1.42840    2.04132     62.357    6.37873    9.11585  0.000e+00
        613     15.576     22.591   3225.388   8855.484    10.9651   3.412742     1.2527     0.0073     0.1429     0.0098     1.2527     1.2666     15.446    30.1598    23.0153    1.42013    2.02950     61.996    6.37848    9.11548  0.000e+00
        614     15.665     22.721   3225.451   8855.297    10.9661   3.412580     1.2466     0.0061     0.1429     0.0085     1.2466     1.2666     15.534    30.1575    23.0133    1.40640    2.00989     61.397    6.37845    9.11544  0.000e+00
        615     15.800     22.915   3225.514   8855.485    10.9670   3.412743     1.2442     0.0073     0.1441     0.0085     1.2442     1.2872     15.667    30.1583    23.0137    1.40090    2.00203     61.157    6.37829    9.11521  0.000e+00
        616     15.844     22.980   3225.514   8855.486    10.9670   3.412743     1.2381     0.0061     0.1465     0.0085     1.2381     1.3286     15.712    30.1582    23.0137    1.38718    1.98241     60.558    6.37829    9.11521  0.000e+00
        617     15.978     23.175   3225.514   8856.048    10.9670   3.413231     1.2344     0.0073     0.1429     0.0085     1.2344     1.2666     15.845    30.1630    23.0174    1.37892    1.97061     60.197    6.37810    9.11494  0.000e+00
        618     16.068     23.305   3225.514   8855.486    10.9670   3.412744     1.2320     0.0073     0.1429     0.0085     1.2320     1.2666     15.934    30.1582    23.0137    1.37348    1.96284     59.960    6.37829    9.11521  0.000e+00
        619     16.157     23.434   3225.578   8855.861    10.9679   3.413069     1.2271     0.0073     0.1490     0.0085     1.2271     1.3699     16.022    30.1606    23.0154    1.36247    1.94710     59.479    6.37807    9.11489  0.000e+00
        620     16.247     23.564   3225.704   8856.049    10.9697   3.413232     1.2247     0.0073     0.1441     0.0098     1.2247     1.2872     16.111    30.1606    23.0151    1.35694    1.93920     59.237    6.37781    9.11453  0.000e+00
        621     16.336     23.694   3225.767   8857.922    10.9706   3.414855     1.2210     0.0073     0.1404     0.0085     1.2210     1.2253     16.200    30.1757    23.0267    1.34856    1.92722     58.871    6.37707    9.11348  0.000e+00
        622     16.471     23.889   3226.462   8864.286    10.9807   3.420372     1.2173     0.0073     0.1404     0.0085     1.2173     1.2253     16.333    30.2214    23.0605    1.33968    1.91454     58.481    6.37383    9.10884  0.000e+00
        623     16.560     24.018   3228.043   8868.776    11.0037   3.424266     1.2149     0.0073     0.1416     0.0085     1.2149     1.2459     16.422    30.2407    23.0715    1.33342    1.90559     58.208    6.36987    9.10318  0.000e+00
        624     16.694     24.213   3229.117   8873.450    11.0193   3.428323     1.2125     0.0073     0.1404     0.0085     1.2125     1.2253     16.555    30.2675    23.0897    1.32731    1.89686     57.940    6.36663    9.09855  0.000e+00
        625     16.784     24.343   3230.065   8873.824    11.0330   3.428647     1.2112     0.0073     0.1429     0.0085     1.2112     1.2666     16.643    30.2593    23.0810    1.32428    1.89253     57.808    6.36505    9.09629  0.000e+00
        626     16.918     24.537   3230.508   8874.385    11.0395   3.429135     1.2076     0.0073     0.1404     0.0085     1.2076     1.2253     16.776    30.2587    23.0794    1.31591    1.88057     57.443    6.36418    9.09505  0.000e+00
        627     17.007     24.667   3230.698   8874.386    11.0422   3.429135     1.2076     0.0073     0.1392     0.0085     1.2076     1.2046     16.865    30.2564    23.0772    1.31587    1.88051     57.441    6.36389    9.09464  0.000e+00
        628     17.142     24.862   3230.761   8874.386    11.0431   3.429135     1.2063     0.0073     0.1416     0.0085     1.2063     1.2459     16.998    30.2556    23.0764    1.31314    1.87660     57.322    6.36380    9.09450  0.000e+00
        629     17.231     24.992   3230.761   8874.387    11.0431   3.429136     1.2051     0.0061     0.1392     0.0085     1.2051     1.2046     17.087    30.2556    23.0764    1.31041    1.87271     57.203    6.36380    9.09450  0.000e+00
        630     17.410     25.251   3230.697   8875.135    11.0422   3.429785     1.2039     0.0073     0.1416     0.0085     1.2039     1.2459     17.264    30.2626    23.0820    1.30767    1.86879     57.083    6.36364    9.09428  0.000e+00
        631     17.500     25.381   3230.824   8875.883    11.0440   3.430435     1.2002     0.0061     0.1404     0.0085     1.2002     1.2253     17.353    30.2675    23.0854    1.29937    1.85693     56.720    6.36320    9.09364  0.000e+00
        632     17.679     25.641   3230.950   8876.070    11.0459   3.430597     1.1978     0.0073     0.1441     0.0098     1.1978     1.2872     17.531    30.2675    23.0851    1.29387    1.84907     56.480    6.36294    9.09328  0.000e+00
        633     17.813     25.835   3231.203   8876.818    11.0495   3.431247     1.1929     0.0073     0.1404     0.0085     1.1929     1.2253     17.664    30.2707    23.0870    1.28281    1.83326     55.997    6.36230    9.09236  0.000e+00
        634     17.947     26.030   3231.456   8877.379    11.0532   3.431734     1.1893     0.0073     0.1392     0.0085     1.1893     1.2046     17.797    30.2724    23.0877    1.27450    1.82138     55.635    6.36172    9.09154  0.000e+00
        635     18.081     26.225   3231.646   8877.379    11.0560   3.431734     1.1832     0.0061     0.1392     0.0085     1.1832     1.2046     17.930    30.2701    23.0854    1.26076    1.80176     55.035    6.36144    9.09113  0.000e+00
        636     18.171     26.354   3231.582   8877.193    11.0550   3.431573     1.1758     0.0073     0.1368     0.0085     1.1758     1.1633     18.019    30.2693    23.0849    1.24436    1.77832     54.319    6.36160    9.09136  0.000e+00
        637     18.305     26.549   3231.393   8877.006    11.0523   3.431411     1.1685     0.0073     0.1380     0.0085     1.1685     1.1839     18.152    30.2699    23.0859    1.22800    1.75494     53.605    6.36195    9.09187  0.000e+00
        638     18.394     26.679   3231.393   8877.007    11.0523   3.431411     1.1624     0.0073     0.1368     0.0085     1.1624     1.1633     18.240    30.2699    23.0859    1.21431    1.73537     53.007    6.36196    9.09187  0.000e+00
        639     18.529     26.873   3231.393   8876.820    11.0523   3.431249     1.1551     0.0073     0.1368     0.0098     1.1551     1.1633     18.374    30.2682    23.0846    1.19790    1.71192     52.291    6.36202    9.09196  0.000e+00
        640     18.663     27.068   3231.203   8876.821    11.0495   3.431250     1.1502     0.0073     0.1368     0.0085     1.1502     1.1633     18.507    30.2704    23.0868    1.18701    1.69635     51.815    6.36231    9.09238  0.000e+00
        641     18.797     27.263   3231.266   8876.821    11.0505   3.431250     1.1441     0.0073     0.1355     0.0085     1.1441     1.1426     18.640    30.2696    23.0860    1.17330    1.67677     51.217    6.36222    9.09225  0.000e+00
        642     18.887     27.393   3231.329   8876.822    11.0514   3.431251     1.1392     0.0073     0.1343     0.0085     1.1392     1.1220     18.728    30.2688    23.0852    1.16234    1.66110     50.739    6.36212    9.09211  0.000e+00
        643     19.021     27.587   3230.950   8876.635    11.0459   3.431089     1.1343     0.0073     0.1343     0.0085     1.1343     1.1220     18.862    30.2717    23.0884    1.15150    1.64561     50.265    6.36277    9.09303  0.000e+00
        644     19.110     27.717   3230.634   8877.196    11.0413   3.431576     1.1294     0.0061     0.1343     0.0085     1.1294     1.1220     18.950    30.2802    23.0958    1.14059    1.63002     49.789    6.36306    9.09345  0.000e+00
        645     19.244     27.912   3230.507   8878.317    11.0395   3.432550     1.1245     0.0073     0.1343     0.0085     1.1245     1.1220     19.083    30.2912    23.1047    1.12961    1.61433     49.309    6.36288    9.09319  0.000e+00
        646     19.379     28.106   3230.634   8878.318    11.0413   3.432550     1.1209     0.0073     0.1355     0.0085     1.1209     1.1426     19.216    30.2897    23.1032    1.12137    1.60256     48.950    6.36269    9.09291  0.000e+00
        647     19.468     28.236   3230.634   8878.131    11.0413   3.432389     1.1160     0.0073     0.1990     0.0085     1.1160     2.2169     19.305    30.2881    23.1019    1.11043    1.58692     48.472    6.36275    9.09301  0.000e+00
        648     19.602     28.431   3230.697   8879.439    11.0422   3.433525     1.1123     0.0061     0.1404     0.0085     1.1123     1.2253     19.438    30.2984    23.1098    1.10213    1.57506     48.109    6.36221    9.09223  0.000e+00
        649     19.737     28.626   3230.697   8880.187    11.0422   3.434174     1.1099     0.0073     0.1392     0.0098     1.1099     1.2046     19.571    30.3047    23.1147    1.09663    1.56719     47.869    6.36196    9.09187  0.000e+00
        650     19.826     28.755   3230.823   8880.187    11.0440   3.434175     1.1062     0.0061     0.1355     0.0085     1.1062     1.1426     19.660    30.3031    23.1131    1.08838    1.55541     47.509    6.36177    9.09160  0.000e+00
        651     19.960     28.950   3230.823   8880.561    11.0440   3.434500     1.1050     0.0073     0.1380     0.0085     1.1050     1.1839     19.793    30.3063    23.1156    1.08564    1.55149     47.389    6.36164    9.09142  0.000e+00
        652     20.050     29.080   3230.887   8880.562    11.0450   3.434500     1.1062     0.0073     0.1355     0.0085     1.1062     1.1426     19.882    30.3055    23.1148    1.08838    1.55541     47.509    6.36154    9.09128  0.000e+00
        653     20.184     29.275   3230.823   8880.749    11.0440   3.434663     1.1062     0.0061     0.1355     0.0085     1.1062     1.1426     20.015    30.3078    23.1167    1.08841    1.55544     47.510    6.36158    9.09133  0.000e+00
        654     20.318     29.469   3230.760   8880.936    11.0431   3.434825     1.1087     0.0073     0.1380     0.0085     1.1087     1.1839     20.148    30.3101    23.1187    1.09391    1.56331     47.750    6.36161    9.09138  0.000e+00
        655     20.408     29.599   3230.886   8880.937    11.0450   3.434826     1.1099     0.0061     0.1355     0.0085     1.1099     1.1426     20.237    30.3085    23.1172    1.09664    1.56721     47.869    6.36142    9.09111  0.000e+00
        656     20.587     29.859   3230.950   8881.124    11.0459   3.434988     1.1123     0.0073     0.1355     0.0085     1.1123     1.1426     20.414    30.3093    23.1176    1.10212    1.57504     48.109    6.36126    9.09088  0.000e+00
        657     20.721     30.053   3230.950   8881.124    11.0459   3.434989     1.1160     0.0073     0.1355     0.0085     1.1160     1.1426     20.547    30.3092    23.1176    1.11037    1.58683     48.469    6.36127    9.09089  0.000e+00
        658     20.811     30.183   3230.886   8881.311    11.0450   3.435152     1.1184     0.0073     0.1343     0.0085     1.1184     1.1220     20.636    30.3115    23.1195    1.11587    1.59469     48.709    6.36130    9.09094  0.000e+00
