unitTesting/processed_seabird_noalign/ORCA1_CAST0008.cnv
* Sea-Bird SBE 19 Data File:
* FileName =
* Software Version 4.234
* Temperature SN = 2835
* Conductivity SN = 2835
* System UpLoad Time = Thu Jan 20 23:50:41 2005

** Ship: ORCA
** Cruise: Mooring
** Station: Twanoh
** Latitude: 47 22.5
** Longitude: 123 0.5
# nquan = 22
# nvalues = 890                                   
# units = specified
# name 0 = scan: Scan Count
# name 1 = prSM: Pressure, Strain Gauge [db]
# name 2 = prSE: Pressure, Strain Gauge [psi]
# name 3 = f0: Frequency 0
# name 4 = f1: Frequency 1
# name 5 = t090C: Temperature [ITS-90, deg C]
# name 6 = c0S/m: Conductivity [S/m]
# name 7 = v0: Voltage 0
# name 8 = v1: Voltage 1
# name 9 = v2: Voltage 2
# name 10 = v3: Voltage 3
# name 11 = sbeox0V: Oxygen raw, SBE 43 [V]
# name 12 = wetStar: Fluorescence, WET Labs WETstar [mg/m^3]
# name 13 = depSM: Depth [salt water, m], lat = 47.28
# name 14 = sal00: Salinity, Practical [PSU]
# name 15 = sigma-t00: Density [sigma-t, Kg/m^3 ]
# name 16 = sbeox0ML/L: Oxygen, SBE 43 [ml/l]
# name 17 = sbeox0Mg/L: Oxygen, SBE 43 [mg/l]
# name 18 = sbeox0Mm/Kg: Oxygen, SBE 43 [umol/Kg]
# name 19 = oxsatML/L: Oxygen Saturation, Weiss [ml/l]
# name 20 = oxsatMg/L: Oxygen Saturation, Weiss [mg/l]
# name 21 = flag:  0.000e+00
# span 0 =          1,        890                 
# span 1 =      0.951,     29.582                 
# span 2 =      1.380,     42.905                 
# span 3 =   3055.975,   3232.734                 
# span 4 =   7305.519,   8909.245                 
# span 5 =     8.4572,    11.0718                 
# span 6 =   2.188868,   3.459465                 
# span 7 =     0.0000,     3.0696                 
# span 8 =     0.0000,     0.0073                 
# span 9 =     0.0000,     0.6056                 
# span 10 =     0.0000,     0.0098                
# span 11 =     0.0000,     3.0696                
# span 12 =    -1.1506,     9.0965                
# span 13 =      0.943,     29.334                
# span 14 =    19.7447,    30.5326                
# span 15 =    15.2484,    23.2886                
# span 16 =   -1.39376,    6.10846                
# span 17 =   -1.99182,    8.72960                
# span 18 =    -60.834,    268.583                
# span 19 =    6.35020,    7.18485                
# span 20 =    9.07507,   10.26786                
# span 21 = 0.0000e+00, 0.0000e+00                
# interval = seconds: 0.5
# start_time = Jan 31 2016 20:27:05 [DatCnv date, localtime]
# bad_flag = -9.990e-29
*END*
[from data line 132]
        133     18.931     27.458   3232.479   8896.447    11.0680   3.448314     1.2845     0.0061     0.1282     0.0085     1.2845     1.0187     18.773    30.4220    23.2014    1.48663    2.12455     64.888    6.35368    9.08004  0.000e+00
        134     18.931     27.458   3232.479   8896.449    11.0681   3.448315     1.2845     0.0073     0.1306     0.0085     1.2845     1.0600     18.773    30.4221    23.2014    1.48663    2.12455     64.888    6.35368    9.08004  0.000e+00
        135     18.887     27.393   3232.542   8896.451    11.0690   3.448317     1.2845     0.0073     0.1282     0.0085     1.2845     1.0187     18.728    30.4213    23.2007    1.48660    2.12450     64.886    6.35358    9.07990  0.000e+00
        136     18.931     27.458   3232.542   8896.453    11.0690   3.448319     1.2845     0.0073     0.1282     0.0085     1.2845     1.0187     18.773    30.4213    23.2007    1.48661    2.12452     64.887    6.35358    9.07990  0.000e+00
        137     18.931     27.458   3232.479   8896.455    11.0681   3.448320     1.2857     0.0073     0.1294     0.0085     1.2857     1.0393     18.773    30.4221    23.2015    1.48937    2.12846     65.007    6.35367    9.08004  0.000e+00
        138     18.931     27.458   3232.479   8896.643    11.0681   3.448484     1.2845     0.0073     0.1294     0.0098     1.2845     1.0393     18.773    30.4237    23.2027    1.48662    2.12453     64.887    6.35361    9.07994  0.000e+00
        139     18.931     27.458   3232.543   8896.459    11.0690   3.448324     1.2845     0.0073     0.1294     0.0085     1.2845     1.0393     18.773    30.4214    23.2008    1.48661    2.12452     64.887    6.35358    9.07989  0.000e+00
        140     18.931     27.458   3232.479   8896.461    11.0681   3.448325     1.2833     0.0073     0.1294     0.0085     1.2833     1.0393     18.773    30.4221    23.2015    1.48389    2.12063     64.768    6.35367    9.08003  0.000e+00
        141     18.931     27.458   3232.480   8896.462    11.0681   3.448327     1.2845     0.0073     0.1294     0.0085     1.2845     1.0393     18.773    30.4222    23.2015    1.48663    2.12455     64.887    6.35367    9.08003  0.000e+00
        142     18.931     27.458   3232.480   8896.464    11.0681   3.448329     1.2845     0.0073     0.1282     0.0085     1.2845     1.0187     18.773    30.4222    23.2015    1.48663    2.12455     64.887    6.35367    9.08003  0.000e+00
        143     18.931     27.458   3232.480   8896.653    11.0681   3.448493     1.2833     0.0073     0.1282     0.0085     1.2833     1.0187     18.773    30.4238    23.2028    1.48388    2.12061     64.767    6.35360    9.07994  0.000e+00
        144     18.887     27.393   3232.480   8896.468    11.0681   3.448332     1.2845     0.0061     0.1282     0.0085     1.2845     1.0187     18.728    30.4222    23.2016    1.48662    2.12453     64.887    6.35367    9.08003  0.000e+00
        145     18.931     27.458   3232.417   8896.470    11.0672   3.448334     1.2845     0.0073     0.1294     0.0085     1.2845     1.0393     18.773    30.4230    23.2023    1.48665    2.12457     64.888    6.35376    9.08016  0.000e+00
        146     18.931     27.458   3232.480   8896.472    11.0681   3.448336     1.2845     0.0073     0.1294     0.0098     1.2845     1.0393     18.773    30.4222    23.2016    1.48663    2.12454     64.887    6.35367    9.08002  0.000e+00
        147     18.931     27.458   3232.480   8896.474    11.0681   3.448337     1.2845     0.0073     0.1282     0.0085     1.2845     1.0187     18.773    30.4222    23.2016    1.48663    2.12454     64.887    6.35367    9.08002  0.000e+00
        148     18.931     27.458   3232.417   8896.662    11.0672   3.448501     1.2845     0.0073     0.1294     0.0085     1.2845     1.0393     18.773    30.4246    23.2036    1.48664    2.12455     64.888    6.35370    9.08007  0.000e+00
        149     18.931     27.458   3232.417   8896.478    11.0672   3.448341     1.2845     0.0061     0.1294     0.0085     1.2845     1.0393     18.773    30.4230    23.2024    1.48665    2.12457     64.888    6.35376    9.08016  0.000e+00
        150     18.931     27.458   3232.418   8896.480    11.0672   3.448342     1.2845     0.0073     0.1282     0.0085     1.2845     1.0187     18.773    30.4231    23.2024    1.48665    2.12457     64.888    6.35376    9.08016  0.000e+00
        151     18.931     27.458   3232.481   8896.482    11.0681   3.448344     1.2833     0.0073     0.1294     0.0085     1.2833     1.0393     18.773    30.4223    23.2016    1.48389    2.12063     64.768    6.35366    9.08002  0.000e+00
        152     18.931     27.458   3232.481   8896.484    11.0681   3.448346     1.2845     0.0073     0.1282     0.0085     1.2845     1.0187     18.773    30.4223    23.2016    1.48663    2.12454     64.887    6.35366    9.08002  0.000e+00
        153     18.931     27.458   3232.481   8896.486    11.0681   3.448347     1.2857     0.0073     0.1294     0.0085     1.2857     1.0393     18.773    30.4223    23.2017    1.48937    2.12845     65.007    6.35366    9.08002  0.000e+00
        154     18.887     27.393   3232.481   8896.301    11.0681   3.448187     1.2845     0.0073     0.1282     0.0085     1.2845     1.0187     18.728    30.4208    23.2005    1.48663    2.12455     64.888    6.35372    9.08010  0.000e+00
        155     18.931     27.458   3232.418   8896.490    11.0672   3.448351     1.2845     0.0073     0.1282     0.0085     1.2845     1.0187     18.773    30.4231    23.2024    1.48665    2.12457     64.888    6.35375    9.08015  0.000e+00
        156     18.931     27.458   3232.482   8896.492    11.0681   3.448352     1.2845     0.0073     0.1282     0.0085     1.2845     1.0187     18.773    30.4224    23.2017    1.48663    2.12454     64.887    6.35366    9.08001  0.000e+00
        157     18.931     27.458   3232.482   8896.494    11.0681   3.448354     1.2845     0.0073     0.1282     0.0085     1.2845     1.0187     18.773    30.4224    23.2017    1.48663    2.12454     64.887    6.35366    9.08001  0.000e+00
        158     18.931     27.458   3232.419   8896.496    11.0672   3.448356     1.2857     0.0073     0.1282     0.0085     1.2857     1.0187     18.773    30.4232    23.2025    1.48939    2.12848     65.008    6.35375    9.08015  0.000e+00
        159     18.931     27.458   3232.419   8896.498    11.0672   3.448358     1.2845     0.0073     0.1294     0.0085     1.2845     1.0393     18.773    30.4232    23.2025    1.48665    2.12457     64.888    6.35375    9.08015  0.000e+00
        160     18.931     27.458   3232.482   8896.499    11.0681   3.448359     1.2845     0.0073     0.1294     0.0085     1.2845     1.0393     18.773    30.4224    23.2017    1.48663    2.12454     64.887    6.35365    9.08001  0.000e+00
        161     18.931     27.458   3232.419   8896.501    11.0672   3.448361     1.2845     0.0073     0.1282     0.0085     1.2845     1.0187     18.773    30.4232    23.2025    1.48665    2.12457     64.888    6.35375    9.08014  0.000e+00
        162     18.931     27.458   3232.482   8896.503    11.0681   3.448363     1.2845     0.0073     0.1282     0.0085     1.2845     1.0187     18.773    30.4225    23.2018    1.48663    2.12454     64.887    6.35365    9.08000  0.000e+00
        163     18.931     27.458   3232.419   8896.505    11.0672   3.448364     1.2857     0.0073     0.1294     0.0098     1.2857     1.0393     18.773    30.4232    23.2025    1.48939    2.12848     65.008    6.35375    9.08014  0.000e+00
        164     18.931     27.458   3232.483   8896.321    11.0681   3.448204     1.2857     0.0073     0.1306     0.0085     1.2857     1.0600     18.773    30.4209    23.2006    1.48938    2.12847     65.007    6.35371    9.08009  0.000e+00
        165     18.931     27.458   3232.483   8896.509    11.0681   3.448368     1.2845     0.0073     0.1282     0.0085     1.2845     1.0187     18.773    30.4225    23.2018    1.48663    2.12454     64.887    6.35365    9.08000  0.000e+00
        166     18.931     27.458   3232.420   8896.698    11.0672   3.448532     1.2845     0.0073     0.1294     0.0085     1.2845     1.0393     18.773    30.4249    23.2038    1.48663    2.12455     64.887    6.35368    9.08005  0.000e+00
        167     18.931     27.458   3232.357   8896.513    11.0663   3.448371     1.2833     0.0073     0.1453     0.0085     1.2833     1.3079     18.773    30.4241    23.2033    1.48393    2.12068     64.769    6.35384    9.08027  0.000e+00
        168     18.931     27.458   3232.420   8896.515    11.0672   3.448373     1.2845     0.0073     0.1294     0.0085     1.2845     1.0393     18.773    30.4233    23.2026    1.48665    2.12457     64.888    6.35374    9.08013  0.000e+00
        169     18.931     27.458   3232.420   8896.331    11.0672   3.448212     1.2833     0.0073     0.1343     0.0085     1.2833     1.1220     18.773    30.4217    23.2014    1.48392    2.12068     64.769    6.35381    9.08022  0.000e+00
        170     18.887     27.393   3232.420   8896.519    11.0672   3.448376     1.2845     0.0073     0.1294     0.0085     1.2845     1.0393     18.728    30.4234    23.2026    1.48664    2.12455     64.888    6.35374    9.08013  0.000e+00
        171     18.931     27.458   3232.420   8896.521    11.0672   3.448378     1.2833     0.0073     0.1294     0.0098     1.2833     1.0393     18.773    30.4234    23.2026    1.48391    2.12065     64.769    6.35374    9.08013  0.000e+00
        172     18.931     27.458   3232.420   8896.523    11.0672   3.448380     1.2845     0.0073     0.1294     0.0085     1.2845     1.0393     18.773    30.4234    23.2026    1.48665    2.12457     64.888    6.35374    9.08013  0.000e+00
        173     18.887     27.393   3232.484   8896.338    11.0681   3.448219     1.2821     0.0073     0.1282     0.0085     1.2821     1.0187     18.728    30.4211    23.2007    1.48116    2.11672     64.648    6.35371    9.08008  0.000e+00
        174     18.931     27.458   3232.484   8896.527    11.0681   3.448383     1.2821     0.0061     0.1270     0.0085     1.2821     0.9980     18.773    30.4227    23.2019    1.48115    2.11671     64.648    6.35364    9.07999  0.000e+00
        175     18.931     27.458   3232.358   8896.529    11.0663   3.448385     1.2821     0.0073     0.1306     0.0098     1.2821     1.0600     18.773    30.4242    23.2034    1.48119    2.11677     64.650    6.35383    9.08026  0.000e+00
        176     18.931     27.458   3232.421   8896.531    11.0672   3.448386     1.2796     0.0073     0.1294     0.0085     1.2796     1.0393     18.773    30.4234    23.2027    1.47569    2.10891     64.410    6.35374    9.08012  0.000e+00
        177     18.931     27.458   3232.421   8896.346    11.0672   3.448226     1.2784     0.0073     0.1282     0.0085     1.2784     1.0187     18.773    30.4219    23.2014    1.47297    2.10502     64.291    6.35380    9.08021  0.000e+00
        178     18.931     27.458   3232.421   8896.348    11.0672   3.448228     1.2784     0.0073     0.1306     0.0085     1.2784     1.0600     18.773    30.4219    23.2015    1.47297    2.10502     64.291    6.35380    9.08021  0.000e+00
        179     18.931     27.458   3232.295   8896.350    11.0654   3.448229     1.2796     0.0073     0.1306     0.0098     1.2796     1.0600     18.773    30.4234    23.2030    1.47575    2.10899     64.412    6.35399    9.08049  0.000e+00
        180     18.931     27.458   3232.358   8896.352    11.0663   3.448231     1.2796     0.0073     0.1306     0.0085     1.2796     1.0600     18.773    30.4227    23.2022    1.47573    2.10896     64.412    6.35389    9.08035  0.000e+00
        181     18.931     27.458   3232.422   8896.354    11.0672   3.448233     1.2808     0.0073     0.1282     0.0085     1.2808     1.0187     18.773    30.4219    23.2015    1.47845    2.11285     64.530    6.35380    9.08021  0.000e+00
        182     18.931     27.458   3232.422   8896.356    11.0672   3.448234     1.2821     0.0073     0.1294     0.0085     1.2821     1.0393     18.773    30.4219    23.2015    1.48118    2.11676     64.650    6.35379    9.08021  0.000e+00
        183     18.931     27.458   3232.422   8896.358    11.0672   3.448236     1.2808     0.0073     0.1294     0.0085     1.2808     1.0393     18.773    30.4220    23.2015    1.47845    2.11285     64.530    6.35379    9.08021  0.000e+00
        184     18.931     27.458   3232.485   8896.360    11.0681   3.448238     1.2808     0.0073     0.1294     0.0085     1.2808     1.0393     18.773    30.4212    23.2008    1.47842    2.11282     64.529    6.35370    9.08007  0.000e+00
        185     18.887     27.393   3232.422   8896.362    11.0672   3.448239     1.2796     0.0073     0.1306     0.0085     1.2796     1.0600     18.728    30.4220    23.2016    1.47570    2.10892     64.410    6.35379    9.08020  0.000e+00
        186     18.931     27.458   3232.422   8896.177    11.0672   3.448079     1.2821     0.0073     0.1294     0.0085     1.2821     1.0393     18.773    30.4204    23.2003    1.48120    2.11678     64.650    6.35385    9.08029  0.000e+00
        187     18.931     27.458   3232.359   8896.366    11.0663   3.448243     1.2821     0.0073     0.1306     0.0085     1.2821     1.0600     18.773    30.4228    23.2023    1.48120    2.11679     64.650    6.35389    9.08034  0.000e+00
        188     18.931     27.458   3232.422   8896.554    11.0672   3.448407     1.2821     0.0073     0.1294     0.0085     1.2821     1.0393     18.773    30.4236    23.2028    1.48117    2.11674     64.649    6.35373    9.08011  0.000e+00
        189     18.931     27.458   3232.423   8896.369    11.0672   3.448246     1.2833     0.0073     0.1343     0.0098     1.2833     1.1220     18.773    30.4220    23.2016    1.48392    2.12067     64.769    6.35379    9.08020  0.000e+00
        190     18.931     27.458   3232.360   8896.371    11.0663   3.448248     1.2833     0.0073     0.1306     0.0085     1.2833     1.0600     18.773    30.4228    23.2023    1.48394    2.12070     64.770    6.35388    9.08034  0.000e+00
        191     18.931     27.458   3232.360   8896.373    11.0663   3.448250     1.2833     0.0073     0.1319     0.0085     1.2833     1.0806     18.773    30.4228    23.2024    1.48394    2.12070     64.770    6.35388    9.08033  0.000e+00
        192     18.931     27.458   3232.423   8896.562    11.0672   3.448414     1.2833     0.0073     0.1306     0.0085     1.2833     1.0600     18.773    30.4237    23.2029    1.48390    2.12065     64.768    6.35372    9.08011  0.000e+00
        193     18.931     27.458   3232.297   8896.377    11.0654   3.448253     1.2833     0.0073     0.1294     0.0085     1.2833     1.0393     18.773    30.4236    23.2031    1.48396    2.12073     64.771    6.35398    9.08047  0.000e+00
        194     18.931     27.458   3232.423   8896.379    11.0672   3.448255     1.2833     0.0073     0.1368     0.0085     1.2833     1.1633     18.773    30.4221    23.2016    1.48392    2.12067     64.769    6.35378    9.08019  0.000e+00
        195     18.887     27.393   3232.360   8896.381    11.0663   3.448256     1.2833     0.0073     0.1294     0.0098     1.2833     1.0393     18.728    30.4229    23.2024    1.48393    2.12068     64.769    6.35388    9.08033  0.000e+00
        196     18.931     27.458   3232.297   8896.383    11.0654   3.448258     1.2821     0.0073     0.1319     0.0085     1.2821     1.0806     18.773    30.4237    23.2032    1.48122    2.11681     64.651    6.35398    9.08047  0.000e+00
        197     18.931     27.458   3232.424   8896.385    11.0673   3.448260     1.2821     0.0061     0.1294     0.0085     1.2821     1.0393     18.773    30.4222    23.2017    1.48118    2.11676     64.650    6.35378    9.08019  0.000e+00
