unitTesting/processed_seabird_noalign/ORCA1_CAST0008.cnv
* Sea-Bird SBE 19 Data File:
* FileName =
* Software Version 4.234
* Temperature SN = 2835
* Conductivity SN = 2835
* System UpLoad Time = Thu Jan 20 23:50:41 2005

** Ship: ORCA
** Cruise: Mooring
** Station: Twanoh
** Latitude: 47 22.5
** Longitude: 123 0.5
# nquan = 22
# nvalues = 890                                   
# units = specified
# name 0 = scan: Scan Count
# name 1 = prSM: Pressure, Strain Gauge [db]
# name 2 = prSE: Pressure, Strain Gauge [psi]
# name 3 = f0: Frequency 0
# name 4 = f1: Frequency 1
# name 5 = t090C: Temperature [ITS-90, deg C]
# name 6 = c0S/m: Conductivity [S/m]
# name 7 = v0: Voltage 0
# name 8 = v1: Voltage 1
# name 9 = v2: Voltage 2
# name 10 = v3: Voltage 3
# name 11 = sbeox0V: Oxygen raw, SBE 43 [V]
# name 12 = wetStar: Fluorescence, WET Labs WETstar [mg/m^3]
# name 13 = depSM: Depth [salt water, m], lat = 47.28
# name 14 = sal00: Salinity, Practical [PSU]
# name 15 = sigma-t00: Density [sigma-t, Kg/m^3 ]
# name 16 = sbeox0ML/L: Oxygen, SBE 43 [ml/l]
# name 17 = sbeox0Mg/L: Oxygen, SBE 43 [mg/l]
# name 18 = sbeox0Mm/Kg: Oxygen, SBE 43 [umol/Kg]
# name 19 = oxsatML/L: Oxygen Saturation, Weiss [ml/l]
# name 20 = oxsatMg/L: Oxygen Saturation, Weiss [mg/l]
# name 21 = flag:  0.000e+00
# span 0 =          1,        890                 
# span 1 =      0.951,     29.582                 
# span 2 =      1.380,     42.905                 
# span 3 =   3055.975,   3232.734                 
# span 4 =   7305.519,   8909.245                 
# span 5 =     8.4572,    11.0718                 
# span 6 =   2.188868,   3.459465                 
# span 7 =     0.0000,     3.0696                 
# span 8 =     0.0000,     0.0073                 
# span 9 =     0.0000,     0.6056                 
# span 10 =     0.0000,     0.0098                
# span 11 =     0.0000,     3.0696                
# span 12 =    -1.1506,     9.0965                
# span 13 =      0.943,     29.334                
# span 14 =    19.7447,    30.5326                
# span 15 =    15.2484,    23.2886                
# span 16 =   -1.39376,    6.10846                
# span 17 =   -1.99182,    8.72960                
# span 18 =    -60.834,    268.583                
# span 19 =    6.35020,    7.18485                
# span 20 =    9.07507,   10.26786                
# span 21 = 0.0000e+00, 0.0000e+00                
# interval = seconds: 0.5
# start_time = Jan 31 2016 20:27:05 [DatCnv date, localtime]
# bad_flag = -9.990e-29
*END*
[from data line 527]
        528      4.975      7.216   3205.781   8768.573    10.6797   3.337820     2.5495     0.0061     0.3455     0.0085     2.5495     4.6960      4.934    29.6611    22.6757    4.37027    6.24556    190.849    6.43869    9.20153  0.000e+00
        529      5.110      7.411   3209.258   8771.785    10.7304   3.340575     2.4408     0.0073     0.2479     0.0098     2.4408     3.0433      5.067    29.6471    22.6563    4.12009    5.88802    179.927    6.43210    9.19211  0.000e+00
        530      5.244      7.605   3210.712   8774.995    10.7516   3.343330     2.3284     0.0073     0.2295     0.0085     2.3284     2.7334      5.200    29.6569    22.6604    3.86384    5.52181    168.735    6.42871    9.18727  0.000e+00
        531      5.333      7.735   3211.787   8786.514    10.7673   3.353223     2.2234     0.0073     0.2002     0.0085     2.2234     2.2376      5.289    29.7414    22.7235    3.62309    5.17776    158.212    6.42308    9.17922  0.000e+00
        532      5.512      7.995   3214.062   8798.394    10.8004   3.363442     2.1294     0.0073     0.2137     0.0098     2.1294     2.4648      5.466    29.8148    22.7750    3.40664    4.86843    148.753    6.41544    9.16830  0.000e+00
        533      5.602      8.124   3217.034   8814.399    10.8437   3.377230     2.0415     0.0073     0.2015     0.0085     2.0415     2.2582      5.555    29.9149    22.8455    3.20321    4.57770    139.860    6.40532    9.15384  0.000e+00
        534      5.736      8.319   3220.384   8829.624    10.8924   3.390369     1.9609     0.0073     0.1758     0.0085     1.9609     1.8244      5.688    30.0040    22.9065    3.01677    4.31127    131.712    6.39490    9.13895  0.000e+00
        535      5.825      8.449   3223.608   8839.758    10.9393   3.399127     1.8864     0.0073     0.1612     0.0085     1.8864     1.5765      5.777    30.0515    22.9355    2.84547    4.06646    124.229    6.38644    9.12686  0.000e+00
        536      5.959      8.643   3225.947   8845.382    10.9733   3.403992     1.8144     0.0073     0.1709     0.0085     1.8144     1.7417      5.910    30.0713    22.9451    2.68127    3.83181    117.060    6.38091    9.11896  0.000e+00
        537      6.138      8.903   3227.401   8849.690    10.9944   3.407720     1.7509     0.0061     0.1514     0.0085     1.7509     1.4112      6.087    30.0904    22.9563    2.53722    3.62595    110.770    6.37720    9.11366  0.000e+00
        538      6.317      9.162   3228.159   8851.373    11.0054   3.409177     1.6899     0.0073     0.1490     0.0085     1.6899     1.3699      6.264    30.0956    22.9585    2.39952    3.42915    104.757    6.37546    9.11117  0.000e+00
        539      6.451      9.357   3228.475   8852.119    11.0100   3.409823     1.6313     0.0061     0.1587     0.0085     1.6313     1.5352      6.397    30.0981    22.9596    2.26768    3.24074     99.001    6.37472    9.11012  0.000e+00
        540      6.585      9.551   3228.728   8856.423    11.0136   3.413552     1.5800     0.0073     0.1685     0.0098     1.5800     1.7004      6.530    30.1316    22.9850    2.15193    3.07533     93.946    6.37287    9.10747  0.000e+00
        541      6.675      9.681   3229.170   8859.041    11.0201   3.415821     1.5287     0.0061     0.1648     0.0085     1.5287     1.6385      6.619    30.1485    22.9970    2.03634    2.91013     88.898    6.37130    9.10522  0.000e+00
        542      6.809      9.876   3229.613   8862.968    11.0265   3.419225     1.4811     0.0073     0.1746     0.0085     1.4811     1.8037      6.752    30.1765    23.0177    1.92889    2.75658     84.206    6.36928    9.10234  0.000e+00
        543      6.898     10.005   3230.118   8864.087    11.0338   3.420196     1.4371     0.0073     0.1661     0.0098     1.4371     1.6591      6.841    30.1799    23.0191    1.82996    2.61520     79.887    6.36813    9.10069  0.000e+00
        544      7.077     10.265   3230.371   8864.645    11.0375   3.420679     1.3968     0.0073     0.1697     0.0085     1.3968     1.7211      7.018    30.1815    23.0198    1.73945    2.48585     75.936    6.36755    9.09987  0.000e+00
        545      7.167     10.395   3230.308   8864.267    11.0366   3.420352     1.3626     0.0073     0.1636     0.0098     1.3626     1.6178      7.107    30.1791    23.0180    1.66283    2.37635     72.591    6.36778    9.10019  0.000e+00
        546      7.301     10.589   3230.371   8864.825    11.0375   3.420835     1.3321     0.0073     0.1648     0.0085     1.3321     1.6385      7.240    30.1830    23.0209    1.59430    2.27842     69.599    6.36750    9.09979  0.000e+00
        547      7.390     10.719   3230.434   8865.757    11.0384   3.421644     1.3028     0.0073     0.1636     0.0085     1.3028     1.6178      7.329    30.1901    23.0263    1.52848    2.18435     66.725    6.36708    9.09920  0.000e+00
        548      7.525     10.913   3230.687   8865.940    11.0421   3.421803     1.2796     0.0061     0.1600     0.0085     1.2796     1.5558      7.462    30.1886    23.0245    1.47636    2.10987     64.450    6.36663    9.09856  0.000e+00
        549      7.614     11.043   3230.813   8866.872    11.0439   3.422611     1.2589     0.0073     0.1600     0.0085     1.2589     1.5558      7.550    30.1950    23.0291    1.42970    2.04319     62.413    6.36612    9.09783  0.000e+00
        550      7.748     11.238   3230.939   8867.055    11.0457   3.422770     1.2369     0.0061     0.1661     0.0085     1.2369     1.6591      7.684    30.1950    23.0288    1.38038    1.97270     60.260    6.36587    9.09747  0.000e+00
        551      7.882     11.432   3231.002   8867.239    11.0466   3.422929     1.2210     0.0073     0.1526     0.0098     1.2210     1.4319      7.817    30.1957    23.0292    1.34476    1.92180     58.705    6.36571    9.09724  0.000e+00
        552      7.972     11.562   3231.192   8868.170    11.0494   3.423737     1.2100     0.0073     0.1502     0.0085     1.2100     1.3905      7.905    30.2013    23.0331    1.32001    1.88642     57.624    6.36511    9.09637  0.000e+00
        553      8.106     11.757   3231.318   8868.728    11.0512   3.424221     1.1978     0.0073     0.1514     0.0085     1.1978     1.4112      8.038    30.2045    23.0353    1.29257    1.84721     56.426    6.36473    9.09583  0.000e+00
        554      8.195     11.886   3231.381   8869.285    11.0521   3.424705     1.1893     0.0073     0.1465     0.0098     1.1893     1.3286      8.127    30.2084    23.0382    1.27336    1.81976     55.588    6.36444    9.09542  0.000e+00
        555      8.330     12.081   3231.571   8870.591    11.0549   3.425838     1.1795     0.0073     0.1404     0.0085     1.1795     1.2253      8.260    30.2172    23.0445    1.25134    1.78829     54.626    6.36371    9.09437  0.000e+00
        556      8.464     12.276   3231.634   8871.896    11.0558   3.426970     1.1709     0.0073     0.1563     0.0085     1.1709     1.4938      8.393    30.2275    23.0523    1.23209    1.76078     53.785    6.36317    9.09360  0.000e+00
        557      8.553     12.405   3231.760   8872.827    11.0576   3.427779     1.1648     0.0073     0.1612     0.0085     1.1648     1.5765      8.482    30.2339    23.0570    1.21832    1.74110     53.184    6.36266    9.09288  0.000e+00
        558      8.643     12.535   3231.887   8873.758    11.0595   3.428587     1.1563     0.0073     0.1416     0.0085     1.1563     1.2459      8.571    30.2402    23.0616    1.19908    1.71360     52.344    6.36215    9.09215  0.000e+00
        559      8.777     12.730   3232.013   8874.315    11.0613   3.429070     1.1514     0.0073     0.1465     0.0085     1.1514     1.3286      8.704    30.2434    23.0637    1.18808    1.69788     51.863    6.36177    9.09160  0.000e+00
        560      8.866     12.859   3231.950   8875.246    11.0604   3.429879     1.1465     0.0073     0.1453     0.0085     1.1465     1.3079      8.792    30.2520    23.0706    1.17710    1.68220     51.384    6.36155    9.09129  0.000e+00
        561      9.000     13.054   3231.950   8875.429    11.0604   3.430038     1.1416     0.0061     0.1477     0.0085     1.1416     1.3492      8.925    30.2535    23.0718    1.16616    1.66656     50.906    6.36149    9.09121  0.000e+00
        562      9.179     13.314   3232.013   8875.238    11.0613   3.429872     1.1392     0.0073     0.1429     0.0085     1.1392     1.2666      9.103    30.2511    23.0697    1.16071    1.65877     50.668    6.36146    9.09117  0.000e+00
        563      9.314     13.508   3232.012   8875.235    11.0613   3.429869     1.1331     0.0061     0.1416     0.0085     1.1331     1.2459      9.236    30.2510    23.0697    1.14704    1.63924     50.072    6.36147    9.09117  0.000e+00
        564      9.403     13.638   3232.012   8875.044    11.0613   3.429704     1.1294     0.0073     0.1343     0.0085     1.1294     1.1220      9.324    30.2493    23.0684    1.13886    1.62754     49.715    6.36153    9.09127  0.000e+00
        565      9.448     13.703   3232.012   8875.228    11.0613   3.429863     1.1258     0.0073     0.1502     0.0085     1.1258     1.3905      9.369    30.2509    23.0696    1.13064    1.61580     49.356    6.36147    9.09118  0.000e+00
        566      9.582     13.897   3232.075   8875.224    11.0622   3.429860     1.1233     0.0073     0.1441     0.0085     1.1233     1.2872      9.502    30.2500    23.0688    1.12517    1.60798     49.117    6.36138    9.09104  0.000e+00
        567      9.671     14.027   3232.012   8875.220    11.0613   3.429857     1.1209     0.0073     0.1429     0.0098     1.1209     1.2666      9.591    30.2507    23.0695    1.11972    1.60020     48.879    6.36148    9.09119  0.000e+00
        568      9.716     14.092   3232.075   8875.217    11.0622   3.429854     1.1221     0.0073     0.1392     0.0085     1.1221     1.2046      9.635    30.2499    23.0687    1.12245    1.60410     48.998    6.36138    9.09105  0.000e+00
        569      9.940     14.416   3232.075   8875.213    11.0622   3.429851     1.1184     0.0073     0.1368     0.0085     1.1184     1.1633      9.857    30.2498    23.0686    1.11427    1.59241     48.641    6.36139    9.09106  0.000e+00
        570      9.984     14.481   3232.012   8875.396    11.0613   3.430010     1.1197     0.0073     0.1331     0.0085     1.1197     1.1013      9.901    30.2521    23.0705    1.11702    1.59634     48.761    6.36142    9.09111  0.000e+00
        571     10.074     14.611   3232.012   8875.393    11.0613   3.430007     1.1209     0.0073     0.1380     0.0085     1.1209     1.1839      9.990    30.2520    23.0705    1.11978    1.60027     48.881    6.36143    9.09111  0.000e+00
        572     10.208     14.806   3232.011   8875.389    11.0613   3.430004     1.1209     0.0061     0.1331     0.0085     1.1209     1.1013     10.123    30.2520    23.0704    1.11980    1.60030     48.882    6.36143    9.09112  0.000e+00
        573     10.342     15.000   3232.075   8875.386    11.0622   3.430001     1.1221     0.0073     0.1392     0.0085     1.1221     1.2046     10.256    30.2511    23.0696    1.12254    1.60422     49.002    6.36134    9.09098  0.000e+00
        574     10.432     15.130   3232.074   8875.382    11.0622   3.429998     1.1221     0.0061     0.1709     0.0085     1.1221     1.7417     10.345    30.2511    23.0696    1.12255    1.60424     49.003    6.36134    9.09099  0.000e+00
        575     10.566     15.325   3232.011   8875.939    11.0613   3.430481     1.1221     0.0073     0.1368     0.0085     1.1221     1.1633     10.478    30.2565    23.0739    1.12256    1.60425     49.003    6.36125    9.09086  0.000e+00
        576     10.611     15.389   3232.074   8878.177    11.0622   3.432425     1.1221     0.0073     0.1319     0.0085     1.1221     1.0806     10.522    30.2747    23.0880    1.12241    1.60404     48.996    6.36039    9.08963  0.000e+00
        577     10.745     15.584   3232.011   8879.295    11.0613   3.433396     1.1221     0.0073     0.1404     0.0085     1.1221     1.2253     10.655    30.2849    23.0960    1.12238    1.60400     48.994    6.36011    9.08923  0.000e+00
        578     10.924     15.843   3231.821   8879.665    11.0585   3.433717     1.1233     0.0073     0.1343     0.0085     1.1233     1.1220     10.832    30.2903    23.1007    1.12517    1.60798     49.116    6.36028    9.08947  0.000e+00
        579     10.968     15.908   3231.884   8879.848    11.0594   3.433876     1.1245     0.0073     0.1343     0.0085     1.1245     1.1220     10.877    30.2911    23.1011    1.12789    1.61187     49.234    6.36012    9.08924  0.000e+00
        580     11.058     16.038   3231.947   8879.844    11.0603   3.433873     1.1221     0.0073     0.1355     0.0085     1.1221     1.1426     10.966    30.2902    23.1003    1.12241    1.60404     48.995    6.36002    9.08911  0.000e+00
        581     11.282     16.362   3231.821   8879.840    11.0585   3.433870     1.1221     0.0061     0.1331     0.0085     1.1221     1.1013     11.187    30.2916    23.1017    1.12248    1.60414     48.998    6.36022    9.08939  0.000e+00
        582     11.505     16.687   3231.821   8879.650    11.0585   3.433705     1.1221     0.0073     0.1319     0.0085     1.1221     1.0806     11.409    30.2899    23.1004    1.12253    1.60420     49.000    6.36029    9.08949  0.000e+00
        583     11.595     16.817   3231.757   8880.020    11.0576   3.434026     1.1209     0.0061     0.1514     0.0085     1.1209     1.4112     11.498    30.2938    23.1036    1.11980    1.60030     48.881    6.36026    9.08945  0.000e+00
        584     11.639     16.881   3231.820   8880.203    11.0585   3.434186     1.1233     0.0073     0.1441     0.0085     1.1233     1.2872     11.542    30.2946    23.1040    1.12525    1.60810     49.119    6.36010    9.08922  0.000e+00
        585     11.684     16.946   3231.757   8880.200    11.0576   3.434182     1.1221     0.0061     0.1392     0.0085     1.1221     1.2046     11.586    30.2953    23.1047    1.12254    1.60422     49.000    6.36020    9.08937  0.000e+00
        586     11.774     17.076   3231.694   8880.196    11.0567   3.434179     1.1233     0.0061     0.1343     0.0085     1.1233     1.1220     11.675    30.2960    23.1054    1.12530    1.60817     49.121    6.36030    9.08951  0.000e+00
        587     11.997     17.400   3231.630   8880.379    11.0557   3.434339     1.1245     0.0073     0.1343     0.0098     1.1245     1.1220     11.897    30.2982    23.1073    1.12808    1.61214     49.242    6.36034    9.08956  0.000e+00
        588     12.131     17.595   3231.504   8881.309    11.0539   3.435147     1.1270     0.0073     0.1331     0.0085     1.1270     1.1013     12.030    30.3076    23.1149    1.13355    1.61996     49.481    6.36022    9.08939  0.000e+00
        589     12.221     17.725   3231.377   8881.866    11.0521   3.435630     1.1282     0.0073     0.1380     0.0085     1.1282     1.1839     12.119    30.3138    23.1200    1.13630    1.62389     49.601    6.36022    9.08940  0.000e+00
        590     12.355     17.919   3231.377   8881.862    11.0521   3.435627     1.1319     0.0073     0.1404     0.0085     1.1319     1.2253     12.252    30.3137    23.1200    1.14454    1.63566     49.960    6.36023    9.08940  0.000e+00
        591     12.445     18.049   3231.251   8882.232    11.0502   3.435949     1.1331     0.0073     0.1355     0.0085     1.1331     1.1426     12.341    30.3183    23.1239    1.14730    1.63961     50.080    6.36030    9.08950  0.000e+00
        592     12.579     18.244   3231.314   8882.602    11.0512   3.436270     1.1368     0.0061     0.1331     0.0085     1.1368     1.1013     12.474    30.3207    23.1256    1.15550    1.65132     50.438    6.36008    9.08919  0.000e+00
