unitTesting/processed_seabird_noalign/ORCA1_CAST0024.cnv
* Sea-Bird SBE 19 Data File:
* FileName =
* Software Version 4.234
* Temperature SN = 2835
* Conductivity SN = 2835
* System UpLoad Time = Mon Jan 24 23:59:15 2005

** Ship: ORCA
** Cruise: Mooring
** Station: Twanoh
** Latitude: 47 22.5
** Longitude: 123 0.5
# nquan = 22
# nvalues = 885                                   
# units = specified
# name 0 = scan: Scan Count
# name 1 = prSM: Pressure, Strain Gauge [db]
# name 2 = prSE: Pressure, Strain Gauge [psi]
# name 3 = f0: Frequency 0
# name 4 = f1: Frequency 1
# name 5 = t090C: Temperature [ITS-90, deg C]
# name 6 = c0S/m: Conductivity [S/m]
# name 7 = v0: Voltage 0
# name 8 = v1: Voltage 1
# name 9 = v2: Voltage 2
# name 10 = v3: Voltage 3
# name 11 = sbeox0V: Oxygen raw, SBE 43 [V]
# name 12 = wetStar: Fluorescence, WET Labs WETstar [mg/m^3]
# name 13 = depSM: Depth [salt water, m], lat = 47.28
# name 14 = sal00: Salinity, Practical [PSU]
# name 15 = sigma-t00: Density [sigma-t, Kg/m^3 ]
# name 16 = sbeox0ML/L: Oxygen, SBE 43 [ml/l]
# name 17 = sbeox0Mg/L: Oxygen, SBE 43 [mg/l]
# name 18 = sbeox0Mm/Kg: Oxygen, SBE 43 [umol/Kg]
# name 19 = oxsatML/L: Oxygen Saturation, Weiss [ml/l]
# name 20 = oxsatMg/L: Oxygen Saturation, Weiss [mg/l]
# name 21 = flag:  0.000e+00
# span 0 =          1,        885                 
# span 1 =      0.951,     29.672                 
# span 2 =      1.380,     43.035                 
# span 3 =   3100.721,   3232.833                 
# span 4 =   6479.830,   8901.075                 
# span 5 =     9.1290,    11.0732                 
# span 6 =   1.633893,   3.452347                 
# span 7 =     0.0000,     3.0745                 
# span 8 =     0.0000,     0.0073                 
# span 9 =     0.0000,     0.2894                 
# span 10 =     0.0000,     0.0098                
# span 11 =     0.0000,     3.0745                
# span 12 =    -1.1506,     3.7457                
# span 13 =      0.943,     29.422                
# span 14 =    14.1213,    30.4581                
# span 15 =    10.7963,    23.2297                
# span 16 =   -1.39500,    6.23319                
# span 17 =   -1.99359,    8.90786                
# span 18 =    -60.895,    275.398                
# span 19 =    6.35238,    7.34695                
# span 20 =    9.07819,   10.49953                
# span 21 = 0.0000e+00, 0.0000e+00                
# interval = seconds: 0.5
# start_time = Jan 31 2016 20:27:19 [DatCnv date, localtime]
# bad_flag = -9.990e-29
*END*
[from data line 396]
        397      7.346     10.654   3217.490   8815.174    10.8503   3.377898     1.1294     0.0073     0.1380     0.0085     1.1294     1.1839      7.284    29.9154    22.8447    1.14587    1.63756     50.032    6.40437    9.15249  0.000e+00
        398      7.256     10.524   3216.668   8814.612    10.8383   3.377414     1.1319     0.0061     0.1429     0.0085     1.1319     1.2666      7.196    29.9204    22.8507    1.15161    1.64576     50.282    6.40584    9.15459  0.000e+00
        399      7.167     10.395   3216.542   8815.744    10.8365   3.378389     1.1368     0.0073     0.1392     0.0098     1.1368     1.2046      7.107    29.9315    22.8596    1.16258    1.66144     50.760    6.40565    9.15431  0.000e+00
        400      7.077     10.265   3216.542   8813.488    10.8365   3.376445     1.1416     0.0073     0.1416     0.0085     1.1416     1.2459      7.018    29.9125    22.8448    1.17372    1.67737     51.248    6.40642    9.15542  0.000e+00
        401      6.943     10.070   3216.226   8812.174    10.8319   3.375311     1.1490     0.0073     0.1404     0.0085     1.1490     1.2253      6.885    29.9052    22.8399    1.19040    1.70120     51.976    6.40736    9.15676  0.000e+00
        402      6.854      9.940   3215.468   8810.671    10.8209   3.374016     1.1551     0.0061     0.1392     0.0085     1.1551     1.2046      6.797    29.9015    22.8389    1.20447    1.72130     52.590    6.40906    9.15919  0.000e+00
        403      6.764      9.811   3215.531   8807.473    10.8218   3.371260     1.1636     0.0073     0.1429     0.0085     1.1636     1.2666      6.708    29.8737    22.8171    1.22394    1.74913     53.442    6.41005    9.16061  0.000e+00
        404      6.675      9.681   3214.646   8806.345    10.8089   3.370289     1.1722     0.0061     0.1477     0.0085     1.1722     1.3492      6.619    29.8747    22.8201    1.24354    1.77714     54.297    6.41182    9.16313  0.000e+00
        405      6.541      9.486   3214.267   8797.304    10.8034   3.362503     1.1819     0.0073     0.1551     0.0085     1.1819     1.4732      6.486    29.8028    22.7651    1.26629    1.80966     55.294    6.41551    9.16840  0.000e+00
        406      6.451      9.357   3212.877   8790.894    10.7831   3.356990     1.1905     0.0073     0.1636     0.0085     1.1905     1.6178      6.397    29.7651    22.7392    1.28643    1.83844     56.175    6.41988    9.17465  0.000e+00
        407      6.407      9.292   3211.360   8781.647    10.7610   3.349042     1.1990     0.0073     0.1648     0.0085     1.1990     1.6385      6.353    29.7050    22.6962    1.30683    1.86760     57.068    6.42543    9.18258  0.000e+00
        408      6.228      9.032   3209.400   8778.061    10.7325   3.345962     1.2051     0.0073     0.1709     0.0085     1.2051     1.7417      6.176    29.6979    22.6955    1.32145    1.88848     57.706    6.42974    9.18874  0.000e+00
        409      6.049      8.773   3208.325   8778.819    10.7168   3.346614     1.2112     0.0073     0.1587     0.0085     1.2112     1.5352      5.998    29.7171    22.7130    1.33551    1.90857     58.319    6.43117    9.19079  0.000e+00
        410      5.959      8.643   3208.199   8775.988    10.7150   3.344182     1.2198     0.0073     0.1551     0.0085     1.2198     1.4732      5.910    29.6947    22.6959    1.35509    1.93656     59.175    6.43234    9.19246  0.000e+00
        411      5.870      8.514   3207.567   8773.533    10.7058   3.342076     1.2247     0.0073     0.1575     0.0085     1.2247     1.5145      5.821    29.6815    22.6872    1.36651    1.95288     59.674    6.43418    9.19509  0.000e+00
        412      5.736      8.319   3206.177   8766.728    10.6855   3.336237     1.2308     0.0073     0.1526     0.0085     1.2308     1.4319      5.688    29.6406    22.6587    1.38125    1.97394     60.320    6.43871    9.20156  0.000e+00
        413      5.646      8.189   3204.596   8759.349    10.6624   3.329913     1.2369     0.0073     0.1526     0.0085     1.2369     1.4319      5.599    29.5970    22.6287    1.39612    1.99519     60.971    6.44374    9.20875  0.000e+00
        414      5.557      8.060   3202.953   8757.648    10.6384   3.328455     1.2418     0.0073     0.1551     0.0085     1.2418     1.4732      5.510    29.6021    22.6366    1.40783    2.01193     61.482    6.44693    9.21331  0.000e+00
        415      5.423      7.865   3203.016   8762.951    10.6394   3.333000     1.2466     0.0073     0.1587     0.0085     1.2466     1.5352      5.377    29.6462    22.6708    1.41847    2.02713     61.944    6.44500    9.21056  0.000e+00
        416      5.333      7.735   3203.332   8757.085    10.6440   3.327973     1.2540     0.0073     0.1551     0.0085     1.2540     1.4732      5.289    29.5930    22.6286    1.43542    2.05136     62.687    6.44652    9.21272  0.000e+00
        417      5.199      7.541   3201.942   8744.958    10.6237   3.317592     1.2576     0.0061     0.1526     0.0085     1.2576     1.4319      5.156    29.5072    22.5652    1.44509    2.06518     63.114    6.45290    9.22183  0.000e+00
        418      5.110      7.411   3199.034   8729.965    10.5812   3.304779     1.2650     0.0073     0.1624     0.0085     1.2650     1.5971      5.067    29.4152    22.5007    1.46385    2.09198     63.937    6.46268    9.23582  0.000e+00
        419      5.020      7.281   3195.557   8726.167    10.5304   3.301537     1.2711     0.0061     0.1551     0.0085     1.2711     1.4732      4.978    29.4243    22.5161    1.47918    2.11390     64.606    6.46955    9.24563  0.000e+00
        420      4.886      7.087   3194.799   8724.459    10.5193   3.300079     1.2772     0.0073     0.1563     0.0085     1.2772     1.4938      4.845    29.4189    22.5138    1.49345    2.13429     65.229    6.47135    9.24821  0.000e+00
        421      4.752      6.892   3194.356   8720.469    10.5128   3.296675     1.2845     0.0073     0.1563     0.0085     1.2845     1.4938      4.712    29.3905    22.4928    1.51058    2.15877     65.979    6.47343    9.25118  0.000e+00
        422      4.662      6.762   3193.914   8714.383    10.5064   3.291486     1.2943     0.0073     0.1612     0.0098     1.2943     1.5765      4.624    29.3445    22.4581    1.53347    2.19148     66.981    6.47624    9.25519  0.000e+00
        423      4.573      6.633   3192.776   8708.484    10.4897   3.286459     1.3040     0.0073     0.1673     0.0085     1.3040     1.6798      4.535    29.3083    22.4326    1.55661    2.22455     67.993    6.48010    9.26071  0.000e+00
        424      4.439      6.438   3191.954   8705.820    10.4777   3.284190     1.3138     0.0073     0.1770     0.0085     1.3138     1.8450      4.402    29.2956    22.4247    1.57938    2.25709     68.988    6.48234    9.26391  0.000e+00
        425      4.349      6.308   3191.385   8703.536    10.4694   3.282246     1.3236     0.0061     0.1722     0.0085     1.3236     1.7624      4.313    29.2832    22.4164    1.60204    2.28948     69.979    6.48404    9.26634  0.000e+00
        426      4.215      6.114   3191.070   8707.730    10.4648   3.285817     1.3346     0.0073     0.1734     0.0098     1.3346     1.7831      4.180    29.3222    22.4475    1.62684    2.32492     71.060    6.48310    9.26500  0.000e+00
        427      4.126      5.984   3191.702   8706.399    10.4740   3.284684     1.3443     0.0073     0.1783     0.0085     1.3443     1.8657      4.091    29.3036    22.4315    1.64899    2.35657     72.028    6.48254    9.26420  0.000e+00
        428      3.992      5.789   3191.449   8701.257    10.4703   3.280306     1.3565     0.0073     0.1856     0.0085     1.3565     1.9897      3.958    29.2634    22.4008    1.67737    2.39712     73.270    6.48472    9.26731  0.000e+00
        429      3.902      5.660   3190.944   8701.641    10.4629   3.280633     1.3700     0.0073     0.1758     0.0085     1.3700     1.8244      3.870    29.2726    22.4092    1.70816    2.44113     74.614    6.48540    9.26829  0.000e+00
        430      3.768      5.465   3190.817   8699.547    10.4611   3.278850     1.3834     0.0073     0.1856     0.0085     1.3834     1.9897      3.737    29.2565    22.3970    1.73902    2.48524     75.963    6.48632    9.26961  0.000e+00
        431      3.634      5.271   3190.754   8694.591    10.4601   3.274635     1.3956     0.0073     0.1868     0.0085     1.3956     2.0103      3.604    29.2157    22.3654    1.76735    2.52572     77.203    6.48813    9.27219  0.000e+00
        432      3.545      5.141   3190.185   8690.396    10.4518   3.271068     1.4078     0.0073     0.1990     0.0085     1.4078     2.2169      3.515    29.1872    22.3445    1.79584    2.56643     78.449    6.49050    9.27557  0.000e+00
        433      3.455      5.011   3189.553   8689.444    10.4426   3.270259     1.4200     0.0073     0.2088     0.0085     1.4200     2.3822      3.426    29.1866    22.3456    1.82406    2.60676     79.682    6.49185    9.27750  0.000e+00
        434      3.276      4.752   3188.858   8681.618    10.4324   3.263611     1.4286     0.0061     0.2039     0.0085     1.4286     2.2995      3.249    29.1291    22.3025    1.84459    2.63611     80.582    6.49567    9.28296  0.000e+00
        435      3.097      4.492   3188.416   8682.576    10.4259   3.264424     1.4383     0.0073     0.2015     0.0085     1.4383     2.2582      3.072    29.1424    22.3139    1.86697    2.66808     81.559    6.49605    9.28350  0.000e+00
        436      3.008      4.363   3188.479   8682.960    10.4268   3.264751     1.4469     0.0073     0.1954     0.0085     1.4469     2.1549      2.983    29.1450    22.3158    1.88641    2.69587     82.408    6.49581    9.28317  0.000e+00
        437      2.919      4.233   3187.910   8676.084    10.4185   3.258913     1.4554     0.0073     0.2100     0.0085     1.4554     2.4028      2.894    29.0940    22.2774    1.90687    2.72511     83.305    6.49911    9.28787  0.000e+00
        438      2.740      3.974   3187.341   8665.183    10.4102   3.249669     1.4615     0.0073     0.2100     0.0085     1.4615     2.4028      2.717    29.0093    22.2129    1.92214    2.74693     83.978    6.50379    9.29456  0.000e+00
        439      2.650      3.844   3185.255   8635.467    10.3796   3.224528     1.4689     0.0073     0.1978     0.0085     1.4689     2.1963      2.628    28.7853    22.0435    1.94286    2.77655     84.897    6.51742    9.31405  0.000e+00
        440      2.561      3.714   3182.157   8639.118    10.3342   3.227613     1.4713     0.0073     0.1966     0.0085     1.4713     2.1756      2.539    28.8518    22.1026    1.94945    2.78596     85.180    6.52123    9.31948  0.000e+00
        441      2.427      3.520   3181.272   8620.479    10.3212   3.211881     1.4737     0.0073     0.1941     0.0085     1.4737     2.1343      2.406    28.7065    21.9916    1.95735    2.79724     85.534    6.52911    9.33075  0.000e+00
        442      2.293      3.325   3177.859   8578.049    10.2711   3.176199     1.4725     0.0061     0.2039     0.0085     1.4725     2.2995      2.273    28.3931    21.7557    1.96043    2.80165     85.689    6.54935    9.35968  0.000e+00
        443      2.203      3.195   3173.054   8484.737    10.2005   3.098353     1.4737     0.0073     0.1966     0.0085     1.4737     2.1756      2.185    27.6787    21.2108    1.97503    2.82251     86.373    6.58940    9.41691  0.000e+00
        444      2.069      3.001   3163.001   8290.161    10.0527   2.938801     1.4701     0.0073     0.2051     0.0085     1.4701     2.3202      2.052    26.2165    20.0957    1.99098    2.84531     87.165    6.67279    9.53609  0.000e+00
        445      1.980      2.871   3149.596   8135.879     9.8550   2.814956     1.4689     0.0073     0.1978     0.0085     1.4689     2.1963      1.963    25.1387    19.2864    2.01009    2.87262     88.072    6.74850    9.64428  0.000e+00
        446      1.845      2.677   3139.227   8136.085     9.7016   2.815122     1.4640     0.0073     0.2039     0.0085     1.4640     2.2995      1.830    25.2475    19.3937    2.00357    2.86330     87.777    6.76717    9.67096  0.000e+00
        447      1.711      2.482   3133.852   7908.671     9.6220   2.636862     1.4615     0.0073     0.2137     0.0085     1.4615     2.4648      1.697    23.5465    18.0805    2.02289    2.89091     88.738    6.85318    9.79387  0.000e+00
        448      1.622      2.352   3121.711   7783.107     9.4417   2.540631     1.4591     0.0073     0.2039     0.0085     1.4591     2.2995      1.608    22.7180    17.4605    2.03546    2.90888     89.344    6.91772    9.88611  0.000e+00
        449      1.488      2.158   3114.818   7707.518     9.3392   2.483454     1.4567     0.0061     0.1954     0.0085     1.4567     2.1549      1.475    22.2211    17.0873    2.04041    2.91595     89.594    6.95593    9.94072  0.000e+00
        450      1.354      1.963   3110.518   7523.710     9.2752   2.346774     1.4542     0.0073     0.2247     0.0098     1.4542     2.6508      1.342    20.9215    16.0835    2.05418    2.93563     90.288    7.02416   10.03823  0.000e+00
        451      1.219      1.769   3106.345   7343.659     9.2129   2.216127     1.4554     0.0073     0.1978     0.0085     1.4554     2.1963      1.209    19.6843    15.1279    2.07626    2.96718     91.344    7.09001   10.13233  0.000e+00
        452      1.130      1.639   3105.459   7211.938     9.1997   2.122580     1.4628     0.0073     0.2088     0.0098     1.4628     2.3822      1.121    18.7848    14.4289    2.10714    3.01132     92.766    7.13303   10.19382  0.000e+00
        453      0.996      1.444   3109.001   7420.949     9.2525   2.271816     1.4786     0.0061     0.2308     0.0085     1.4786     2.7541      0.988    20.2038    15.5274    2.12506    3.03693     93.454    7.06009   10.08957  0.000e+00
        454      0.951      1.380   3118.803   7707.530     9.3985   2.483462     1.5067     0.0073     0.2222     0.0098     1.5067     2.6094      0.943    22.1846    17.0509    2.16032    3.08731     94.862    6.94814    9.92959  0.000e+00
        455      0.951      1.380   3121.712   7246.358     9.4418   2.146858     1.5409     0.0061     0.2259     0.0085     1.5409     2.6714      0.943    18.8918    14.4814    2.28924    3.27156    100.778    7.08859   10.13030  0.000e+00
        456      0.951      1.380   3116.463   7102.335     9.3637   2.046047     1.5800     0.0073     0.2357     0.0085     1.5800     2.8367      0.943    17.9640    13.7692    2.40475    3.43662    105.937    7.14347   10.20873  0.000e+00
        457      0.951      1.380   3114.440   7067.221     9.3336   2.021780     1.6239     0.0073     0.2186     0.0085     1.6239     2.5475      0.943    17.7464    13.6037    2.52016    3.60157    111.040    7.15836   10.23001  0.000e+00
        458      0.951      1.380   3110.140   6938.380     9.2695   1.933781     1.6911     0.0073     0.2271     0.0098     1.6911     2.6921      0.943    16.9358    12.9805    2.70670    3.86815    119.332    7.20615   10.29830  0.000e+00
        459      0.951      1.380   3107.547   6888.963     9.2309   1.900464     1.7778     0.0073     0.1990     0.0085     1.7778     2.2169      0.943    16.6359    12.7517    2.93416    4.19320    129.389    7.22642   10.32727  0.000e+00
        460      0.951      1.380   3107.484   6920.912     9.2299   1.921976     1.8779     0.0073     0.1966     0.0085     1.8779     2.1756      0.943    16.8418    12.9121    3.18410    4.55040    140.389    7.21708   10.31393  0.000e+00
