unitTesting/processed_seabird_noalign/ORCA1_CAST0019.cnv
* Sea-Bird SBE 19 Data File:
* FileName =
* Software Version 4.234
* Temperature SN = 2835
* Conductivity SN = 2835
* System UpLoad Time = Sun Jan 23 17:56:53 2005

** Ship: ORCA
** Cruise: Mooring
** Station: Twanoh
** Latitude: 47 22.5
** Longitude: 123 0.5
# nquan = 22
# nvalues = 916                                   
# units = specified
# name 0 = scan: Scan Count
# name 1 = prSM: Pressure, Strain Gauge [db]
# name 2 = prSE: Pressure, Strain Gauge [psi]
# name 3 = f0: Frequency 0
# name 4 = f1: Frequency 1
# name 5 = t090C: Temperature [ITS-90, deg C]
# name 6 = c0S/m: Conductivity [S/m]
# name 7 = v0: Voltage 0
# name 8 = v1: Voltage 1
# name 9 = v2: Voltage 2
# name 10 = v3: Voltage 3
# name 11 = sbeox0V: Oxygen raw, SBE 43 [V]
# name 12 = wetStar: Fluorescence, WET Labs WETstar [mg/m^3]
# name 13 = depSM: Depth [salt water, m], lat = 47.28
# name 14 = sal00: Salinity, Practical [PSU]
# name 15 = sigma-t00: Density [sigma-t, Kg/m^3 ]
# name 16 = sbeox0ML/L: Oxygen, SBE 43 [ml/l]
# name 17 = sbeox0Mg/L: Oxygen, SBE 43 [mg/l]
# name 18 = sbeox0Mm/Kg: Oxygen, SBE 43 [umol/Kg]
# name 19 = oxsatML/L: Oxygen Saturation, Weiss [ml/l]
# name 20 = oxsatMg/L: Oxygen Saturation, Weiss [mg/l]
# name 21 = flag:  0.000e+00
# span 0 =          1,        916                 
# span 1 =      0.951,     29.672                 
# span 2 =      1.380,     43.035                 
# span 3 =   3069.993,   3234.459                 
# span 4 =   7212.979,   8905.950                 
# span 5 =     8.6684,    11.0968                 
# span 6 =   2.123315,   3.456593                 
# span 7 =     0.0000,     3.2063                 
# span 8 =     0.0000,     0.0073                 
# span 9 =     0.0000,     0.3895                 
# span 10 =     0.0000,     0.0098                
# span 11 =     0.0000,     3.2063                
# span 12 =    -1.1506,     5.4398                
# span 13 =      0.943,     29.422                
# span 14 =    18.9857,    30.5002                
# span 15 =    14.6307,    23.2625                
# span 16 =   -1.39503,    6.44322                
# span 17 =   -1.99364,    9.20800                
# span 18 =    -60.898,    283.425                
# span 19 =    6.35078,    7.19011                
# span 20 =    9.07590,   10.27538                
# span 21 = 0.0000e+00, 0.0000e+00                
# interval = seconds: 0.5
# start_time = Jan 31 2016 20:27:15 [DatCnv date, localtime]
# bad_flag = -9.990e-29
*END*
          1     18.931     27.458   3232.877   8887.486    11.0738   3.440517     0.0000     0.0000     0.0000     0.0000     0.0000    -1.1506     18.773    30.3410    23.1374   -1.39414   -1.99237    -60.854    6.35612    9.08354  0.000e+00
          2     18.976     27.522   3232.877   8887.486    11.0738   3.440517     0.0000     0.0000     0.0000     0.0000     0.0000    -1.1506     18.817    30.3410    23.1374   -1.39415   -1.99238    -60.855    6.35612    9.08354  0.000e+00
          3     18.976     27.522   3233.003   8887.486    11.0757   3.440517     0.0000     0.0012     0.0000     0.0012     0.0000    -1.1506     18.817    30.3395    23.1359   -1.39411   -1.99232    -60.853    6.35593    9.08326  0.000e+00
          4     18.976     27.522   3232.940   8887.486    11.0747   3.440517     0.0000     0.0000     0.0000     0.0012     0.0000    -1.1506     18.817    30.3402    23.1367   -1.39413   -1.99235    -60.854    6.35603    9.08340  0.000e+00
          5     18.976     27.522   3232.771   8887.486    11.0723   3.440517     0.0000     0.0012     0.0000     0.0012     0.0000    -1.1506     18.817    30.3422    23.1387   -1.39418   -1.99242    -60.856    6.35629    9.08377  0.000e+00
          6     18.976     27.522   3232.603   8887.484    11.0699   3.440516     0.0000     0.0000     0.0000     0.0000     0.0000    -1.1506     18.817    30.3442    23.1407   -1.39423   -1.99250    -60.858    6.35654    9.08414  0.000e+00
          7     18.976     27.522   3232.434   8887.481    11.0674   3.440514     0.0012     0.0012     0.0012     0.0000     0.0012    -1.1299     18.817    30.3462    23.1426   -1.39155   -1.98866    -60.741    6.35680    9.08451  0.000e+00
          8     18.976     27.522   3232.877   8887.666    11.0738   3.440674     0.0012     0.0012     0.0012     0.0012     0.0012    -1.1299     18.817    30.3425    23.1386   -1.39140   -1.98845    -60.734    6.35606    9.08345  0.000e+00
          9     18.976     27.522   3232.940   8887.477    11.0747   3.440510     0.0000     0.0012     0.0000     0.0012     0.0000    -1.1506     18.817    30.3401    23.1366   -1.39413   -1.99235    -60.854    6.35603    9.08340  0.000e+00
         10     18.976     27.522   3233.003   8887.474    11.0757   3.440508     0.0000     0.0012     0.0000     0.0012     0.0000    -1.1506     18.817    30.3394    23.1359   -1.39411   -1.99232    -60.853    6.35593    9.08327  0.000e+00
         11     18.931     27.458   3232.940   8887.472    11.0747   3.440506     0.0000     0.0000     0.0000     0.0012     0.0000    -1.1506     18.773    30.3401    23.1366   -1.39412   -1.99234    -60.854    6.35603    9.08340  0.000e+00
         12     18.976     27.522   3232.940   8887.470    11.0747   3.440504     0.0000     0.0000     0.0000     0.0012     0.0000    -1.1506     18.817    30.3401    23.1366   -1.39413   -1.99235    -60.854    6.35603    9.08341  0.000e+00
         13     18.976     27.522   3233.003   8887.468    11.0757   3.440502     0.0000     0.0012     0.0000     0.0012     0.0000    -1.1506     18.817    30.3393    23.1358   -1.39411   -1.99233    -60.853    6.35594    9.08327  0.000e+00
         14     18.976     27.522   3232.940   8887.465    11.0747   3.440500     0.0000     0.0012     0.0000     0.0012     0.0000    -1.1506     18.817    30.3400    23.1365   -1.39413   -1.99235    -60.854    6.35603    9.08341  0.000e+00
         15     18.931     27.458   3232.940   8887.463    11.0747   3.440498     0.0000     0.0012     0.0000     0.0012     0.0000    -1.1506     18.773    30.3400    23.1365   -1.39412   -1.99234    -60.854    6.35603    9.08341  0.000e+00
         16     18.976     27.522   3232.940   8887.461    11.0747   3.440496     0.0000     0.0012     0.0000     0.0012     0.0000    -1.1506     18.817    30.3400    23.1365   -1.39413   -1.99235    -60.854    6.35604    9.08341  0.000e+00
         17     18.976     27.522   3232.877   8887.459    11.0738   3.440494     0.0000     0.0012     0.0000     0.0012     0.0000    -1.1506     18.817    30.3407    23.1372   -1.39415   -1.99238    -60.855    6.35613    9.08355  0.000e+00
         18     18.976     27.522   3232.940   8887.456    11.0747   3.440492     0.0000     0.0012     0.0000     0.0012     0.0000    -1.1506     18.817    30.3400    23.1365   -1.39413   -1.99235    -60.854    6.35604    9.08341  0.000e+00
         19     18.976     27.522   3232.940   8887.454    11.0747   3.440490     0.0000     0.0000     0.0000     0.0012     0.0000    -1.1506     18.817    30.3399    23.1365   -1.39413   -1.99235    -60.854    6.35604    9.08341  0.000e+00
         20     18.976     27.522   3232.940   8888.012    11.0747   3.440975     0.0000     0.0012     0.0000     0.0012     0.0000    -1.1506     18.817    30.3447    23.1402   -1.39409   -1.99229    -60.852    6.35585    9.08314  0.000e+00
         21     18.931     27.458   3232.814   8887.076    11.0729   3.440162     0.0000     0.0000     0.0000     0.0012     0.0000    -1.1506     18.773    30.3383    23.1355   -1.39419   -1.99244    -60.857    6.35636    9.08387  0.000e+00
         22     18.976     27.522   3232.940   8887.447    11.0747   3.440484     0.0000     0.0012     0.0000     0.0012     0.0000    -1.1506     18.817    30.3399    23.1364   -1.39413   -1.99235    -60.854    6.35604    9.08342  0.000e+00
         23     18.931     27.458   3232.814   8887.445    11.0729   3.440482     0.0000     0.0000     0.0000     0.0012     0.0000    -1.1506     18.773    30.3414    23.1379   -1.39416   -1.99240    -60.855    6.35623    9.08369  0.000e+00
         24     18.976     27.522   3232.940   8887.443    11.0747   3.440480     0.0000     0.0012     0.0000     0.0012     0.0000    -1.1506     18.817    30.3398    23.1364   -1.39413   -1.99236    -60.854    6.35604    9.08342  0.000e+00
         25     18.976     27.522   3232.877   8887.254    11.0738   3.440316     0.0000     0.0000     0.0000     0.0012     0.0000    -1.1506     18.817    30.3390    23.1359   -1.39417   -1.99240    -60.856    6.35620    9.08365  0.000e+00
         26     18.931     27.458   3232.941   8887.438    11.0747   3.440476     0.0000     0.0012     0.0000     0.0012     0.0000    -1.1506     18.773    30.3398    23.1364   -1.39412   -1.99234    -60.854    6.35604    9.08342  0.000e+00
         27     18.976     27.522   3232.941   8887.623    11.0748   3.440637     0.0000     0.0000     0.0000     0.0012     0.0000    -1.1506     18.817    30.3414    23.1376   -1.39412   -1.99234    -60.853    6.35598    9.08333  0.000e+00
         28     18.931     27.458   3233.004   8887.434    11.0757   3.440472     0.0000     0.0000     0.0000     0.0012     0.0000    -1.1506     18.773    30.3390    23.1356   -1.39411   -1.99232    -60.853    6.35595    9.08328  0.000e+00
         29     18.931     27.458   3232.941   8887.432    11.0748   3.440470     0.0000     0.0012     0.0000     0.0012     0.0000    -1.1506     18.773    30.3398    23.1363   -1.39413   -1.99234    -60.854    6.35604    9.08342  0.000e+00
         30     18.976     27.522   3232.941   8887.429    11.0748   3.440469     0.0000     0.0012     0.0000     0.0012     0.0000    -1.1506     18.817    30.3397    23.1363   -1.39413   -1.99236    -60.854    6.35605    9.08343  0.000e+00
         31     18.976     27.522   3232.877   8887.614    11.0738   3.440629     0.0000     0.0012     0.0000     0.0012     0.0000    -1.1506     18.817    30.3421    23.1383   -1.39414   -1.99236    -60.854    6.35608    9.08347  0.000e+00
         32     18.976     27.522   3232.877   8887.611    11.0738   3.440627     0.0000     0.0012     0.0000     0.0012     0.0000    -1.1506     18.817    30.3420    23.1383   -1.39414   -1.99236    -60.854    6.35608    9.08347  0.000e+00
         33     18.976     27.522   3232.878   8887.796    11.0738   3.440787     0.0000     0.0000     0.0000     0.0012     0.0000    -1.1506     18.817    30.3436    23.1395   -1.39413   -1.99235    -60.854    6.35602    9.08338  0.000e+00
         34     18.976     27.522   3232.878   8887.607    11.0738   3.440623     0.0000     0.0012     0.0000     0.0012     0.0000    -1.1506     18.817    30.3420    23.1382   -1.39414   -1.99237    -60.854    6.35608    9.08348  0.000e+00
         35     18.931     27.458   3232.941   8887.605    11.0748   3.440621     0.0000     0.0000     0.0000     0.0000     0.0000    -1.1506     18.773    30.3412    23.1375   -1.39411   -1.99233    -60.853    6.35599    9.08334  0.000e+00
         36     18.931     27.458   3232.941   8887.602    11.0748   3.440619     0.0000     0.0000     0.0000     0.0012     0.0000    -1.1506     18.773    30.3412    23.1375   -1.39411   -1.99233    -60.853    6.35599    9.08334  0.000e+00
         37     18.931     27.458   3232.941   8887.600    11.0748   3.440617     0.0000     0.0012     0.0000     0.0012     0.0000    -1.1506     18.773    30.3412    23.1374   -1.39411   -1.99233    -60.853    6.35599    9.08334  0.000e+00
         38     18.976     27.522   3232.941   8887.598    11.0748   3.440615     0.0000     0.0012     0.0000     0.0012     0.0000    -1.1506     18.817    30.3412    23.1374   -1.39412   -1.99234    -60.853    6.35599    9.08334  0.000e+00
         39     18.931     27.458   3232.878   8887.782    11.0738   3.440775     0.0000     0.0000     0.0000     0.0000     0.0000    -1.1506     18.773    30.3435    23.1394   -1.39412   -1.99233    -60.853    6.35602    9.08339  0.000e+00
         40     18.931     27.458   3232.941   8887.593    11.0748   3.440611     0.0000     0.0000     0.0000     0.0012     0.0000    -1.1506     18.773    30.3411    23.1374   -1.39411   -1.99233    -60.853    6.35599    9.08334  0.000e+00
         41     18.931     27.458   3232.878   8887.778    11.0738   3.440771     0.0000     0.0000     0.0000     0.0000     0.0000    -1.1506     18.773    30.3435    23.1394   -1.39412   -1.99233    -60.853    6.35602    9.08339  0.000e+00
         42     18.976     27.522   3232.815   8887.776    11.0729   3.440770     0.0000     0.0000     0.0000     0.0012     0.0000    -1.1506     18.817    30.3442    23.1401   -1.39415   -1.99238    -60.854    6.35612    9.08353  0.000e+00
         43     18.931     27.458   3232.815   8887.587    11.0729   3.440605     0.0000     0.0000     0.0000     0.0000     0.0000    -1.1506     18.773    30.3426    23.1388   -1.39415   -1.99238    -60.855    6.35618    9.08362  0.000e+00
         44     18.931     27.458   3232.815   8887.771    11.0729   3.440766     0.0000     0.0000     0.0000     0.0000     0.0000    -1.1506     18.773    30.3442    23.1401   -1.39414   -1.99236    -60.854    6.35612    9.08353  0.000e+00
         45     18.931     27.458   3232.878   8887.582    11.0738   3.440601     0.0000     0.0012     0.0000     0.0012     0.0000    -1.1506     18.773    30.3418    23.1381   -1.39413   -1.99236    -60.854    6.35609    9.08349  0.000e+00
         46     18.976     27.522   3232.878   8887.767    11.0738   3.440762     0.0000     0.0000     0.0000     0.0000     0.0000    -1.1506     18.817    30.3433    23.1393   -1.39413   -1.99235    -60.854    6.35603    9.08340  0.000e+00
         47     18.931     27.458   3232.878   8887.764    11.0738   3.440760     0.0000     0.0000     0.0000     0.0012     0.0000    -1.1506     18.773    30.3433    23.1393   -1.39412   -1.99234    -60.853    6.35603    9.08340  0.000e+00
         48     18.931     27.458   3232.878   8887.762    11.0738   3.440758     0.0000     0.0000     0.0000     0.0000     0.0000    -1.1506     18.773    30.3433    23.1393   -1.39412   -1.99234    -60.853    6.35603    9.08340  0.000e+00
         49     18.931     27.458   3232.878   8887.573    11.0738   3.440594     0.0000     0.0000     0.0000     0.0000     0.0000    -1.1506     18.773    30.3417    23.1380   -1.39413   -1.99236    -60.854    6.35609    9.08349  0.000e+00
         50     18.931     27.458   3232.878   8887.758    11.0738   3.440754     0.0000     0.0000     0.0000     0.0000     0.0000    -1.1506     18.773    30.3433    23.1392   -1.39412   -1.99234    -60.853    6.35603    9.08340  0.000e+00
         51     18.931     27.458   3232.815   8887.755    11.0729   3.440752     0.0000     0.0000     0.0000     0.0012     0.0000    -1.1506     18.773    30.3440    23.1400   -1.39414   -1.99236    -60.854    6.35613    9.08354  0.000e+00
         52     18.931     27.458   3232.878   8887.753    11.0738   3.440750     0.0000     0.0000     0.0000     0.0000     0.0000    -1.1506     18.773    30.3433    23.1392   -1.39412   -1.99234    -60.853    6.35603    9.08340  0.000e+00
         53     18.931     27.458   3232.815   8887.751    11.0729   3.440748     0.0000     0.0000     0.0000     0.0012     0.0000    -1.1506     18.773    30.3440    23.1399   -1.39414   -1.99237    -60.854    6.35613    9.08354  0.000e+00
         54     18.976     27.522   3232.815   8887.749    11.0729   3.440746     0.0000     0.0000     0.0000     0.0000     0.0000    -1.1506     18.817    30.3439    23.1399   -1.39415   -1.99238    -60.854    6.35613    9.08354  0.000e+00
         55     18.931     27.458   3232.815   8887.746    11.0729   3.440744     0.0000     0.0000     0.0000     0.0000     0.0000    -1.1506     18.773    30.3439    23.1399   -1.39414   -1.99237    -60.854    6.35613    9.08354  0.000e+00
         56     18.931     27.458   3232.815   8887.744    11.0729   3.440742     0.0000     0.0000     0.0000     0.0000     0.0000    -1.1506     18.773    30.3439    23.1399   -1.39414   -1.99237    -60.854    6.35613    9.08355  0.000e+00
         57     18.931     27.458   3232.815   8887.742    11.0729   3.440740     0.0000     0.0000     0.0000     0.0000     0.0000    -1.1506     18.773    30.3439    23.1399   -1.39414   -1.99237    -60.854    6.35613    9.08355  0.000e+00
         58     18.976     27.522   3232.815   8887.926    11.0729   3.440900     0.0000     0.0000     0.0000     0.0000     0.0000    -1.1506     18.817    30.3455    23.1411   -1.39414   -1.99236    -60.854    6.35607    9.08346  0.000e+00
         59     18.931     27.458   3232.815   8887.924    11.0729   3.440899     0.0000     0.0000     0.0000     0.0000     0.0000    -1.1506     18.773    30.3455    23.1411   -1.39413   -1.99235    -60.853    6.35607    9.08346  0.000e+00
         60     18.931     27.458   3232.752   8887.922    11.0720   3.440897     0.0000     0.0012     0.0000     0.0012     0.0000    -1.1506     18.773    30.3462    23.1418   -1.39415   -1.99237    -60.854    6.35617    9.08360  0.000e+00
         61     18.931     27.458   3232.752   8887.919    11.0720   3.440895     0.0000     0.0012     0.0000     0.0012     0.0000    -1.1506     18.773    30.3462    23.1418   -1.39415   -1.99237    -60.854    6.35617    9.08360  0.000e+00
         62     18.931     27.458   3232.752   8887.917    11.0720   3.440893     0.0000     0.0012     0.0000     0.0012     0.0000    -1.1506     18.773    30.3462    23.1418   -1.39415   -1.99238    -60.854    6.35617    9.08360  0.000e+00
         63     18.976     27.522   3232.752   8887.915    11.0720   3.440891     0.0000     0.0000     0.0000     0.0012     0.0000    -1.1506     18.817    30.3461    23.1417   -1.39416   -1.99239    -60.855    6.35617    9.08360  0.000e+00
         64     18.931     27.458   3232.815   8887.913    11.0729   3.440889     0.0000     0.0012     0.0000     0.0012     0.0000    -1.1506     18.773    30.3454    23.1410   -1.39413   -1.99235    -60.854    6.35607    9.08346  0.000e+00
         65     18.931     27.458   3232.752   8887.910    11.0720   3.440887     0.0000     0.0000     0.0000     0.0024     0.0000    -1.1506     18.773    30.3461    23.1417   -1.39415   -1.99238    -60.854    6.35617    9.08360  0.000e+00
