unitTesting/processed_seabird_noalign/ORCA1_CAST0015.cnv
* Sea-Bird SBE 19 Data File:
* FileName =
* Software Version 4.234
* Temperature SN = 2835
* Conductivity SN = 2835
* System UpLoad Time = Sat Jan 22 17:54:41 2005

** Ship: ORCA
** Cruise: Mooring
** Station: Twanoh
** Latitude: 47 22.5
** Longitude: 123 0.5
# nquan = 22
# nvalues = 913                                   
# units = specified
# name 0 = scan: Scan Count
# name 1 = prSM: Pressure, Strain Gauge [db]
# name 2 = prSE: Pressure, Strain Gauge [psi]
# name 3 = f0: Frequency 0
# name 4 = f1: Frequency 1
# name 5 = t090C: Temperature [ITS-90, deg C]
# name 6 = c0S/m: Conductivity [S/m]
# name 7 = v0: Voltage 0
# name 8 = v1: Voltage 1
# name 9 = v2: Voltage 2
# name 10 = v3: Voltage 3
# name 11 = sbeox0V: Oxygen raw, SBE 43 [V]
# name 12 = wetStar: Fluorescence, WET Labs WETstar [mg/m^3]
# name 13 = depSM: Depth [salt water, m], lat = 47.28
# name 14 = sal00: Salinity, Practical [PSU]
# name 15 = sigma-t00: Density [sigma-t, Kg/m^3 ]
# name 16 = sbeox0ML/L: Oxygen, SBE 43 [ml/l]
# name 17 = sbeox0Mg/L: Oxygen, SBE 43 [mg/l]
# name 18 = sbeox0Mm/Kg: Oxygen, SBE 43 [umol/Kg]
# name 19 = oxsatML/L: Oxygen Saturation, Weiss [ml/l]
# name 20 = oxsatMg/L: Oxygen Saturation, Weiss [mg/l]
# name 21 = flag:  0.000e+00
# span 0 =          1,        913                 
# span 1 =      1.085,     29.672                 
# span 2 =      1.574,     43.035                 
# span 3 =   3064.339,   3232.838                 
# span 4 =   7072.476,   8909.669                 
# span 5 =     8.5833,    11.0733                 
# span 6 =   2.025406,   3.459835                 
# span 7 =     0.0000,     3.1343                 
# span 8 =     0.0000,     0.0073                 
# span 9 =     0.0000,     0.4359                 
# span 10 =     0.0000,     0.0098                
# span 11 =     0.0000,     3.1343                
# span 12 =    -1.1506,     6.2248                
# span 13 =      1.076,     29.422                
# span 14 =    17.9688,    30.5336                
# span 15 =    13.8225,    23.2888                
# span 16 =   -1.39495,    6.16960                
# span 17 =   -1.99352,    8.81698                
# span 18 =    -60.891,    271.740                
# span 19 =    6.34973,    7.21348                
# span 20 =    9.07439,   10.30879                
# span 21 = 0.0000e+00, 0.0000e+00                
# interval = seconds: 0.5
# start_time = Jan 31 2016 20:27:11 [DatCnv date, localtime]
# bad_flag = -9.990e-29
*END*
          1     18.976     27.522   3231.952   8888.195    11.0604   3.441135     0.0000     0.0000     0.0000     0.0000     0.0000    -1.1506     18.817    30.3581    23.1530   -1.39438   -1.99271    -60.864    6.35730    9.08521  0.000e+00
          2     19.021     27.587   3231.952   8888.009    11.0604   3.440972     0.0000     0.0000     0.0000     0.0000     0.0000    -1.1506     18.862    30.3565    23.1518   -1.39440   -1.99274    -60.865    6.35736    9.08530  0.000e+00
          3     19.021     27.587   3232.078   8888.009    11.0622   3.440972     0.0000     0.0000     0.0000     0.0000     0.0000    -1.1506     18.862    30.3550    23.1503   -1.39436   -1.99269    -60.863    6.35717    9.08503  0.000e+00
          4     19.021     27.587   3231.952   8888.009    11.0604   3.440972     0.0000     0.0000     0.0000     0.0000     0.0000    -1.1506     18.862    30.3565    23.1518   -1.39440   -1.99274    -60.865    6.35736    9.08530  0.000e+00
          5     19.021     27.587   3231.847   8888.071    11.0589   3.441026     0.0000     0.0000     0.0000     0.0000     0.0000    -1.1506     18.862    30.3583    23.1534   -1.39443   -1.99278    -60.866    6.35750    9.08550  0.000e+00
          6     19.021     27.587   3231.741   8888.131    11.0574   3.441079     0.0000     0.0000     0.0000     0.0000     0.0000    -1.1506     18.862    30.3600    23.1551   -1.39446   -1.99282    -60.867    6.35764    9.08570  0.000e+00
          7     19.021     27.587   3231.636   8888.190    11.0558   3.441130     0.0012     0.0024     0.0012     0.0000     0.0012    -1.1299     18.862    30.3618    23.1567   -1.39175   -1.98894    -60.749    6.35778    9.08590  0.000e+00
          8     18.976     27.522   3232.015   8888.187    11.0613   3.441127     0.0012     0.0012     0.0012     0.0012     0.0012    -1.1299     18.817    30.3573    23.1522   -1.39162   -1.98877    -60.743    6.35720    9.08508  0.000e+00
          9     19.021     27.587   3232.015   8887.998    11.0613   3.440963     0.0000     0.0000     0.0000     0.0012     0.0000    -1.1506     18.862    30.3556    23.1510   -1.39438   -1.99271    -60.864    6.35727    9.08517  0.000e+00
         10     18.976     27.522   3232.078   8888.181    11.0622   3.441123     0.0000     0.0012     0.0000     0.0012     0.0000    -1.1506     18.817    30.3564    23.1515   -1.39434   -1.99265    -60.862    6.35711    9.08494  0.000e+00
         11     18.976     27.522   3232.015   8888.179    11.0613   3.441120     0.0000     0.0000     0.0000     0.0012     0.0000    -1.1506     18.817    30.3572    23.1522   -1.39436   -1.99268    -60.863    6.35720    9.08508  0.000e+00
         12     18.976     27.522   3232.078   8888.176    11.0622   3.441118     0.0000     0.0000     0.0000     0.0012     0.0000    -1.1506     18.817    30.3564    23.1514   -1.39434   -1.99265    -60.862    6.35711    9.08494  0.000e+00
         13     19.021     27.587   3231.952   8888.173    11.0604   3.441115     0.0000     0.0000     0.0000     0.0000     0.0000    -1.1506     18.862    30.3579    23.1529   -1.39439   -1.99272    -60.864    6.35730    9.08522  0.000e+00
         14     19.021     27.587   3232.015   8888.170    11.0613   3.441113     0.0000     0.0012     0.0000     0.0012     0.0000    -1.1506     18.862    30.3571    23.1521   -1.39437   -1.99270    -60.863    6.35721    9.08509  0.000e+00
         15     19.021     27.587   3232.015   8887.981    11.0613   3.440948     0.0000     0.0012     0.0000     0.0012     0.0000    -1.1506     18.862    30.3555    23.1509   -1.39439   -1.99272    -60.864    6.35727    9.08518  0.000e+00
         16     19.021     27.587   3232.015   8887.978    11.0613   3.440946     0.0000     0.0000     0.0000     0.0012     0.0000    -1.1506     18.862    30.3555    23.1508   -1.39439   -1.99272    -60.864    6.35727    9.08518  0.000e+00
         17     19.021     27.587   3231.952   8888.162    11.0604   3.441106     0.0000     0.0000     0.0000     0.0000     0.0000    -1.1506     18.862    30.3578    23.1528   -1.39439   -1.99272    -60.864    6.35731    9.08523  0.000e+00
         18     18.976     27.522   3232.015   8888.159    11.0613   3.441104     0.0000     0.0000     0.0000     0.0000     0.0000    -1.1506     18.817    30.3570    23.1521   -1.39436   -1.99268    -60.863    6.35721    9.08509  0.000e+00
         19     18.976     27.522   3231.952   8888.157    11.0604   3.441101     0.0000     0.0000     0.0000     0.0012     0.0000    -1.1506     18.817    30.3577    23.1528   -1.39438   -1.99271    -60.864    6.35731    9.08523  0.000e+00
         20     19.021     27.587   3231.699   8889.087    11.0567   3.441910     0.0000     0.0000     0.0000     0.0012     0.0000    -1.1506     18.862    30.3687    23.1619   -1.39440   -1.99274    -60.864    6.35738    9.08533  0.000e+00
         21     18.976     27.522   3231.889   8887.965    11.0595   3.440934     0.0000     0.0000     0.0000     0.0012     0.0000    -1.1506     18.817    30.3569    23.1523   -1.39442   -1.99276    -60.865    6.35747    9.08546  0.000e+00
         22     18.976     27.522   3232.015   8888.148    11.0613   3.441094     0.0000     0.0000     0.0000     0.0012     0.0000    -1.1506     18.817    30.3569    23.1520   -1.39436   -1.99269    -60.863    6.35721    9.08510  0.000e+00
         23     19.021     27.587   3232.015   8888.146    11.0613   3.441092     0.0000     0.0000     0.0000     0.0000     0.0000    -1.1506     18.862    30.3569    23.1519   -1.39437   -1.99270    -60.864    6.35722    9.08510  0.000e+00
         24     19.021     27.587   3232.015   8888.143    11.0613   3.441089     0.0000     0.0012     0.0000     0.0012     0.0000    -1.1506     18.862    30.3569    23.1519   -1.39437   -1.99270    -60.864    6.35722    9.08510  0.000e+00
         25     18.976     27.522   3231.952   8887.954    11.0604   3.440925     0.0000     0.0000     0.0000     0.0012     0.0000    -1.1506     18.817    30.3560    23.1514   -1.39440   -1.99273    -60.865    6.35738    9.08533  0.000e+00
         26     18.976     27.522   3231.952   8888.137    11.0604   3.441084     0.0000     0.0000     0.0000     0.0012     0.0000    -1.1506     18.817    30.3576    23.1527   -1.39438   -1.99271    -60.864    6.35731    9.08524  0.000e+00
         27     18.976     27.522   3231.952   8888.135    11.0604   3.441082     0.0000     0.0000     0.0000     0.0012     0.0000    -1.1506     18.817    30.3576    23.1526   -1.39438   -1.99271    -60.864    6.35732    9.08524  0.000e+00
         28     18.976     27.522   3232.016   8888.132    11.0613   3.441080     0.0000     0.0000     0.0000     0.0012     0.0000    -1.1506     18.817    30.3568    23.1519   -1.39437   -1.99269    -60.863    6.35722    9.08510  0.000e+00
         29     18.976     27.522   3232.016   8888.129    11.0613   3.441077     0.0000     0.0012     0.0000     0.0012     0.0000    -1.1506     18.817    30.3568    23.1518   -1.39437   -1.99269    -60.863    6.35722    9.08510  0.000e+00
         30     18.976     27.522   3232.016   8888.126    11.0613   3.441075     0.0000     0.0012     0.0000     0.0012     0.0000    -1.1506     18.817    30.3567    23.1518   -1.39437   -1.99269    -60.863    6.35722    9.08511  0.000e+00
         31     19.021     27.587   3231.952   8888.310    11.0604   3.441235     0.0000     0.0012     0.0000     0.0012     0.0000    -1.1506     18.862    30.3590    23.1538   -1.39438   -1.99271    -60.864    6.35726    9.08516  0.000e+00
         32     19.021     27.587   3231.952   8888.308    11.0604   3.441232     0.0000     0.0012     0.0000     0.0012     0.0000    -1.1506     18.862    30.3590    23.1538   -1.39438   -1.99271    -60.864    6.35726    9.08516  0.000e+00
         33     18.976     27.522   3231.952   8888.118    11.0604   3.441068     0.0000     0.0000     0.0000     0.0000     0.0000    -1.1506     18.817    30.3574    23.1525   -1.39439   -1.99272    -60.864    6.35732    9.08525  0.000e+00
         34     18.976     27.522   3231.952   8888.302    11.0604   3.441228     0.0000     0.0000     0.0000     0.0012     0.0000    -1.1506     18.817    30.3590    23.1537   -1.39437   -1.99270    -60.863    6.35726    9.08516  0.000e+00
         35     18.976     27.522   3232.016   8888.299    11.0613   3.441225     0.0000     0.0012     0.0000     0.0012     0.0000    -1.1506     18.817    30.3582    23.1530   -1.39435   -1.99267    -60.863    6.35716    9.08502  0.000e+00
         36     18.976     27.522   3231.952   8888.297    11.0604   3.441223     0.0000     0.0000     0.0000     0.0000     0.0000    -1.1506     18.817    30.3589    23.1537   -1.39437   -1.99270    -60.863    6.35726    9.08516  0.000e+00
         37     18.976     27.522   3232.016   8888.294    11.0613   3.441220     0.0000     0.0000     0.0000     0.0000     0.0000    -1.1506     18.817    30.3582    23.1529   -1.39435   -1.99267    -60.863    6.35716    9.08502  0.000e+00
         38     18.976     27.522   3231.889   8888.291    11.0595   3.441218     0.0000     0.0000     0.0000     0.0000     0.0000    -1.1506     18.817    30.3596    23.1544   -1.39439   -1.99273    -60.864    6.35736    9.08530  0.000e+00
         39     18.976     27.522   3231.952   8888.288    11.0604   3.441216     0.0000     0.0000     0.0000     0.0000     0.0000    -1.1506     18.817    30.3589    23.1536   -1.39437   -1.99270    -60.863    6.35726    9.08516  0.000e+00
         40     18.976     27.522   3231.952   8888.286    11.0604   3.441213     0.0000     0.0000     0.0000     0.0000     0.0000    -1.1506     18.817    30.3588    23.1536   -1.39437   -1.99270    -60.863    6.35726    9.08517  0.000e+00
         41     19.021     27.587   3231.953   8888.283    11.0604   3.441211     0.0000     0.0000     0.0000     0.0012     0.0000    -1.1506     18.862    30.3588    23.1536   -1.39438   -1.99271    -60.864    6.35727    9.08517  0.000e+00
         42     18.976     27.522   3231.953   8888.280    11.0604   3.441208     0.0000     0.0000     0.0000     0.0000     0.0000    -1.1506     18.817    30.3588    23.1536   -1.39437   -1.99270    -60.863    6.35727    9.08517  0.000e+00
         43     18.976     27.522   3231.953   8888.277    11.0604   3.441206     0.0000     0.0000     0.0000     0.0000     0.0000    -1.1506     18.817    30.3588    23.1536   -1.39437   -1.99270    -60.863    6.35727    9.08517  0.000e+00
         44     18.976     27.522   3232.016   8888.275    11.0613   3.441204     0.0000     0.0000     0.0000     0.0012     0.0000    -1.1506     18.817    30.3580    23.1528   -1.39435   -1.99267    -60.863    6.35717    9.08503  0.000e+00
         45     18.976     27.522   3231.889   8888.272    11.0595   3.441201     0.0000     0.0000     0.0000     0.0000     0.0000    -1.1506     18.817    30.3595    23.1543   -1.39439   -1.99273    -60.864    6.35737    9.08531  0.000e+00
         46     18.976     27.522   3231.953   8888.269    11.0604   3.441199     0.0000     0.0000     0.0000     0.0012     0.0000    -1.1506     18.817    30.3587    23.1535   -1.39437   -1.99270    -60.864    6.35727    9.08517  0.000e+00
         47     18.976     27.522   3231.889   8888.266    11.0595   3.441196     0.0000     0.0000     0.0000     0.0012     0.0000    -1.1506     18.817    30.3594    23.1542   -1.39439   -1.99273    -60.864    6.35737    9.08531  0.000e+00
         48     18.976     27.522   3231.953   8888.264    11.0604   3.441194     0.0000     0.0000     0.0000     0.0000     0.0000    -1.1506     18.817    30.3587    23.1535   -1.39437   -1.99270    -60.864    6.35727    9.08518  0.000e+00
         49     19.021     27.587   3231.953   8888.261    11.0604   3.441192     0.0000     0.0000     0.0000     0.0000     0.0000    -1.1506     18.862    30.3586    23.1534   -1.39438   -1.99271    -60.864    6.35727    9.08518  0.000e+00
         50     18.976     27.522   3231.953   8888.258    11.0604   3.441189     0.0000     0.0000     0.0000     0.0012     0.0000    -1.1506     18.817    30.3586    23.1534   -1.39438   -1.99270    -60.864    6.35727    9.08518  0.000e+00
         51     18.976     27.522   3231.889   8888.255    11.0595   3.441187     0.0000     0.0000     0.0000     0.0000     0.0000    -1.1506     18.817    30.3593    23.1542   -1.39439   -1.99273    -60.864    6.35737    9.08532  0.000e+00
         52     18.976     27.522   3231.889   8888.439    11.0595   3.441347     0.0000     0.0000     0.0000     0.0012     0.0000    -1.1506     18.817    30.3609    23.1554   -1.39438   -1.99271    -60.864    6.35731    9.08523  0.000e+00
         53     18.976     27.522   3231.953   8888.250    11.0604   3.441182     0.0000     0.0000     0.0000     0.0000     0.0000    -1.1506     18.817    30.3585    23.1534   -1.39438   -1.99270    -60.864    6.35728    9.08518  0.000e+00
         54     18.976     27.522   3231.889   8888.247    11.0595   3.441180     0.0000     0.0000     0.0000     0.0012     0.0000    -1.1506     18.817    30.3593    23.1541   -1.39440   -1.99273    -60.864    6.35737    9.08532  0.000e+00
         55     18.976     27.522   3231.953   8888.244    11.0604   3.441177     0.0000     0.0000     0.0000     0.0000     0.0000    -1.1506     18.817    30.3585    23.1534   -1.39438   -1.99270    -60.864    6.35728    9.08519  0.000e+00
         56     18.976     27.522   3231.953   8888.242    11.0604   3.441175     0.0000     0.0000     0.0000     0.0000     0.0000    -1.1506     18.817    30.3585    23.1533   -1.39438   -1.99270    -60.864    6.35728    9.08519  0.000e+00
         57     18.976     27.522   3231.890   8888.239    11.0595   3.441173     0.0000     0.0000     0.0000     0.0000     0.0000    -1.1506     18.817    30.3592    23.1541   -1.39440   -1.99273    -60.864    6.35738    9.08533  0.000e+00
         58     18.976     27.522   3231.953   8888.423    11.0604   3.441332     0.0000     0.0000     0.0000     0.0000     0.0000    -1.1506     18.817    30.3600    23.1545   -1.39436   -1.99268    -60.863    6.35722    9.08510  0.000e+00
         59     18.976     27.522   3231.953   8888.233    11.0604   3.441168     0.0000     0.0000     0.0000     0.0012     0.0000    -1.1506     18.817    30.3584    23.1533   -1.39438   -1.99270    -60.864    6.35728    9.08519  0.000e+00
         60     18.976     27.522   3231.953   8888.417    11.0604   3.441328     0.0000     0.0000     0.0000     0.0012     0.0000    -1.1506     18.817    30.3600    23.1545   -1.39436   -1.99268    -60.863    6.35722    9.08510  0.000e+00
         61     18.976     27.522   3231.890   8888.414    11.0595   3.441325     0.0000     0.0000     0.0000     0.0012     0.0000    -1.1506     18.817    30.3607    23.1552   -1.39438   -1.99271    -60.864    6.35732    9.08524  0.000e+00
         62     18.976     27.522   3231.890   8888.412    11.0595   3.441323     0.0000     0.0000     0.0000     0.0012     0.0000    -1.1506     18.817    30.3607    23.1552   -1.39438   -1.99271    -60.864    6.35732    9.08524  0.000e+00
         63     18.976     27.522   3231.826   8888.409    11.0586   3.441320     0.0000     0.0000     0.0000     0.0000     0.0000    -1.1506     18.817    30.3614    23.1559   -1.39440   -1.99274    -60.865    6.35741    9.08538  0.000e+00
         64     18.976     27.522   3231.890   8888.406    11.0595   3.441318     0.0000     0.0000     0.0000     0.0012     0.0000    -1.1506     18.817    30.3606    23.1552   -1.39438   -1.99271    -60.864    6.35732    9.08524  0.000e+00
         65     18.976     27.522   3231.953   8888.403    11.0604   3.441316     0.0000     0.0000     0.0000     0.0012     0.0000    -1.1506     18.817    30.3598    23.1544   -1.39436   -1.99269    -60.863    6.35722    9.08511  0.000e+00
