unitTesting/processed_seabird_noalign/ORCA1_CAST0011.cnv
* Sea-Bird SBE 19 Data File:
* FileName =
* Software Version 4.234
* Temperature SN = 2835
* Conductivity SN = 2835
* System UpLoad Time = Fri Jan 21 17:52:17 2005

** Ship: ORCA
** Cruise: Mooring
** Station: Twanoh
** Latitude: 47 22.5
** Longitude: 123 0.5
# nquan = 22
# nvalues = 884                                   
# units = specified
# name 0 = scan: Scan Count
# name 1 = prSM: Pressure, Strain Gauge [db]
# name 2 = prSE: Pressure, Strain Gauge [psi]
# name 3 = f0: Frequency 0
# name 4 = f1: Frequency 1
# name 5 = t090C: Temperature [ITS-90, deg C]
# name 6 = c0S/m: Conductivity [S/m]
# name 7 = v0: Voltage 0
# name 8 = v1: Voltage 1
# name 9 = v2: Voltage 2
# name 10 = v3: Voltage 3
# name 11 = sbeox0V: Oxygen raw, SBE 43 [V]
# name 12 = wetStar: Fluorescence, WET Labs WETstar [mg/m^3]
# name 13 = depSM: Depth [salt water, m], lat = 47.28
# name 14 = sal00: Salinity, Practical [PSU]
# name 15 = sigma-t00: Density [sigma-t, Kg/m^3 ]
# name 16 = sbeox0ML/L: Oxygen, SBE 43 [ml/l]
# name 17 = sbeox0Mg/L: Oxygen, SBE 43 [mg/l]
# name 18 = sbeox0Mm/Kg: Oxygen, SBE 43 [umol/Kg]
# name 19 = oxsatML/L: Oxygen Saturation, Weiss [ml/l]
# name 20 = oxsatMg/L: Oxygen Saturation, Weiss [mg/l]
# name 21 = flag:  0.000e+00
# span 0 =          1,        884                 
# span 1 =      0.951,     29.672                 
# span 2 =      1.380,     43.035                 
# span 3 =   3054.918,   3233.057                 
# span 4 =   7205.405,   8908.693                 
# span 5 =     8.4413,    11.0764                 
# span 6 =   2.117989,   3.458984                 
# span 7 =     0.0000,     3.1978                 
# span 8 =     0.0000,     0.0073                 
# span 9 =     0.0000,     0.4310                 
# span 10 =     0.0000,     0.0098                
# span 11 =     0.0000,     3.1978                
# span 12 =    -1.1506,     6.1422                
# span 13 =      0.943,     29.422                
# span 14 =    19.0908,    30.5268                
# span 15 =    14.7479,    23.2839                
# span 16 =   -1.39386,    6.35849                
# span 17 =   -1.99196,    9.08691                
# span 18 =    -60.840,    279.658                
# span 19 =    6.35026,    7.22871                
# span 20 =    9.07515,   10.33055                
# span 21 = 0.0000e+00, 0.0000e+00                
# interval = seconds: 0.5
# start_time = Jan 31 2016 20:27:08 [DatCnv date, localtime]
# bad_flag = -9.990e-29
*END*
[from data line 593]
        594     13.652     19.801   3231.492   8887.638    11.0537   3.440649     1.2723     0.0073     0.1306     0.0085     1.2723     1.0600     13.538    30.3610    23.1564    1.45920    2.08535     63.693    6.35810    9.08637  0.000e+00
        595     13.786     19.996   3231.429   8887.821    11.0528   3.440808     1.2723     0.0073     0.1306     0.0085     1.2723     1.0600     13.671    30.3632    23.1583    1.45923    2.08539     63.694    6.35814    9.08642  0.000e+00
        596     13.921     20.190   3231.555   8888.377    11.0546   3.441291     1.2735     0.0061     0.1294     0.0085     1.2735     1.0393     13.804    30.3664    23.1605    1.46192    2.08922     63.811    6.35776    9.08588  0.000e+00
        597     14.010     20.320   3231.554   8888.560    11.0546   3.441450     1.2747     0.0073     0.1416     0.0098     1.2747     1.2459     13.893    30.3679    23.1617    1.46466    2.09314     63.931    6.35770    9.08579  0.000e+00
        598     14.144     20.515   3231.491   8888.929    11.0537   3.441771     1.2759     0.0073     0.1355     0.0085     1.2759     1.1426     14.026    30.3718    23.1648    1.46741    2.09708     64.051    6.35767    9.08575  0.000e+00
        599     14.234     20.644   3231.553   8889.485    11.0546   3.442255     1.2759     0.0073     0.1319     0.0085     1.2759     1.0806     14.115    30.3757    23.1677    1.46737    2.09701     64.049    6.35739    9.08535  0.000e+00
        600     14.368     20.839   3231.553   8889.668    11.0546   3.442414     1.2772     0.0073     0.1306     0.0085     1.2772     1.0600     14.248    30.3772    23.1689    1.47012    2.10095     64.169    6.35733    9.08526  0.000e+00
        601     14.457     20.969   3231.616   8889.664    11.0555   3.442411     1.2772     0.0061     0.1319     0.0085     1.2772     1.0806     14.337    30.3764    23.1681    1.47012    2.10094     64.169    6.35724    9.08513  0.000e+00
        602     14.547     21.099   3231.678   8890.034    11.0564   3.442732     1.2772     0.0073     0.1306     0.0085     1.2772     1.0600     14.425    30.3788    23.1698    1.47008    2.10090     64.167    6.35702    9.08481  0.000e+00
        603     14.681     21.293   3231.615   8890.590    11.0555   3.443216     1.2784     0.0073     0.1306     0.0098     1.2784     1.0600     14.558    30.3842    23.1742    1.47283    2.10482     64.287    6.35693    9.08468  0.000e+00
        604     14.815     21.488   3231.614   8891.145    11.0555   3.443699     1.2772     0.0073     0.1306     0.0085     1.2772     1.0600     14.691    30.3889    23.1778    1.47007    2.10088     64.166    6.35674    9.08442  0.000e+00
        605     14.950     21.683   3231.656   8891.206    11.0561   3.443752     1.2784     0.0073     0.1306     0.0098     1.2784     1.0600     14.825    30.3888    23.1777    1.47282    2.10480     64.286    6.35666    9.08430  0.000e+00
        606     15.084     21.877   3231.699   8891.268    11.0567   3.443805     1.2784     0.0073     0.1306     0.0073     1.2784     1.0600     14.958    30.3888    23.1776    1.47283    2.10482     64.286    6.35657    9.08418  0.000e+00
        607     15.218     22.072   3231.741   8891.329    11.0574   3.443859     1.2796     0.0073     0.1306     0.0073     1.2796     1.0600     15.091    30.3888    23.1774    1.47557    2.10874     64.406    6.35649    9.08406  0.000e+00
        608     15.263     22.137   3231.742   8891.702    11.0574   3.444184     1.2796     0.0073     0.1306     0.0085     1.2796     1.0600     15.135    30.3919    23.1799    1.47555    2.10871     64.405    6.35636    9.08388  0.000e+00
        609     15.397     22.331   3231.869   8891.889    11.0592   3.444346     1.2796     0.0061     0.1294     0.0085     1.2796     1.0393     15.268    30.3919    23.1796    1.47552    2.10867     64.404    6.35611    9.08351  0.000e+00
        610     15.486     22.461   3231.743   8891.890    11.0574   3.444347     1.2796     0.0073     0.1294     0.0085     1.2796     1.0393     15.357    30.3934    23.1810    1.47558    2.10876     64.406    6.35630    9.08379  0.000e+00
        611     15.576     22.591   3231.680   8892.076    11.0565   3.444509     1.2796     0.0073     0.1294     0.0085     1.2796     1.0393     15.446    30.3957    23.1830    1.47561    2.10879     64.407    6.35633    9.08384  0.000e+00
        612     15.710     22.786   3231.807   8892.077    11.0583   3.444510     1.2784     0.0073     0.1294     0.0085     1.2784     1.0393     15.579    30.3942    23.1814    1.47285    2.10486     64.287    6.35614    9.08356  0.000e+00
        613     15.800     22.915   3231.870   8892.450    11.0592   3.444835     1.2784     0.0073     0.1306     0.0085     1.2784     1.0600     15.667    30.3965    23.1831    1.47282    2.10481     64.286    6.35592    9.08324  0.000e+00
        614     15.889     23.045   3231.808   8892.637    11.0583   3.444997     1.2784     0.0073     0.1319     0.0085     1.2784     1.0806     15.756    30.3988    23.1851    1.47285    2.10484     64.287    6.35595    9.08329  0.000e+00
        615     16.023     23.240   3231.808   8892.637    11.0583   3.444998     1.2784     0.0073     0.1306     0.0085     1.2784     1.0600     15.889    30.3988    23.1850    1.47287    2.10488     64.288    6.35595    9.08329  0.000e+00
        616     16.113     23.369   3231.935   8894.503    11.0602   3.446621     1.2796     0.0073     0.1306     0.0085     1.2796     1.0600     15.978    30.4131    23.1959    1.47544    2.10855     64.399    6.35512    9.08211  0.000e+00
        617     16.202     23.499   3231.999   8896.367    11.0611   3.448243     1.2796     0.0073     0.1294     0.0085     1.2796     1.0393     16.067    30.4282    23.2074    1.47529    2.10834     64.392    6.35439    9.08106  0.000e+00
        618     16.336     23.694   3232.062   8895.622    11.0620   3.447595     1.2796     0.0061     0.1294     0.0085     1.2796     1.0393     16.200    30.4210    23.2017    1.47536    2.10843     64.395    6.35455    9.08129  0.000e+00
        619     16.471     23.889   3232.189   8896.555    11.0639   3.448406     1.2808     0.0073     0.1306     0.0085     1.2808     1.0600     16.333    30.4274    23.2063    1.47801    2.11222     64.511    6.35404    9.08056  0.000e+00
        620     16.605     24.083   3232.190   8897.114    11.0639   3.448894     1.2796     0.0073     0.1282     0.0085     1.2796     1.0187     16.466    30.4321    23.2100    1.47525    2.10828     64.390    6.35385    9.08029  0.000e+00
        621     16.739     24.278   3232.190   8897.301    11.0639   3.449056     1.2808     0.0073     0.1319     0.0085     1.2808     1.0806     16.599    30.4336    23.2112    1.47800    2.11221     64.510    6.35379    9.08020  0.000e+00
        622     16.829     24.408   3232.254   8897.301    11.0648   3.449057     1.2808     0.0073     0.1331     0.0085     1.2808     1.1013     16.688    30.4328    23.2104    1.47800    2.11221     64.510    6.35370    9.08007  0.000e+00
        623     17.007     24.667   3232.254   8897.488    11.0648   3.449219     1.2808     0.0073     0.1294     0.0085     1.2808     1.0393     16.865    30.4344    23.2116    1.47802    2.11224     64.511    6.35363    9.07998  0.000e+00
        624     17.097     24.797   3232.318   8897.488    11.0657   3.449220     1.2821     0.0073     0.1306     0.0085     1.2821     1.0600     16.954    30.4336    23.2108    1.48075    2.11614     64.630    6.35354    9.07984  0.000e+00
        625     17.186     24.927   3232.255   8897.675    11.0648   3.449382     1.2833     0.0073     0.1306     0.0098     1.2833     1.0600     17.043    30.4359    23.2127    1.48351    2.12009     64.751    6.35357    9.07989  0.000e+00
        626     17.321     25.121   3232.319   8897.489    11.0657   3.449220     1.2833     0.0073     0.1319     0.0085     1.2833     1.0806     17.176    30.4335    23.2107    1.48354    2.12012     64.752    6.35354    9.07984  0.000e+00
        627     17.455     25.316   3232.319   8897.490    11.0657   3.449221     1.2857     0.0061     0.1319     0.0085     1.2857     1.0806     17.309    30.4334    23.2107    1.48904    2.12798     64.992    6.35354    9.07985  0.000e+00
        628     17.634     25.576   3232.320   8897.676    11.0657   3.449383     1.2869     0.0073     0.1294     0.0085     1.2869     1.0393     17.486    30.4349    23.2119    1.49180    2.13193     65.112    6.35348    9.07976  0.000e+00
        629     17.768     25.770   3232.257   8897.490    11.0648   3.449221     1.2894     0.0061     0.1306     0.0085     1.2894     1.0600     17.619    30.4340    23.2113    1.49733    2.13984     65.354    6.35364    9.07999  0.000e+00
        630     17.902     25.965   3232.257   8897.677    11.0648   3.449384     1.2906     0.0073     0.1294     0.0085     1.2906     1.0393     17.752    30.4356    23.2125    1.50008    2.14377     65.474    6.35358    9.07990  0.000e+00
        631     17.992     26.095   3232.321   8897.677    11.0658   3.449384     1.2930     0.0073     0.1319     0.0085     1.2930     1.0806     17.841    30.4348    23.2117    1.50556    2.15159     65.713    6.35348    9.07976  0.000e+00
        632     18.126     26.289   3232.322   8897.864    11.0658   3.449547     1.2955     0.0073     0.1306     0.0085     1.2955     1.0600     17.974    30.4363    23.2129    1.51104    2.15943     65.952    6.35342    9.07967  0.000e+00
        633     18.260     26.484   3232.322   8897.864    11.0658   3.449547     1.2967     0.0073     0.1294     0.0098     1.2967     1.0393     18.107    30.4363    23.2129    1.51381    2.16338     66.073    6.35342    9.07967  0.000e+00
        634     18.350     26.614   3232.322   8897.865    11.0658   3.449548     1.2991     0.0073     0.1355     0.0085     1.2991     1.1426     18.196    30.4362    23.2128    1.51930    2.17124     66.313    6.35342    9.07968  0.000e+00
        635     18.484     26.809   3232.323   8897.865    11.0658   3.449548     1.2979     0.0073     0.1294     0.0085     1.2979     1.0393     18.329    30.4362    23.2128    1.51659    2.16736     66.194    6.35342    9.07968  0.000e+00
        636     18.573     26.938   3232.387   8897.866    11.0667   3.449548     1.3016     0.0073     0.1331     0.0085     1.3016     1.1013     18.418    30.4354    23.2120    1.52480    2.17910     66.553    6.35333    9.07954  0.000e+00
        637     18.708     27.133   3232.324   8897.866    11.0658   3.449549     1.3016     0.0073     0.1306     0.0085     1.3016     1.0600     18.551    30.4361    23.2127    1.52485    2.17917     66.555    6.35343    9.07968  0.000e+00
        638     18.842     27.328   3232.324   8898.053    11.0658   3.449711     1.3028     0.0061     0.1294     0.0085     1.3028     1.0393     18.684    30.4376    23.2139    1.52760    2.18310     66.675    6.35336    9.07959  0.000e+00
        639     18.931     27.458   3232.325   8897.867    11.0658   3.449549     1.3053     0.0073     0.1282     0.0098     1.3053     1.0187     18.773    30.4360    23.2127    1.53311    2.19097     66.915    6.35343    9.07968  0.000e+00
        640     19.066     27.652   3232.325   8897.867    11.0658   3.449550     1.3053     0.0061     0.1294     0.0085     1.3053     1.0393     18.906    30.4359    23.2126    1.53314    2.19101     66.917    6.35343    9.07968  0.000e+00
        641     19.200     27.847   3232.326   8898.054    11.0658   3.449712     1.3077     0.0073     0.1294     0.0085     1.3077     1.0393     19.039    30.4375    23.2138    1.53863    2.19885     67.156    6.35337    9.07960  0.000e+00
        642     19.334     28.042   3232.326   8898.054    11.0658   3.449713     1.3089     0.0073     0.1294     0.0098     1.3089     1.0393     19.172    30.4374    23.2138    1.54139    2.20281     67.277    6.35337    9.07960  0.000e+00
        643     19.468     28.236   3232.327   8898.241    11.0658   3.449875     1.3089     0.0073     0.1294     0.0085     1.3089     1.0393     19.305    30.4389    23.2149    1.54141    2.20283     67.277    6.35331    9.07951  0.000e+00
        644     19.558     28.366   3232.327   8898.241    11.0659   3.449876     1.3077     0.0073     0.1282     0.0085     1.3077     1.0187     19.394    30.4389    23.2149    1.53869    2.19894     67.159    6.35331    9.07951  0.000e+00
        645     19.692     28.561   3232.264   8898.242    11.0649   3.449876     1.3077     0.0073     0.1294     0.0098     1.3077     1.0393     19.527    30.4396    23.2156    1.53874    2.19901     67.161    6.35340    9.07965  0.000e+00
        646     19.781     28.691   3232.328   8898.242    11.0659   3.449877     1.3077     0.0073     0.1294     0.0085     1.3077     1.0393     19.616    30.4388    23.2148    1.53874    2.19901     67.161    6.35331    9.07951  0.000e+00
        647     19.916     28.885   3232.328   8898.242    11.0659   3.449877     1.3077     0.0061     0.1294     0.0085     1.3077     1.0393     19.749    30.4387    23.2148    1.53876    2.19905     67.162    6.35331    9.07951  0.000e+00
        648     20.005     29.015   3232.266   8898.056    11.0650   3.449715     1.3089     0.0073     0.1282     0.0098     1.3089     1.0187     19.838    30.4379    23.2143    1.54156    2.20304     67.284    6.35347    9.07974  0.000e+00
        649     20.139     29.210   3232.266   8898.430    11.0650   3.450040     1.3089     0.0073     0.1294     0.0085     1.3089     1.0393     19.971    30.4410    23.2167    1.54155    2.20304     67.284    6.35334    9.07956  0.000e+00
        650     20.229     29.339   3232.330   8898.243    11.0659   3.449878     1.3089     0.0073     0.1294     0.0085     1.3089     1.0393     20.059    30.4386    23.2147    1.54157    2.20305     67.284    6.35331    9.07952  0.000e+00
        651     20.363     29.534   3232.267   8898.430    11.0650   3.450041     1.3101     0.0073     0.1306     0.0085     1.3101     1.0600     20.193    30.4409    23.2166    1.54434    2.20702     67.405    6.35335    9.07957  0.000e+00
        652     20.542     29.794   3232.331   8898.431    11.0659   3.450041     1.3089     0.0061     0.1294     0.0085     1.3089     1.0393     20.370    30.4401    23.2158    1.54162    2.20313     67.287    6.35325    9.07943  0.000e+00
        653     20.676     29.988   3232.268   8898.431    11.0650   3.450041     1.3089     0.0073     0.1306     0.0098     1.3089     1.0600     20.503    30.4408    23.2165    1.54167    2.20320     67.289    6.35335    9.07957  0.000e+00
        654     20.811     30.183   3232.332   8898.431    11.0659   3.450042     1.3089     0.0073     0.1294     0.0098     1.3089     1.0393     20.636    30.4400    23.2157    1.54167    2.20321     67.289    6.35325    9.07944  0.000e+00
        655     20.900     30.313   3232.269   8898.432    11.0650   3.450042     1.3077     0.0073     0.1306     0.0085     1.3077     1.0600     20.725    30.4407    23.2165    1.53898    2.19935     67.171    6.35335    9.07957  0.000e+00
        656     21.034     30.508   3232.269   8898.618    11.0650   3.450205     1.3077     0.0073     0.1306     0.0085     1.3077     1.0600     20.858    30.4422    23.2176    1.53899    2.19937     67.172    6.35329    9.07949  0.000e+00
        657     21.124     30.637   3232.207   8898.619    11.0641   3.450205     1.3089     0.0073     0.1294     0.0098     1.3089     1.0393     20.947    30.4429    23.2184    1.54177    2.20334     67.293    6.35339    9.07962  0.000e+00
        658     21.213     30.767   3232.270   8898.619    11.0650   3.450205     1.3077     0.0061     0.1282     0.0085     1.3077     1.0187     21.036    30.4421    23.2176    1.53903    2.19942     67.173    6.35329    9.07949  0.000e+00
