unitTesting/processed_seabird_noalign/ORCA1_CAST0039.cnv
* Sea-Bird SBE 19 Data File:
* FileName =
* Software Version 4.234
* Temperature SN = 2835
* Conductivity SN = 2835
* System UpLoad Time = Fri Jan 28 18:07:32 2005

** Ship: ORCA
** Cruise: Mooring
** Station: Twanoh
** Latitude: 47 22.5
** Longitude: 123 0.5
# nquan = 22
# nvalues = 925                                   
# units = specified
# name 0 = scan: Scan Count
# name 1 = prSM: Pressure, Strain Gauge [db]
# name 2 = prSE: Pressure, Strain Gauge [psi]
# name 3 = f0: Frequency 0
# name 4 = f1: Frequency 1
# name 5 = t090C: Temperature [ITS-90, deg C]
# name 6 = c0S/m: Conductivity [S/m]
# name 7 = v0: Voltage 0
# name 8 = v1: Voltage 1
# name 9 = v2: Voltage 2
# name 10 = v3: Voltage 3
# name 11 = sbeox0V: Oxygen raw, SBE 43 [V]
# name 12 = wetStar: Fluorescence, WET Labs WETstar [mg/m^3]
# name 13 = depSM: Depth [salt water, m], lat = 47.28
# name 14 = sal00: Salinity, Practical [PSU]
# name 15 = sigma-t00: Density [sigma-t, Kg/m^3 ]
# name 16 = sbeox0ML/L: Oxygen, SBE 43 [ml/l]
# name 17 = sbeox0Mg/L: Oxygen, SBE 43 [mg/l]
# name 18 = sbeox0Mm/Kg: Oxygen, SBE 43 [umol/Kg]
# name 19 = oxsatML/L: Oxygen Saturation, Weiss [ml/l]
# name 20 = oxsatMg/L: Oxygen Saturation, Weiss [mg/l]
# name 21 = flag:  0.000e+00
# span 0 =          1,        925                 
# span 1 =      0.951,     29.627                 
# span 2 =      1.380,     42.970                 
# span 3 =   3069.976,   3233.284                 
# span 4 =   7083.643,   8897.883                 
# span 5 =     8.6682,    11.0797                 
# span 6 =   2.033118,   3.449568                 
# span 7 =     0.0000,     2.8425                 
# span 8 =     0.0000,     0.0073                 
# span 9 =     0.0000,     0.3065                 
# span 10 =     0.0000,     0.0098                
# span 11 =     0.0000,     2.8425                
# span 12 =    -1.1506,     4.0349                
# span 13 =      0.943,     29.378                
# span 14 =    18.1850,    30.4651                
# span 15 =    14.0246,    23.2422                
# span 16 =   -1.39674,    5.56255                
# span 17 =   -1.99608,    7.94943                
# span 18 =    -60.978,    244.878                
# span 19 =    6.35780,    7.24814                
# span 20 =    9.08594,   10.35832                
# span 21 = 0.0000e+00, 0.0000e+00                
# interval = seconds: 0.5
# start_time = Jan 31 2016 20:27:31 [DatCnv date, localtime]
# bad_flag = -9.990e-29
*END*
[from data line 396]
        397      8.464     12.276   3165.644   8635.563    10.0916   3.224614     1.6459     0.0073     0.2283     0.0085     1.6459     2.7127      8.393    29.0131    22.2671    2.36133    3.37458    103.160    6.54970    9.36018  0.000e+00
        398      8.330     12.081   3165.328   8634.604    10.0869   3.223804     1.6630     0.0073     0.2247     0.0085     1.6630     2.6508      8.260    29.0088    22.2645    2.40099    3.43125    104.893    6.55055    9.36140  0.000e+00
        399      8.240     11.951   3165.201   8630.956    10.0851   3.220724     1.6777     0.0073     0.2308     0.0085     1.6777     2.7541      8.171    28.9796    22.2421    2.43528    3.48026    106.393    6.55204    9.36352  0.000e+00
        400      8.151     11.822   3164.506   8627.498    10.0748   3.217806     1.6911     0.0073     0.2283     0.0085     1.6911     2.7127      8.083    28.9588    22.2275    2.46707    3.52570    107.784    6.55440    9.36689  0.000e+00
        401      8.061     11.692   3164.127   8624.231    10.0692   3.215050     1.7021     0.0073     0.2381     0.0085     1.7021     2.8780      7.994    28.9359    22.2105    2.49304    3.56281    108.920    6.55616    9.36941  0.000e+00
        402      7.972     11.562   3163.811   8621.348    10.0646   3.212618     1.7167     0.0073     0.2454     0.0085     1.7167     3.0020      7.905    28.9154    22.1953    2.52739    3.61189    110.422    6.55769    9.37160  0.000e+00
        403      7.882     11.432   3163.684   8618.271    10.0627   3.210025     1.7289     0.0073     0.2454     0.0085     1.7289     3.0020      7.817    28.8911    22.1766    2.55603    3.65282    111.676    6.55898    9.37343  0.000e+00
        404      7.793     11.303   3163.685   8611.728    10.0627   3.204512     1.7399     0.0073     0.2442     0.0085     1.7399     2.9813      7.728    28.8362    22.1339    2.58226    3.69031    112.826    6.56126    9.37670  0.000e+00
        405      7.703     11.173   3162.230   8604.215    10.0413   3.198187     1.7485     0.0073     0.2393     0.0085     1.7485     2.8987      7.639    28.7904    22.1016    2.60388    3.72121    113.775    6.56630    9.38390  0.000e+00
        406      7.614     11.043   3160.587   8598.433    10.0171   3.193323     1.7582     0.0073     0.2466     0.0098     1.7582     3.0226      7.550    28.7612    22.0827    2.62823    3.75601    114.841    6.57106    9.39070  0.000e+00
        407      7.525     10.913   3159.575   8590.136    10.0022   3.186351     1.7668     0.0073     0.2552     0.0085     1.7668     3.1672      7.462    28.7036    22.0401    2.64976    3.78677    115.786    6.57564    9.39725  0.000e+00
        408      7.390     10.719   3156.920   8582.992     9.9630   3.180351     1.7766     0.0073     0.2540     0.0085     1.7766     3.1466      7.329    28.6749    22.0239    2.67498    3.82281    116.890    6.58258    9.40716  0.000e+00
        409      7.346     10.654   3155.150   8577.775     9.9369   3.175974     1.7851     0.0073     0.2589     0.0085     1.7851     3.2292      7.284    28.6520    22.0102    2.69662    3.85374    117.837    6.58737    9.41401  0.000e+00
        410      7.212     10.459   3154.201   8572.748     9.9229   3.171759     1.7924     0.0073     0.2552     0.0085     1.7924     3.1672      7.151    28.6210    21.9883    2.71488    3.87983    118.638    6.59072    9.41880  0.000e+00
        411      7.122     10.330   3153.379   8559.584     9.9108   3.160731     1.7985     0.0073     0.2747     0.0085     1.7985     3.4978      7.063    28.5206    21.9119    2.73143    3.90349    119.370    6.59671    9.42736  0.000e+00
        412      7.033     10.200   3150.218   8543.877     9.8641   3.147596     1.8071     0.0073     0.2589     0.0085     1.8071     3.2292      6.974    28.4264    21.8457    2.75557    3.93799    120.433    6.60755    9.44285  0.000e+00
        413      6.898     10.005   3147.057   8549.312     9.8174   3.152139     1.8120     0.0073     0.2650     0.0098     1.8120     3.3325      6.841    28.5086    21.9171    2.76813    3.95594    120.973    6.61099    9.44777  0.000e+00
        414      6.854      9.940   3147.626   8534.558     9.8258   3.139815     1.8205     0.0073     0.2637     0.0085     1.8205     3.3119      6.797    28.3788    21.8146    2.78980    3.98690    121.933    6.61521    9.45379  0.000e+00
        415      6.720      9.746   3147.057   8542.523     9.8174   3.146466     1.8291     0.0073     0.2613     0.0085     1.8291     3.2705      6.664    28.4520    21.8729    2.80882    4.01409    122.757    6.61337    9.45117  0.000e+00
        416      6.630      9.616   3148.132   8529.313     9.8333   3.135439     1.8352     0.0073     0.2845     0.0085     1.8352     3.6631      6.575    28.3293    21.7749    2.82425    4.03614    123.443    6.61618    9.45519  0.000e+00
        417      6.496      9.422   3149.460   8525.619     9.8529   3.132359     1.8413     0.0073     0.2674     0.0085     1.8413     3.3738      6.442    28.2832    21.7359    2.83807    4.05589    124.052    6.61522    9.45381  0.000e+00
        418      6.451      9.357   3150.345   8527.177     9.8660   3.133657     1.8510     0.0061     0.2625     0.0085     1.8510     3.2912      6.397    28.2860    21.7360    2.85995    4.08716    125.008    6.61317    9.45088  0.000e+00
        419      6.317      9.162   3150.093   8520.758     9.8623   3.128307     1.8608     0.0073     0.2662     0.0085     1.8608     3.3532      6.264    28.2356    21.6973    2.88377    4.12119    126.054    6.61584    9.45470  0.000e+00
        420      6.228      9.032   3148.765   8506.539     9.8427   3.116470     1.8755     0.0061     0.2686     0.0085     1.8755     3.3945      6.176    28.1328    21.6203    2.92093    4.17431    127.688    6.62307    9.46503  0.000e+00
        421      6.049      8.773   3147.437   8506.541     9.8230   3.116471     1.8901     0.0073     0.2637     0.0098     1.8901     3.3119      5.998    28.1482    21.6353    2.95592    4.22430    129.216    6.62533    9.46826  0.000e+00
        422      5.959      8.643   3146.426   8497.374     9.8081   3.108851     1.9048     0.0073     0.2747     0.0085     1.9048     3.4978      5.910    28.0838    21.5875    2.99219    4.27613    130.807    6.63026    9.47530  0.000e+00
        423      5.825      8.449   3145.161   8494.057     9.7894   3.106095     1.9219     0.0073     0.2796     0.0085     1.9219     3.5804      5.777    28.0709    21.5803    3.03343    4.33507    132.611    6.63358    9.48005  0.000e+00
        424      5.736      8.319   3144.276   8491.130     9.7763   3.103664     1.9377     0.0073     0.2955     0.0085     1.9377     3.8490      5.688    28.0569    21.5713    3.07154    4.38953    134.278    6.63611    9.48367  0.000e+00
        425      5.646      8.189   3143.960   8482.729     9.7716   3.096693     1.9573     0.0073     0.2882     0.0085     1.9573     3.7250      5.599    27.9909    21.5206    3.11870    4.45694    136.347    6.63960    9.48865  0.000e+00
        426      5.512      7.995   3143.770   8479.601     9.7688   3.094099     1.9719     0.0061     0.2698     0.0085     1.9719     3.4152      5.466    27.9672    21.5026    3.15351    4.50669    137.871    6.64101    9.49067  0.000e+00
        427      5.423      7.865   3143.897   8480.777     9.7707   3.095074     1.9853     0.0073     0.2723     0.0085     1.9853     3.4565      5.377    27.9755    21.5088    3.18455    4.55104    139.227    6.64038    9.48977  0.000e+00
        428      5.333      7.735   3143.960   8467.666     9.7716   3.084210     1.9963     0.0073     0.2637     0.0085     1.9963     3.3119      5.289    27.8664    21.4236    3.21233    4.59075    140.454    6.64486    9.49616  0.000e+00
        429      5.244      7.605   3144.403   8458.457     9.7782   3.076590     2.0098     0.0073     0.2808     0.0098     2.0098     3.6011      5.200    27.7853    21.3594    3.24490    4.63729    141.887    6.64731    9.49967  0.000e+00
        430      5.110      7.411   3145.352   8435.879     9.7922   3.057942     2.0183     0.0073     0.2686     0.0085     2.0183     3.3945      5.067    27.5887    21.2040    3.26795    4.67022    142.916    6.65354    9.50857  0.000e+00
        431      4.975      7.216   3146.616   8435.488     9.8109   3.057619     2.0317     0.0073     0.2698     0.0085     2.0317     3.4152      4.934    27.5712    21.1876    3.29838    4.71371    144.249    6.65149    9.50564  0.000e+00
        432      4.886      7.087   3148.071   8424.472     9.8324   3.048539     2.0427     0.0073     0.2686     0.0085     2.0427     3.3945      4.845    27.4645    21.1011    3.32480    4.75147    145.417    6.65280    9.50752  0.000e+00
        433      4.797      6.957   3149.272   8415.019     9.8502   3.040757     2.0549     0.0073     0.2674     0.0085     2.0549     3.3738      4.757    27.3737    21.0276    3.35401    4.79321    146.705    6.65400    9.50923  0.000e+00
        434      4.707      6.827   3149.019   8409.106     9.8464   3.035894     2.0647     0.0073     0.2723     0.0085     2.0647     3.4565      4.668    27.3282    20.9928    3.37806    4.82759    147.762    6.65648    9.51278  0.000e+00
        435      4.573      6.633   3149.083   8405.951     9.8474   3.033301     2.0757     0.0073     0.2784     0.0085     2.0757     3.5598      4.535    27.3018    20.9721    3.40423    4.86498    148.910    6.65746    9.51417  0.000e+00
        436      4.484      6.503   3150.664   8387.386     9.8707   3.018060     2.0867     0.0061     0.2735     0.0085     2.0867     3.4771      4.446    27.1329    20.8369    3.43191    4.90455    150.141    6.66113    9.51942  0.000e+00
        437      4.349      6.308   3150.853   8377.890     9.8735   3.010279     2.0989     0.0073     0.2686     0.0085     2.0989     3.3945      4.313    27.0536    20.7747    3.46199    4.94753    151.466    6.66407    9.52362  0.000e+00
        438      4.260      6.179   3150.790   8372.347     9.8726   3.005740     2.1123     0.0061     0.2698     0.0085     2.1123     3.4152      4.224    27.0093    20.7404    3.49447    4.99395    152.892    6.66608    9.52650  0.000e+00
        439      4.171      6.049   3150.727   8372.745     9.8717   3.006066     2.1221     0.0073     0.2686     0.0085     2.1221     3.3945      4.136    27.0133    20.7436    3.51731    5.02658    153.891    6.66605    9.52646  0.000e+00
        440      4.036      5.854   3150.980   8355.893     9.8754   2.992285     2.1282     0.0073     0.2650     0.0085     2.1282     3.3325      4.003    26.8739    20.6345    3.53441    5.05102    154.655    6.67140    9.53410  0.000e+00
        441      3.947      5.725   3150.158   8344.573     9.8633   2.983045     2.1355     0.0073     0.2772     0.0085     2.1355     3.5391      3.914    26.7914    20.5721    3.55432    5.07948    155.536    6.67672    9.54170  0.000e+00
        442      3.813      5.530   3148.957   8343.382     9.8455   2.982073     2.1392     0.0073     0.2735     0.0085     2.1392     3.4771      3.781    26.7950    20.5776    3.56410    5.09346    155.963    6.67922    9.54528  0.000e+00
        443      3.723      5.400   3147.756   8333.439     9.8278   2.973968     2.1441     0.0073     0.2711     0.0085     2.1441     3.4358      3.692    26.7278    20.5279    3.57839    5.11388    156.596    6.68474    9.55316  0.000e+00
        444      3.634      5.271   3146.744   8343.585     9.8128   2.982239     2.1490     0.0073     0.2650     0.0085     2.1490     3.3325      3.604    26.8210    20.6028    3.58883    5.12879    157.042    6.68302    9.55070  0.000e+00
        445      3.545      5.141   3146.745   8338.814     9.8128   2.978349     2.1551     0.0073     0.2698     0.0085     2.1551     3.4152      3.515    26.7824    20.5727    3.60401    5.15049    157.711    6.68466    9.55304  0.000e+00
        446      3.455      5.011   3146.176   8338.617     9.8044   2.978188     2.1575     0.0073     0.2857     0.0085     2.1575     3.6837      3.426    26.7871    20.5776    3.61024    5.15939    157.982    6.68572    9.55456  0.000e+00
        447      3.232      4.687   3145.101   8323.489     9.7885   2.965867     2.1612     0.0073     0.2686     0.0085     2.1612     3.3945      3.205    26.6767    20.4940    3.62249    5.17690    158.531    6.69280    9.56469  0.000e+00
        448      3.142      4.557   3143.773   8348.758     9.7689   2.986460     2.1636     0.0073     0.2735     0.0085     2.1636     3.4771      3.116    26.8958    20.6677    3.62464    5.17997    158.598    6.68643    9.55557  0.000e+00
        449      3.053      4.428   3144.216   8390.573     9.7754   3.020674     2.1673     0.0073     0.2869     0.0085     2.1673     3.7044      3.027    27.2311    20.9280    3.62496    5.18043    158.572    6.67120    9.53381  0.000e+00
        450      2.919      4.233   3145.038   8382.466     9.7876   3.014028     2.1685     0.0073     0.2894     0.0085     2.1685     3.7457      2.894    27.1559    20.8675    3.62857    5.18559    158.739    6.67257    9.53577  0.000e+00
        451      2.784      4.038   3145.670   8394.726     9.7969   3.024082     2.1722     0.0073     0.2674     0.0085     2.1722     3.3738      2.761    27.2489    20.9386    3.63423    5.19367    158.976    6.66723    9.52814  0.000e+00
        452      2.695      3.909   3146.303   8394.135     9.8063   3.023597     2.1758     0.0073     0.2637     0.0085     2.1758     3.3119      2.673    27.2370    20.9279    3.64233    5.20525    159.332    6.66633    9.52686  0.000e+00
        453      2.606      3.779   3146.429   8369.601     9.8082   3.003492     2.1807     0.0061     0.2759     0.0085     2.1807     3.5185      2.584    27.0358    20.7709    3.65826    5.22802    160.054    6.67459    9.53866  0.000e+00
        454      2.516      3.649   3145.355   8347.577     9.7923   2.985496     2.1868     0.0073     0.2686     0.0085     2.1868     3.3945      2.495    26.8690    20.6433    3.67767    5.25576    160.923    6.68406    9.55219  0.000e+00
        455      2.382      3.455   3144.343   8342.610     9.7773   2.981444     2.1929     0.0073     0.2943     0.0085     2.1929     3.8283      2.362    26.8399    20.6229    3.69379    5.27880    161.631    6.68754    9.55716  0.000e+00
        456      2.293      3.325   3143.964   8348.574     9.7717   2.986310     2.2015     0.0073     0.2625     0.0085     2.2015     3.2912      2.273    26.8925    20.6647    3.71303    5.30630    162.467    6.68614    9.55517  0.000e+00
        457      2.203      3.195   3144.343   8358.702     9.7773   2.994580     2.2076     0.0073     0.2796     0.0085     2.2076     3.5804      2.185    26.9705    20.7246    3.72505    5.32346    162.983    6.68198    9.54922  0.000e+00
        458      2.069      3.001   3144.470   8345.200     9.7792   2.983556     2.2149     0.0073     0.2564     0.0085     2.2149     3.1879      2.052    26.8596    20.6380    3.74468    5.35152    163.856    6.68642    9.55556  0.000e+00
        459      2.114      3.066   3144.407   8328.092     9.7782   2.969614     2.2198     0.0073     0.2650     0.0085     2.2198     3.3325      2.096    26.7219    20.5308    3.75955    5.37277    164.524    6.69242    9.56414  0.000e+00
        460      1.845      2.677   3143.269   8322.316     9.7614   2.964913     2.2222     0.0073     0.2601     0.0085     2.2222     3.2499      1.830    26.6878    20.5067    3.76731    5.38386    164.867    6.69640    9.56983  0.000e+00
