unitTesting/processed_seabird_noalign/ORCA1_CAST0017.cnv
* Sea-Bird SBE 19 Data File:
* FileName =
* Software Version 4.234
* Temperature SN = 2835
* Conductivity SN = 2835
* System UpLoad Time = Sun Jan 23 05:55:48 2005

** Ship: ORCA
** Cruise: Mooring
** Station: Twanoh
** Latitude: 47 22.5
** Longitude: 123 0.5
# nquan = 22
# nvalues = 925                                   
# units = specified
# name 0 = scan: Scan Count
# name 1 = prSM: Pressure, Strain Gauge [db]
# name 2 = prSE: Pressure, Strain Gauge [psi]
# name 3 = f0: Frequency 0
# name 4 = f1: Frequency 1
# name 5 = t090C: Temperature [ITS-90, deg C]
# name 6 = c0S/m: Conductivity [S/m]
# name 7 = v0: Voltage 0
# name 8 = v1: Voltage 1
# name 9 = v2: Voltage 2
# name 10 = v3: Voltage 3
# name 11 = sbeox0V: Oxygen raw, SBE 43 [V]
# name 12 = wetStar: Fluorescence, WET Labs WETstar [mg/m^3]
# name 13 = depSM: Depth [salt water, m], lat = 47.28
# name 14 = sal00: Salinity, Practical [PSU]
# name 15 = sigma-t00: Density [sigma-t, Kg/m^3 ]
# name 16 = sbeox0ML/L: Oxygen, SBE 43 [ml/l]
# name 17 = sbeox0Mg/L: Oxygen, SBE 43 [mg/l]
# name 18 = sbeox0Mm/Kg: Oxygen, SBE 43 [umol/Kg]
# name 19 = oxsatML/L: Oxygen Saturation, Weiss [ml/l]
# name 20 = oxsatMg/L: Oxygen Saturation, Weiss [mg/l]
# name 21 = flag:  0.000e+00
# span 0 =          1,        925                 
# span 1 =      0.906,     29.582                 
# span 2 =      1.315,     42.905                 
# span 3 =   3075.867,   3233.282                 
# span 4 =   7174.980,   8908.874                 
# span 5 =     8.7567,    11.0797                 
# span 6 =   2.096643,   3.459142                 
# span 7 =     0.0000,     3.0965                 
# span 8 =     0.0000,     0.0073                 
# span 9 =     0.0000,     0.3468                 
# span 10 =     0.0000,     0.0098                
# span 11 =     0.0000,     3.0965                
# span 12 =    -1.1506,     4.7167                
# span 13 =      0.899,     29.334                
# span 14 =    18.7612,    30.5262                
# span 15 =    14.4635,    23.2829                
# span 16 =   -1.39529,    6.15447                
# span 17 =   -1.99401,    8.79535                
# span 18 =    -60.908,    270.929                
# span 19 =    6.34991,    7.20692                
# span 20 =    9.07466,   10.29941                
# span 21 = 0.0000e+00, 0.0000e+00                
# interval = seconds: 0.5
# start_time = Jan 31 2016 20:27:13 [DatCnv date, localtime]
# bad_flag = -9.990e-29
*END*
[from data line 396]
        397      8.464     12.276   3228.564   8870.190    11.0113   3.425490     1.2320     0.0073     0.1331     0.0085     1.2320     1.1013      8.393    30.2496    23.0772    1.37004    1.95793     59.806    6.36846    9.10116  0.000e+00
        398      8.330     12.081   3228.311   8869.632    11.0076   3.425006     1.2320     0.0061     0.1343     0.0085     1.2320     1.1220      8.260    30.2480    23.0765    1.37014    1.95806     59.810    6.36903    9.10199  0.000e+00
        399      8.374     12.146   3228.185   8870.197    11.0058   3.425496     1.2344     0.0073     0.1331     0.0085     1.2344     1.1013      8.304    30.2543    23.0817    1.37562    1.96590     60.049    6.36904    9.10199  0.000e+00
        400      8.106     11.757   3228.312   8867.956    11.0076   3.423552     1.2344     0.0073     0.1331     0.0085     1.2344     1.1013      8.038    30.2338    23.0655    1.37570    1.96601     60.053    6.36960    9.10280  0.000e+00
        401      8.151     11.822   3228.059   8867.959    11.0039   3.423555     1.2344     0.0073     0.1331     0.0085     1.2344     1.1013      8.083    30.2369    23.0685    1.37578    1.96613     60.057    6.36999    9.10335  0.000e+00
        402      8.017     11.627   3227.996   8868.524    11.0030   3.424045     1.2344     0.0073     0.1355     0.0085     1.2344     1.1426      7.950    30.2425    23.0730    1.37573    1.96606     60.055    6.36989    9.10321  0.000e+00
        403      7.927     11.497   3228.059   8868.153    11.0039   3.423723     1.2344     0.0073     0.1319     0.0085     1.2344     1.0806      7.861    30.2386    23.0699    1.37573    1.96605     60.054    6.36992    9.10325  0.000e+00
        404      7.838     11.368   3227.996   8868.157    11.0030   3.423726     1.2344     0.0073     0.1331     0.0085     1.2344     1.1013      7.772    30.2394    23.0707    1.37573    1.96605     60.055    6.37001    9.10339  0.000e+00
        405      7.748     11.238   3228.060   8870.030    11.0039   3.425352     1.2344     0.0073     0.1465     0.0085     1.2344     1.3286      7.684    30.2546    23.0823    1.37555    1.96580     60.046    6.36928    9.10233  0.000e+00
        406      7.659     11.108   3228.249   8868.538    11.0067   3.424057     1.2344     0.0073     0.1331     0.0085     1.2344     1.1013      7.595    30.2397    23.0702    1.37559    1.96585     60.048    6.36949    9.10264  0.000e+00
        407      7.569     10.978   3227.997   8867.045    11.0030   3.422762     1.2344     0.0073     0.1331     0.0085     1.2344     1.1013      7.506    30.2301    23.0634    1.37576    1.96610     60.056    6.37039    9.10392  0.000e+00
        408      7.480     10.849   3227.870   8867.049    11.0012   3.422765     1.2357     0.0073     0.1331     0.0085     1.2357     1.1013      7.417    30.2316    23.0649    1.37852    1.97004     60.177    6.37058    9.10420  0.000e+00
        409      7.346     10.654   3227.744   8867.052    10.9993   3.422768     1.2357     0.0073     0.1343     0.0085     1.2357     1.1220      7.284    30.2332    23.0665    1.37853    1.97006     60.177    6.37077    9.10447  0.000e+00
        410      7.301     10.589   3227.744   8867.243    10.9993   3.422933     1.2369     0.0073     0.1355     0.0085     1.2369     1.1426      7.240    30.2349    23.0678    1.38125    1.97395     60.296    6.37071    9.10438  0.000e+00
        411      7.167     10.395   3227.681   8866.872    10.9984   3.422611     1.2381     0.0061     0.1343     0.0085     1.2381     1.1220      7.107    30.2325    23.0661    1.38401    1.97789     60.416    6.37093    9.10469  0.000e+00
        412      7.122     10.330   3227.618   8867.998    10.9975   3.423588     1.2381     0.0073     0.1380     0.0098     1.2381     1.1839      7.063    30.2429    23.0743    1.38394    1.97779     60.413    6.37064    9.10428  0.000e+00
        413      6.988     10.135   3227.808   8869.123    11.0003   3.424565     1.2393     0.0073     0.1355     0.0085     1.2393     1.1426      6.930    30.2502    23.0795    1.38651    1.98147     60.525    6.36996    9.10331  0.000e+00
        414      6.898     10.005   3228.124   8870.249    11.0049   3.425541     1.2381     0.0073     0.1343     0.0085     1.2381     1.1220      6.841    30.2560    23.0833    1.38358    1.97727     60.396    6.36909    9.10207  0.000e+00
        415      6.809      9.876   3228.124   8868.943    11.0049   3.424408     1.2405     0.0073     0.1331     0.0085     1.2405     1.1013      6.752    30.2450    23.0747    1.38914    1.98521     60.640    6.36953    9.10270  0.000e+00
        416      6.720      9.746   3228.061   8867.451    11.0039   3.423113     1.2393     0.0073     0.1355     0.0085     1.2393     1.1426      6.664    30.2331    23.0656    1.38651    1.98146     60.525    6.37014    9.10356  0.000e+00
        417      6.585      9.551   3227.808   8867.080    11.0003   3.422792     1.2393     0.0073     0.1465     0.0085     1.2393     1.3286      6.530    30.2330    23.0661    1.38659    1.98157     60.529    6.37065    9.10430  0.000e+00
        418      6.496      9.422   3227.619   8864.652    10.9975   3.420685     1.2405     0.0073     0.1453     0.0085     1.2405     1.3079      6.442    30.2147    23.0524    1.38955    1.98581     60.659    6.37177    9.10590  0.000e+00
        419      6.407      9.292   3227.240   8864.094    10.9920   3.420201     1.2430     0.0073     0.1331     0.0085     1.2430     1.1013      6.353    30.2145    23.0532    1.39517    1.99384     60.904    6.37254    9.10700  0.000e+00
        420      6.317      9.162   3227.113   8862.226    10.9902   3.418582     1.2418     0.0073     0.1355     0.0085     1.2418     1.1426      6.264    30.2002    23.0423    1.39259    1.99016     60.792    6.37337    9.10819  0.000e+00
        421      6.183      8.968   3226.734   8860.919    10.9847   3.417449     1.2442     0.0073     0.1343     0.0085     1.2442     1.1220      6.131    30.1936    23.0382    1.39827    1.99826     61.040    6.37440    9.10965  0.000e+00
        422      6.049      8.773   3226.481   8859.612    10.9810   3.416316     1.2442     0.0073     0.1331     0.0085     1.2442     1.1013      5.998    30.1856    23.0326    1.39842    1.99848     61.047    6.37523    9.11084  0.000e+00
        423      5.915      8.578   3226.229   8857.182    10.9773   3.414210     1.2454     0.0073     0.1343     0.0098     1.2454     1.1220      5.865    30.1680    23.0196    1.40139    2.00273     61.178    6.37645    9.11258  0.000e+00
        424      5.825      8.449   3225.913   8856.249    10.9728   3.413402     1.2442     0.0073     0.1331     0.0085     1.2442     1.1013      5.777    30.1639    23.0172    1.39880    1.99903     61.065    6.37725    9.11373  0.000e+00
        425      5.736      8.319   3225.660   8855.316    10.9691   3.412593     1.2454     0.0073     0.1331     0.0085     1.2454     1.1013      5.688    30.1591    23.0140    1.40167    2.00313     61.191    6.37796    9.11474  0.000e+00
        426      5.602      8.124   3225.344   8854.008    10.9645   3.411460     1.2454     0.0073     0.1319     0.0085     1.2454     1.0806      5.555    30.1518    23.0091    1.40185    2.00338     61.198    6.37889    9.11607  0.000e+00
        427      5.512      7.995   3225.155   8853.450    10.9617   3.410977     1.2466     0.0073     0.1331     0.0085     1.2466     1.1013      5.466    30.1493    23.0077    1.40467    2.00742     61.322    6.37937    9.11676  0.000e+00
        428      5.423      7.865   3225.091   8851.767    10.9608   3.409519     1.2454     0.0073     0.1343     0.0085     1.2454     1.1220      5.377    30.1358    22.9974    1.40206    2.00368     61.208    6.38004    9.11772  0.000e+00
        429      5.333      7.735   3224.839   8852.145    10.9572   3.409847     1.2466     0.0073     0.1319     0.0085     1.2466     1.0806      5.289    30.1421    23.0029    1.40483    2.00765     61.329    6.38030    9.11809  0.000e+00
        430      5.199      7.541   3224.712   8848.026    10.9553   3.406280     1.2466     0.0073     0.1416     0.0085     1.2466     1.2459      5.156    30.1087    22.9772    1.40516    2.00811     61.345    6.38190    9.12038  0.000e+00
        431      5.110      7.411   3223.701   8839.778    10.9406   3.399144     1.2454     0.0073     0.1343     0.0085     1.2454     1.1220      5.067    30.0508    22.9347    1.40333    2.00550     61.268    6.38628    9.12663  0.000e+00
        432      4.975      7.216   3221.868   8831.334    10.9140   3.391845     1.2454     0.0073     0.1343     0.0085     1.2454     1.1220      4.934    30.0011    22.9006    1.40451    2.00718     61.321    6.39200    9.13481  0.000e+00
        433      4.886      7.087   3219.972   8823.446    10.8864   3.385034     1.2466     0.0061     0.1343     0.0085     1.2466     1.1220      4.845    29.9569    22.8709    1.40843    2.01278     61.494    6.39764    9.14287  0.000e+00
        434      4.797      6.957   3217.885   8813.293    10.8561   3.376275     1.2479     0.0073     0.1343     0.0098     1.2479     1.1220      4.757    29.8958    22.8285    1.41258    2.01872     61.678    6.40436    9.15247  0.000e+00
        435      4.662      6.762   3215.547   8808.779    10.8220   3.372384     1.2479     0.0061     0.1331     0.0085     1.2479     1.1013      4.624    29.8854    22.8262    1.41363    2.02022     61.724    6.40955    9.15989  0.000e+00
        436      4.573      6.633   3214.093   8802.566    10.8009   3.367033     1.2491     0.0073     0.1343     0.0098     1.2491     1.1220      4.535    29.8501    22.8023    1.41730    2.02547     61.886    6.41395    9.16617  0.000e+00
        437      4.484      6.503   3212.386   8797.104    10.7760   3.362331     1.2503     0.0073     0.1380     0.0085     1.2503     1.1839      4.446    29.8242    22.7864    1.42100    2.03075     62.048    6.41849    9.17267  0.000e+00
        438      4.349      6.308   3210.806   8792.393    10.7530   3.358278     1.2503     0.0073     0.1355     0.0085     1.2503     1.1426      4.313    29.8031    22.7739    1.42183    2.03194     62.085    6.42258    9.17852  0.000e+00
        439      4.260      6.179   3209.415   8786.735    10.7327   3.353414     1.2503     0.0061     0.1343     0.0085     1.2503     1.1220      4.224    29.7718    22.7529    1.42269    2.03317     62.124    6.42671    9.18441  0.000e+00
        440      4.171      6.049   3208.151   8780.318    10.7143   3.347900     1.2515     0.0073     0.1355     0.0085     1.2515     1.1426      4.136    29.7326    22.7255    1.42633    2.03837     62.284    6.43090    9.19040  0.000e+00
        441      4.036      5.854   3205.875   8770.872    10.6811   3.339791     1.2527     0.0073     0.1392     0.0085     1.2527     1.2046      4.003    29.6798    22.6900    1.43052    2.04435     62.470    6.43774    9.20017  0.000e+00
        442      3.947      5.725   3203.789   8767.092    10.6506   3.336550     1.2564     0.0073     0.1355     0.0085     1.2564     1.1426      3.914    29.6726    22.6895    1.43977    2.05757     62.874    6.44233    9.20674  0.000e+00
        443      3.858      5.595   3202.208   8757.821    10.6276   3.328603     1.2613     0.0073     0.1355     0.0085     1.2613     1.1426      3.825    29.6131    22.6470    1.45206    2.07514     63.413    6.44803    9.21487  0.000e+00
        444      3.723      5.400   3199.869   8749.108    10.5934   3.321143     1.2650     0.0073     0.1429     0.0085     1.2650     1.2666      3.692    29.5673    22.6170    1.46180    2.08906     63.840    6.45474    9.22447  0.000e+00
        445      3.634      5.271   3197.720   8744.371    10.5620   3.317090     1.2723     0.0073     0.1441     0.0085     1.2723     1.2872      3.604    29.5527    22.6109    1.47952    2.11438     64.614    6.45979    9.23169  0.000e+00
        446      3.500      5.076   3195.823   8738.113    10.5343   3.311740     1.2796     0.0061     0.1416     0.0085     1.2796     1.2459      3.471    29.5224    22.5919    1.49729    2.13977     65.392    6.46498    9.23910  0.000e+00
        447      3.410      4.946   3194.243   8732.230    10.5112   3.306713     1.2857     0.0073     0.1392     0.0085     1.2857     1.2046      3.382    29.4915    22.5716    1.51218    2.16105     66.043    6.46953    9.24561  0.000e+00
        448      3.366      4.882   3193.041   8728.814    10.4936   3.303796     1.2943     0.0073     0.1404     0.0085     1.2943     1.2253      3.338    29.4769    22.5632    1.53232    2.18984     66.923    6.47264    9.25004  0.000e+00
        449      3.142      4.557   3191.208   8712.651    10.4668   3.290009     1.3004     0.0073     0.1392     0.0085     1.3004     1.2046      3.116    29.3624    22.4785    1.54816    2.21247     67.621    6.48116    9.26223  0.000e+00
        450      3.008      4.363   3188.047   8709.227    10.4205   3.287092     1.3101     0.0073     0.1404     0.0073     1.3101     1.2253      2.983    29.3710    22.4927    1.57182    2.24629     68.653    6.48743    9.27119  0.000e+00
        451      2.919      4.233   3186.340   8696.462    10.3955   3.276226     1.3223     0.0073     0.1404     0.0085     1.3223     1.2253      2.894    29.2836    22.4288    1.60139    2.28854     69.949    6.49460    9.28144  0.000e+00
        452      2.829      4.103   3182.989   8659.003    10.3464   3.244433     1.3394     0.0073     0.1441     0.0085     1.3394     1.2872      2.806    29.0084    22.2225    1.64496    2.35081     71.867    6.51300    9.30773  0.000e+00
        453      2.695      3.909   3176.034   8647.314    10.2443   3.234542     1.3529     0.0073     0.1429     0.0085     1.3529     1.2666      2.673    28.9919    22.2261    1.67943    2.40007     73.372    6.52842    9.32976  0.000e+00
        454      2.606      3.779   3173.758   8635.609    10.2109   3.224650     1.3675     0.0061     0.1697     0.0085     1.3675     1.7211      2.584    28.9204    22.1759    1.71502    2.45093     74.931    6.53622    9.34091  0.000e+00
        455      2.516      3.649   3171.735   8625.042    10.1812   3.215731     1.3810     0.0073     0.1490     0.0085     1.3810     1.3699      2.495    28.8556    22.1301    1.74767    2.49760     76.361    6.54322    9.35091  0.000e+00
        456      2.382      3.455   3168.321   8579.542    10.1310   3.177453     1.3968     0.0073     0.1526     0.0085     1.3968     1.4319      2.362    28.5154    21.8732    1.78989    2.55793     78.225    6.56467    9.38157  0.000e+00
        457      2.293      3.325   3163.073   8531.856    10.0537   3.137556     1.4127     0.0073     0.1563     0.0085     1.4127     1.4938      2.273    28.1798    21.6241    1.83336    2.62005     80.145    6.58998    9.41774  0.000e+00
        458      2.158      3.130   3157.572   8413.817     9.9727   3.039767     1.4274     0.0073     0.1685     0.0085     1.4274     1.7004      2.140    27.2722    20.9298    1.88125    2.68850     82.294    6.64007    9.48933  0.000e+00
        459      2.069      3.001   3148.530   8040.451     9.8392   2.739532     1.4444     0.0073     0.1551     0.0085     1.4444     1.4732      2.052    24.4090    18.7207    1.96192    2.80378     86.009    6.78229    9.69257  0.000e+00
        460      1.980      2.871   3133.670   7869.272     9.6193   2.606498     1.4603     0.0061     0.1636     0.0085     1.4603     1.6178      1.963    23.2504    17.8504    2.02395    2.89242     88.804    6.86653    9.81296  0.000e+00
