unitTesting/processed_seabird_noalign/ORCA1_CAST0035.cnv
* Sea-Bird SBE 19 Data File:
* FileName =
* Software Version 4.234
* Temperature SN = 2835
* Conductivity SN = 2835
* System UpLoad Time = Thu Jan 27 18:05:13 2005

** Ship: ORCA
** Cruise: Mooring
** Station: Twanoh
** Latitude: 47 22.5
** Longitude: 123 0.5
# nquan = 22
# nvalues = 902                                   
# units = specified
# name 0 = scan: Scan Count
# name 1 = prSM: Pressure, Strain Gauge [db]
# name 2 = prSE: Pressure, Strain Gauge [psi]
# name 3 = f0: Frequency 0
# name 4 = f1: Frequency 1
# name 5 = t090C: Temperature [ITS-90, deg C]
# name 6 = c0S/m: Conductivity [S/m]
# name 7 = v0: Voltage 0
# name 8 = v1: Voltage 1
# name 9 = v2: Voltage 2
# name 10 = v3: Voltage 3
# name 11 = sbeox0V: Oxygen raw, SBE 43 [V]
# name 12 = wetStar: Fluorescence, WET Labs WETstar [mg/m^3]
# name 13 = depSM: Depth [salt water, m], lat = 47.28
# name 14 = sal00: Salinity, Practical [PSU]
# name 15 = sigma-t00: Density [sigma-t, Kg/m^3 ]
# name 16 = sbeox0ML/L: Oxygen, SBE 43 [ml/l]
# name 17 = sbeox0Mg/L: Oxygen, SBE 43 [mg/l]
# name 18 = sbeox0Mm/Kg: Oxygen, SBE 43 [umol/Kg]
# name 19 = oxsatML/L: Oxygen Saturation, Weiss [ml/l]
# name 20 = oxsatMg/L: Oxygen Saturation, Weiss [mg/l]
# name 21 = flag:  0.000e+00
# span 0 =          1,        902                 
# span 1 =      0.951,     29.672                 
# span 2 =      1.380,     43.035                 
# span 3 =   3102.748,   3231.279                 
# span 4 =   6766.085,   8898.484                 
# span 5 =     9.1593,    11.0506                 
# span 6 =   1.818666,   3.450090                 
# span 7 =     0.0000,     3.0623                 
# span 8 =     0.0000,     0.0073                 
# span 9 =     0.0000,     0.2955                 
# span 10 =     0.0000,     0.0098                
# span 11 =     0.0000,     3.0623                
# span 12 =    -1.1506,     3.8490                
# span 13 =      0.943,     29.422                
# span 14 =    15.8775,    30.4565                
# span 15 =    12.1665,    23.2327                
# span 16 =   -1.39898,    6.15472                
# span 17 =   -1.99928,    8.79572                
# span 18 =    -61.072,    271.542                
# span 19 =    6.35587,    7.27044                
# span 20 =    9.08317,   10.39019                
# span 21 = 0.0000e+00, 0.0000e+00                
# interval = seconds: 0.5
# start_time = Jan 31 2016 20:27:28 [DatCnv date, localtime]
# bad_flag = -9.990e-29
*END*
[from data line 198]
        199     18.931     27.458   3225.662   8859.577    10.9691   3.416290     1.1758     0.0073     0.1392     0.0085     1.1758     1.2046     18.773    30.1900    23.0381    1.24730    1.78251     54.450    6.37671    9.11296  0.000e+00
        200     18.931     27.458   3225.788   8859.393    10.9709   3.416130     1.1734     0.0061     0.1404     0.0085     1.1734     1.2253     18.773    30.1869    23.0354    1.24178    1.77463     54.209    6.37658    9.11277  0.000e+00
        201     18.931     27.458   3225.725   8859.396    10.9700   3.416133     1.1746     0.0073     0.1392     0.0085     1.1746     1.2046     18.773    30.1877    23.0361    1.24454    1.77858     54.330    6.37668    9.11291  0.000e+00
        202     18.931     27.458   3225.726   8859.211    10.9700   3.415973     1.1746     0.0073     0.1404     0.0085     1.1746     1.2253     18.773    30.1861    23.0349    1.24456    1.77860     54.330    6.37674    9.11300  0.000e+00
        203     18.931     27.458   3225.663   8859.589    10.9691   3.416300     1.1746     0.0073     0.1392     0.0085     1.1746     1.2046     18.773    30.1901    23.0381    1.24455    1.77859     54.330    6.37671    9.11295  0.000e+00
        204     18.931     27.458   3225.600   8859.591    10.9682   3.416302     1.1734     0.0073     0.1392     0.0085     1.1734     1.2046     18.773    30.1909    23.0389    1.24182    1.77468     54.211    6.37680    9.11309  0.000e+00
        205     18.931     27.458   3225.663   8859.594    10.9691   3.416305     1.1734     0.0073     0.1392     0.0085     1.1734     1.2046     18.773    30.1901    23.0382    1.24180    1.77466     54.210    6.37670    9.11295  0.000e+00
        206     18.931     27.458   3225.663   8859.597    10.9691   3.416307     1.1734     0.0073     0.1392     0.0085     1.1734     1.2046     18.773    30.1902    23.0382    1.24180    1.77466     54.210    6.37670    9.11295  0.000e+00
        207     18.931     27.458   3225.727   8859.413    10.9701   3.416147     1.1734     0.0073     0.1380     0.0085     1.1734     1.1839     18.773    30.1878    23.0362    1.24180    1.77465     54.210    6.37667    9.11290  0.000e+00
        208     18.931     27.458   3225.664   8859.416    10.9691   3.416150     1.1722     0.0073     0.1404     0.0085     1.1722     1.2253     18.773    30.1886    23.0370    1.23907    1.77075     54.091    6.37676    9.11303  0.000e+00
        209     18.931     27.458   3225.664   8859.606    10.9691   3.416315     1.1722     0.0073     0.1416     0.0085     1.1722     1.2459     18.773    30.1902    23.0382    1.23905    1.77073     54.090    6.37670    9.11294  0.000e+00
        210     18.931     27.458   3225.538   8859.608    10.9673   3.416317     1.1709     0.0073     0.1392     0.0085     1.1709     1.2046     18.773    30.1918    23.0397    1.23634    1.76685     53.971    6.37689    9.11322  0.000e+00
        211     18.931     27.458   3225.664   8859.611    10.9691   3.416319     1.1709     0.0073     0.1392     0.0085     1.1709     1.2046     18.773    30.1903    23.0383    1.23630    1.76680     53.970    6.37670    9.11294  0.000e+00
        212     18.931     27.458   3225.665   8859.427    10.9692   3.416160     1.1709     0.0073     0.1392     0.0085     1.1709     1.2046     18.773    30.1887    23.0370    1.23632    1.76682     53.971    6.37676    9.11303  0.000e+00
        213     18.931     27.458   3225.602   8859.430    10.9682   3.416162     1.1709     0.0073     0.1416     0.0085     1.1709     1.2459     18.773    30.1895    23.0378    1.23633    1.76684     53.971    6.37685    9.11316  0.000e+00
        214     18.931     27.458   3225.539   8859.432    10.9673   3.416165     1.1709     0.0073     0.1404     0.0098     1.1709     1.2253     18.773    30.1903    23.0386    1.23635    1.76687     53.972    6.37695    9.11330  0.000e+00
        215     18.931     27.458   3225.665   8859.622    10.9692   3.416329     1.1722     0.0073     0.1392     0.0085     1.1722     1.2046     18.773    30.1904    23.0383    1.23905    1.77073     54.090    6.37669    9.11293  0.000e+00
        216     18.931     27.458   3225.666   8859.625    10.9692   3.416332     1.1722     0.0073     0.1404     0.0085     1.1722     1.2253     18.773    30.1904    23.0383    1.23905    1.77073     54.090    6.37669    9.11293  0.000e+00
        217     18.931     27.458   3225.603   8859.441    10.9683   3.416172     1.1734     0.0073     0.1392     0.0085     1.1734     1.2046     18.773    30.1896    23.0379    1.24183    1.77470     54.211    6.37685    9.11315  0.000e+00
        218     18.931     27.458   3225.603   8859.631    10.9683   3.416337     1.1734     0.0073     0.1392     0.0085     1.1734     1.2046     18.773    30.1912    23.0391    1.24182    1.77468     54.210    6.37678    9.11306  0.000e+00
        219     18.931     27.458   3225.666   8859.447    10.9692   3.416177     1.1758     0.0073     0.1392     0.0098     1.1758     1.2046     18.773    30.1889    23.0371    1.24730    1.78252     54.450    6.37675    9.11301  0.000e+00
        220     18.931     27.458   3225.603   8860.011    10.9683   3.416666     1.1734     0.0073     0.1392     0.0085     1.1734     1.2046     18.773    30.1944    23.0416    1.24179    1.77464     54.209    6.37665    9.11288  0.000e+00
        221     18.931     27.458   3225.793   8860.575    10.9710   3.417155     1.1746     0.0073     0.1465     0.0085     1.1746     1.3286     18.773    30.1969    23.0431    1.24445    1.77844     54.325    6.37617    9.11218  0.000e+00
        222     18.931     27.458   3225.920   8860.578    10.9729   3.417158     1.1734     0.0073     0.1404     0.0085     1.1734     1.2253     18.773    30.1954    23.0416    1.24167    1.77446     54.204    6.37597    9.11190  0.000e+00
        223     18.931     27.458   3225.857   8860.581    10.9719   3.417160     1.1734     0.0073     0.1404     0.0098     1.1734     1.2253     18.773    30.1962    23.0424    1.24168    1.77449     54.205    6.37607    9.11204  0.000e+00
        224     18.931     27.458   3225.920   8860.397    10.9729   3.417000     1.1734     0.0073     0.1404     0.0085     1.1734     1.2253     18.773    30.1939    23.0404    1.24168    1.77448     54.204    6.37603    9.11199  0.000e+00
        225     18.931     27.458   3225.921   8860.399    10.9729   3.417003     1.1746     0.0073     0.1392     0.0098     1.1746     1.2046     18.773    30.1939    23.0404    1.24442    1.77841     54.324    6.37603    9.11199  0.000e+00
        226     18.931     27.458   3225.984   8860.589    10.9738   3.417167     1.1734     0.0073     0.1404     0.0085     1.1734     1.2253     18.773    30.1948    23.0410    1.24165    1.77444     54.203    6.37587    9.11175  0.000e+00
        227     18.931     27.458   3225.921   8860.592    10.9729   3.417170     1.1746     0.0073     0.1404     0.0085     1.1746     1.2253     18.773    30.1955    23.0417    1.24441    1.77839     54.324    6.37597    9.11189  0.000e+00
        228     18.931     27.458   3226.048   8860.782    10.9747   3.417334     1.1734     0.0073     0.1404     0.0085     1.1734     1.2253     18.773    30.1956    23.0415    1.24162    1.77439     54.202    6.37571    9.11152  0.000e+00
        229     18.931     27.458   3225.985   8860.785    10.9738   3.417337     1.1746     0.0073     0.1404     0.0085     1.1746     1.2253     18.773    30.1964    23.0422    1.24438    1.77834     54.322    6.37580    9.11166  0.000e+00
        230     18.931     27.458   3226.048   8860.788    10.9747   3.417339     1.1746     0.0073     0.1404     0.0085     1.1746     1.2253     18.773    30.1957    23.0415    1.24436    1.77832     54.322    6.37570    9.11152  0.000e+00
        231     18.931     27.458   3225.922   8860.791    10.9729   3.417342     1.1758     0.0073     0.1404     0.0085     1.1758     1.2253     18.773    30.1972    23.0430    1.24714    1.78229     54.443    6.37590    9.11179  0.000e+00
        232     18.931     27.458   3225.922   8860.606    10.9729   3.417182     1.1734     0.0073     0.1392     0.0085     1.1734     1.2046     18.773    30.1956    23.0418    1.24166    1.77446     54.204    6.37596    9.11188  0.000e+00
        233     18.931     27.458   3225.986   8860.609    10.9738   3.417184     1.1746     0.0073     0.1404     0.0098     1.1746     1.2253     18.773    30.1949    23.0411    1.24439    1.77836     54.323    6.37586    9.11174  0.000e+00
        234     18.931     27.458   3225.923   8860.612    10.9729   3.417187     1.1722     0.0073     0.1404     0.0085     1.1722     1.2253     18.773    30.1957    23.0418    1.23892    1.77053     54.084    6.37596    9.11188  0.000e+00
        235     18.931     27.458   3225.923   8860.802    10.9729   3.417352     1.1722     0.0073     0.1404     0.0098     1.1722     1.2253     18.773    30.1973    23.0431    1.23890    1.77052     54.083    6.37589    9.11179  0.000e+00
        236     18.931     27.458   3225.923   8860.618    10.9729   3.417192     1.1709     0.0073     0.1416     0.0085     1.1709     1.2459     18.773    30.1957    23.0419    1.23617    1.76661     53.964    6.37595    9.11188  0.000e+00
        237     18.931     27.458   3225.860   8860.808    10.9720   3.417356     1.1709     0.0073     0.1404     0.0098     1.1709     1.2253     18.773    30.1981    23.0439    1.23617    1.76661     53.964    6.37599    9.11192  0.000e+00
        238     18.931     27.458   3225.923   8860.810    10.9729   3.417359     1.1685     0.0073     0.1416     0.0085     1.1685     1.2459     18.773    30.1974    23.0431    1.23066    1.75874     53.723    6.37589    9.11178  0.000e+00
        239     18.931     27.458   3225.924   8860.252    10.9729   3.416875     1.1697     0.0073     0.1404     0.0085     1.1697     1.2253     18.773    30.1926    23.0394    1.23344    1.76272     53.845    6.37608    9.11205  0.000e+00
        240     18.931     27.458   3225.798   8860.629    10.9711   3.417202     1.1685     0.0073     0.1392     0.0085     1.1685     1.2046     18.773    30.1973    23.0434    1.23071    1.75880     53.725    6.37614    9.11215  0.000e+00
        241     18.931     27.458   3225.735   8860.257    10.9702   3.416880     1.1697     0.0073     0.1404     0.0085     1.1697     1.2253     18.773    30.1949    23.0417    1.23350    1.76279     53.847    6.37637    9.11247  0.000e+00
        242     18.931     27.458   3225.735   8860.260    10.9702   3.416882     1.1673     0.0073     0.1416     0.0085     1.1673     1.2459     18.773    30.1949    23.0417    1.22800    1.75494     53.607    6.37637    9.11246  0.000e+00
        243     18.931     27.458   3225.798   8860.450    10.9711   3.417047     1.1673     0.0073     0.1392     0.0085     1.1673     1.2046     18.773    30.1958    23.0422    1.22797    1.75489     53.606    6.37620    9.11223  0.000e+00
        244     18.931     27.458   3225.735   8860.266    10.9702   3.416887     1.1685     0.0073     0.1404     0.0085     1.1685     1.2253     18.773    30.1950    23.0417    1.23075    1.75886     53.727    6.37636    9.11246  0.000e+00
        245     18.931     27.458   3225.630   8860.267    10.9686   3.416888     1.1697     0.0073     0.1416     0.0085     1.1697     1.2459     18.773    30.1963    23.0430    1.23352    1.76283     53.848    6.37652    9.11269  0.000e+00
        246     18.931     27.458   3225.525   8860.268    10.9671   3.416889     1.1673     0.0073     0.1392     0.0085     1.1673     1.2046     18.773    30.1975    23.0442    1.22806    1.75502     53.610    6.37669    9.11292  0.000e+00
        247     18.931     27.458   3225.420   8860.271    10.9656   3.416891     1.1709     0.0073     0.1404     0.0085     1.1709     1.2253     18.773    30.1988    23.0455    1.23633    1.76684     53.971    6.37685    9.11315  0.000e+00
        248     18.931     27.458   3225.673   8860.272    10.9693   3.416892     1.1697     0.0073     0.1404     0.0098     1.1697     1.2253     18.773    30.1958    23.0425    1.23351    1.76281     53.848    6.37646    9.11259  0.000e+00
        249     18.931     27.458   3225.800   8860.273    10.9711   3.416893     1.1685     0.0073     0.1392     0.0085     1.1685     1.2046     18.773    30.1943    23.0410    1.23073    1.75884     53.726    6.37626    9.11231  0.000e+00
        250     18.931     27.458   3225.674   8860.462    10.9693   3.417057     1.1673     0.0073     0.1392     0.0085     1.1673     1.2046     18.773    30.1974    23.0438    1.22800    1.75494     53.607    6.37639    9.11250  0.000e+00
        251     18.931     27.458   3225.674   8860.088    10.9693   3.416733     1.1685     0.0073     0.1392     0.0085     1.1685     1.2046     18.773    30.1942    23.0413    1.23078    1.75890     53.728    6.37652    9.11268  0.000e+00
        252     18.931     27.458   3225.674   8859.902    10.9693   3.416572     1.1685     0.0073     0.1416     0.0085     1.1685     1.2459     18.773    30.1926    23.0401    1.23079    1.75892     53.729    6.37658    9.11277  0.000e+00
        253     18.931     27.458   3225.548   8859.903    10.9675   3.416573     1.1673     0.0073     0.1392     0.0085     1.1673     1.2046     18.773    30.1941    23.0416    1.22807    1.75504     53.611    6.37677    9.11305  0.000e+00
        254     18.931     27.458   3225.675   8860.653    10.9693   3.417223     1.1685     0.0073     0.1404     0.0085     1.1685     1.2253     18.773    30.1990    23.0450    1.23074    1.75885     53.727    6.37632    9.11240  0.000e+00
        255     18.931     27.458   3225.802   8860.654    10.9711   3.417224     1.1685     0.0073     0.1392     0.0085     1.1685     1.2046     18.773    30.1975    23.0435    1.23070    1.75880     53.725    6.37613    9.11212  0.000e+00
        256     18.931     27.458   3225.865   8861.030    10.9721   3.417549     1.1697     0.0073     0.1392     0.0098     1.1697     1.2046     18.773    30.1999    23.0453    1.23341    1.76266     53.843    6.37590    9.11180  0.000e+00
        257     18.931     27.458   3225.866   8860.844    10.9721   3.417388     1.1697     0.0073     0.1392     0.0085     1.1697     1.2046     18.773    30.1983    23.0440    1.23342    1.76268     53.844    6.37596    9.11189  0.000e+00
        258     18.931     27.458   3225.929   8860.845    10.9730   3.417389     1.1697     0.0073     0.1404     0.0085     1.1697     1.2253     18.773    30.1976    23.0433    1.23340    1.76266     53.843    6.37587    9.11175  0.000e+00
        259     18.931     27.458   3225.803   8860.846    10.9712   3.417390     1.1697     0.0073     0.1404     0.0085     1.1697     1.2253     18.773    30.1991    23.0448    1.23344    1.76271     53.844    6.37606    9.11203  0.000e+00
        260     18.931     27.458   3225.866   8860.660    10.9721   3.417229     1.1709     0.0073     0.1404     0.0085     1.1709     1.2253     18.773    30.1968    23.0428    1.23618    1.76663     53.964    6.37603    9.11198  0.000e+00
        261     18.931     27.458   3225.740   8860.661    10.9703   3.417230     1.1709     0.0073     0.1380     0.0085     1.1709     1.1839     18.773    30.1983    23.0443    1.23621    1.76667     53.966    6.37622    9.11226  0.000e+00
        262     18.931     27.458   3225.804   8860.662    10.9712   3.417231     1.1722     0.0073     0.1404     0.0085     1.1722     1.2253     18.773    30.1975    23.0436    1.23894    1.77058     54.085    6.37612    9.11212  0.000e+00
        263     18.931     27.458   3225.678   8860.663    10.9693   3.417232     1.1722     0.0073     0.1392     0.0085     1.1722     1.2046     18.773    30.1991    23.0450    1.23898    1.77062     54.086    6.37632    9.11239  0.000e+00
