unitTesting/processed_seabird_noalign/ORCA1_CAST0049.cnv
* Sea-Bird SBE 19 Data File:
* FileName =
* Software Version 4.234
* Temperature SN = 2835
* Conductivity SN = 2835
* System UpLoad Time = Mon Jan 31 06:13:00 2005

** Ship: ORCA
** Cruise: Mooring
** Station: Twanoh
** Latitude: 47 22.5
** Longitude: 123 0.5
# nquan = 22
# nvalues = 932                                   
# units = specified
# name 0 = scan: Scan Count
# name 1 = prSM: Pressure, Strain Gauge [db]
# name 2 = prSE: Pressure, Strain Gauge [psi]
# name 3 = f0: Frequency 0
# name 4 = f1: Frequency 1
# name 5 = t090C: Temperature [ITS-90, deg C]
# name 6 = c0S/m: Conductivity [S/m]
# name 7 = v0: Voltage 0
# name 8 = v1: Voltage 1
# name 9 = v2: Voltage 2
# name 10 = v3: Voltage 3
# name 11 = sbeox0V: Oxygen raw, SBE 43 [V]
# name 12 = wetStar: Fluorescence, WET Labs WETstar [mg/m^3]
# name 13 = depSM: Depth [salt water, m], lat = 47.28
# name 14 = sal00: Salinity, Practical [PSU]
# name 15 = sigma-t00: Density [sigma-t, Kg/m^3 ]
# name 16 = sbeox0ML/L: Oxygen, SBE 43 [ml/l]
# name 17 = sbeox0Mg/L: Oxygen, SBE 43 [mg/l]
# name 18 = sbeox0Mm/Kg: Oxygen, SBE 43 [umol/Kg]
# name 19 = oxsatML/L: Oxygen Saturation, Weiss [ml/l]
# name 20 = oxsatMg/L: Oxygen Saturation, Weiss [mg/l]
# name 21 = flag:  0.000e+00
# span 0 =          1,        932                 
# span 1 =      0.906,     29.582                 
# span 2 =      1.315,     42.905                 
# span 3 =   3100.212,   3227.843                 
# span 4 =   7479.576,   8903.377                 
# span 5 =     9.1214,    11.0008                 
# span 6 =   2.314454,   3.454353                 
# span 7 =     0.0000,     2.7363                 
# span 8 =     0.0000,     0.0073                 
# span 9 =     0.0000,     0.2821                 
# span 10 =     0.0000,     0.0098                
# span 11 =     0.0000,     2.7363                
# span 12 =    -1.1506,     3.6217                
# span 13 =      0.899,     29.334                
# span 14 =    20.6917,    30.5867                
# span 15 =    15.9234,    23.3522                
# span 16 =   -1.39818,    5.21058                
# span 17 =   -1.99814,    7.44643                
# span 18 =    -61.035,    228.978                
# span 19 =    6.36539,    7.05896                
# span 20 =    9.09678,   10.08795                
# span 21 = 0.0000e+00, 0.0000e+00                
# interval = seconds: 0.5
# start_time = Jan 31 2016 20:27:40 [DatCnv date, localtime]
# bad_flag = -9.990e-29
*END*
[from data line 461]
        462      2.203      3.195   3168.819   8590.474    10.1383   3.186631     1.7021     0.0061     0.2405     0.0085     1.7021     2.9193      2.185    28.6008    21.9385    2.49279    3.56244    108.938    6.56004    9.37496  0.000e+00
        463      2.114      3.066   3168.630   8581.784    10.1355   3.179335     1.7106     0.0073     0.2466     0.0085     1.7106     3.0226      2.096    28.5306    21.8843    2.51374    3.59239    109.859    6.56337    9.37972  0.000e+00
        464      2.024      2.936   3167.745   8480.106    10.1225   3.094513     1.7216     0.0073     0.2357     0.0085     1.7216     2.8367      2.007    27.7004    21.2400    2.55318    3.64874    111.653    6.59995    9.43199  0.000e+00
        465      1.935      2.806   3161.359   8060.360    10.0285   2.755192     1.7302     0.0073     0.2430     0.0085     1.7302     2.9606      1.919    24.4344    18.7127    2.63206    3.76148    115.389    6.75238    9.64983  0.000e+00
        466      1.845      2.677   3139.038   7674.785     9.6988   2.458866     1.7424     0.0073     0.2442     0.0098     1.7424     2.9813      1.830    21.7610    16.6800    2.72560    3.89515    119.728    6.91945    9.88859  0.000e+00
        467      1.711      2.482   3118.107   7583.479     9.3882   2.390851     1.7497     0.0073     0.2466     0.0085     1.7497     3.0226      1.697    21.2851    16.3517    2.77004    3.95866    121.720    6.98978    9.98909  0.000e+00
        468      1.622      2.352   3109.317   7540.932     9.2573   2.359438     1.7582     0.0073     0.2454     0.0085     1.7582     3.0020      1.608    21.0556    16.1904    2.80296    4.00570    123.186    7.02103   10.03376  0.000e+00
        469      1.488      2.158   3105.459   7530.590     9.1997   2.351830     1.7656     0.0073     0.2503     0.0085     1.7656     3.0846      1.475    21.0151    16.1663    2.82520    4.03749    124.166    7.03212   10.04961  0.000e+00
        470      1.398      2.028   3104.258   7527.288     9.1818   2.349403     1.7717     0.0073     0.2466     0.0085     1.7717     3.0226      1.387    21.0019    16.1584    2.84158    4.06090    124.887    7.03561   10.05459  0.000e+00
        471      1.309      1.898   3103.878   7537.639     9.1761   2.357015     1.7753     0.0073     0.2527     0.0085     1.7753     3.1259      1.298    21.0798    16.2198    2.84952    4.07225    125.228    7.03303   10.05090  0.000e+00
        472      1.175      1.704   3104.574   7537.642     9.1865   2.357017     1.7790     0.0073     0.2442     0.0085     1.7790     2.9813      1.165    21.0737    16.2137    2.85799    4.08435    125.601    7.03162   10.04889  0.000e+00
        473      1.085      1.574   3104.258   7527.515     9.1818   2.349570     1.7839     0.0073     0.2430     0.0085     1.7839     2.9606      1.076    21.0036    16.1597    2.87159    4.10379    126.206    7.03554   10.05448  0.000e+00
        474      0.996      1.444   3103.562   7511.637     9.1714   2.337913     1.7912     0.0073     0.2418     0.0085     1.7912     2.9400      0.988    20.8956    16.0769    2.89230    4.13338    127.126    7.04207   10.06382  0.000e+00
        475      0.906      1.315   3102.614   7510.535     9.1573   2.337106     1.8107     0.0073     0.2393     0.0085     1.8107     2.8987      0.899    20.8960    16.0791    2.94146    4.20364    129.287    7.04434   10.06707  0.000e+00
        476      0.951      1.380   3102.487   7501.699     9.1554   2.330631     1.8425     0.0073     0.2515     0.0085     1.8425     3.1053      0.943    20.8337    16.0307    3.02132    4.31777    132.803    7.04746   10.07152  0.000e+00
        477      0.951      1.380   3101.792   7489.088     9.1450   2.321403     1.8877     0.0073     0.2344     0.0085     1.8877     2.8160      0.943    20.7494    15.9664    3.13550    4.48095    137.831    7.05294   10.07935  0.000e+00
        478      0.951      1.380   3101.096   7484.881     9.1346   2.318329     1.9377     0.0073     0.2283     0.0085     1.9377     2.7127      0.943    20.7253    15.9490    3.26070    4.65987    143.337    7.05571   10.08331  0.000e+00
        479      0.951      1.380   3100.843   7483.332     9.1308   2.317197     1.9927     0.0073     0.2210     0.0085     1.9927     2.5888      0.943    20.7164    15.9426    3.39729    4.85507    149.342    7.05672   10.08476  0.000e+00
        480      0.951      1.380   3100.780   7485.108     9.1299   2.318494     2.0513     0.0073     0.2222     0.0085     2.0513     2.6094      0.943    20.7297    15.9530    3.54227    5.06226    155.714    7.05628   10.08412  0.000e+00
        481      0.951      1.380   3100.780   7484.888     9.1299   2.318334     2.1074     0.0073     0.2369     0.0085     2.1074     2.8574      0.943    20.7281    15.9518    3.68146    5.26118    161.833    7.05635   10.08422  0.000e+00
        482      0.951      1.380   3100.906   7487.549     9.1318   2.320279     2.1661     0.0073     0.2589     0.0085     2.1661     3.2292      0.943    20.7461    15.9655    3.82607    5.46783    168.187    7.05523   10.08263  0.000e+00
        483      0.951      1.380   3101.096   7493.088     9.1346   2.324328     2.2198     0.0073     0.2198     0.0085     2.2198     2.5681      0.943    20.7841    15.9948    3.95795    5.65630    173.979    7.05306   10.07952  0.000e+00
        484      0.951      1.380   3101.286   7491.097     9.1374   2.322873     2.2698     0.0073     0.2186     0.0085     2.2698     2.5475      0.943    20.7682    15.9820    4.08208    5.83370    179.438    7.05331   10.07989  0.000e+00
        485      0.951      1.380   3101.328   7491.762     9.1381   2.323359     2.3126     0.0073     0.2234     0.0085     2.3126     2.6301      0.943    20.7726    15.9854    4.18774    5.98470    184.082    7.05301   10.07946  0.000e+00
        486      0.951      1.380   3101.370   7492.427     9.1387   2.323845     2.3565     0.0073     0.2259     0.0085     2.3565     2.6714      0.943    20.7770    15.9887    4.29641    6.14000    188.858    7.05271   10.07903  0.000e+00
        487      0.951      1.380   3101.413   7493.092     9.1393   2.324332     2.3944     0.0073     0.2222     0.0085     2.3944     2.6094      0.943    20.7813    15.9920    4.38996    6.27369    192.970    7.05241   10.07860  0.000e+00
        488      0.951      1.380   3101.349   7491.100     9.1384   2.322874     2.4298     0.0073     0.2222     0.0098     2.4298     2.6094      0.943    20.7676    15.9815    4.47812    6.39968    196.847    7.05318   10.07971  0.000e+00
        489      0.951      1.380   3101.096   7489.328     9.1346   2.321579     2.4567     0.0073     0.2369     0.0085     2.4567     2.8574      0.943    20.7571    15.9738    4.54532    6.49571    199.802    7.05427   10.08126  0.000e+00
        490      0.951      1.380   3101.097   7491.321     9.1346   2.323036     2.4799     0.0073     0.2283     0.0085     2.4799     2.7127      0.943    20.7714    15.9849    4.60236    6.57723    202.307    7.05363   10.08034  0.000e+00
        491      0.951      1.380   3101.160   7492.871     9.1355   2.324170     2.5031     0.0073     0.2515     0.0085     2.5031     3.1053      0.943    20.7820    15.9930    4.65940    6.65875    204.813    7.05300   10.07944  0.000e+00
        492      0.951      1.380   3101.350   7493.313     9.1384   2.324493     2.5250     0.0073     0.2357     0.0098     2.5250     2.8367      0.943    20.7835    15.9938    4.71349    6.73605    207.191    7.05247   10.07868  0.000e+00
        493      0.951      1.380   3101.286   7494.420     9.1374   2.325303     2.5458     0.0073     0.2479     0.0085     2.5458     3.0433      0.943    20.7920    16.0006    4.76473    6.80928    209.442    7.05224   10.07836  0.000e+00
        494      0.951      1.380   3101.350   7493.534     9.1384   2.324655     2.5653     0.0073     0.2308     0.0085     2.5653     2.7541      0.943    20.7851    15.9951    4.81322    6.87857    211.574    7.05240   10.07858  0.000e+00
        495      0.951      1.380   3101.223   7491.099     9.1365   2.322874     2.5849     0.0073     0.2149     0.0085     2.5849     2.4855      0.943    20.7687    15.9826    4.86230    6.94871    213.734    7.05344   10.08007  0.000e+00
        496      0.951      1.380   3101.287   7495.969     9.1374   2.326436     2.5995     0.0073     0.2466     0.0085     2.5995     3.0226      0.943    20.8030    16.0092    4.89741    6.99889    215.272    7.05174   10.07764  0.000e+00
        497      0.906      1.315   3101.413   7495.305     9.1393   2.325950     2.6105     0.0073     0.2173     0.0085     2.6105     2.5268      0.899    20.7972    16.0044    4.92457    7.03770    216.467    7.05170   10.07758  0.000e+00
        498      0.951      1.380   3101.476   7492.649     9.1403   2.324007     2.6203     0.0073     0.2320     0.0085     2.6203     2.7747      0.943    20.7776    15.9890    4.94930    7.07305    217.557    7.05243   10.07862  0.000e+00
        499      0.951      1.380   3101.287   7493.755     9.1374   2.324817     2.6288     0.0073     0.2479     0.0085     2.6288     3.0433      0.943    20.7872    15.9968    4.97047    7.10330    218.486    7.05245   10.07866  0.000e+00
        500      0.951      1.380   3101.224   7488.442     9.1365   2.320931     2.6398     0.0073     0.2210     0.0098     2.6398     2.5888      0.943    20.7497    15.9677    4.99898    7.14404    219.746    7.05430   10.08130  0.000e+00
        501      0.951      1.380   3100.971   7492.649     9.1327   2.324007     2.6484     0.0073     0.2381     0.0085     2.6484     2.8780      0.943    20.7820    15.9934    5.01952    7.17340    220.643    7.05345   10.08009  0.000e+00
        502      0.951      1.380   3101.034   7489.549     9.1337   2.321740     2.6606     0.0073     0.2173     0.0085     2.6606     2.5268      0.943    20.7593    15.9756    5.05039    7.21751    222.004    7.05433   10.08134  0.000e+00
        503      0.951      1.380   3101.097   7491.763     9.1346   2.323359     2.6691     0.0073     0.2161     0.0085     2.6691     2.5061      0.943    20.7746    15.9874    5.07096    7.24691    222.905    7.05348   10.08013  0.000e+00
        504      0.951      1.380   3101.034   7489.549     9.1337   2.321740     2.6764     0.0073     0.2234     0.0085     2.6764     2.6301      0.943    20.7593    15.9756    5.08970    7.27370    223.732    7.05433   10.08134  0.000e+00
        505      0.951      1.380   3100.971   7489.770     9.1327   2.321902     2.6813     0.0073     0.2320     0.0085     2.6813     2.7747      0.943    20.7614    15.9774    5.10184    7.29103    224.265    7.05438   10.08142  0.000e+00
        506      0.951      1.380   3100.908   7490.213     9.1318   2.322226     2.6862     0.0073     0.2210     0.0085     2.6862     2.5888      0.943    20.7651    15.9804    5.11391    7.30830    224.795    7.05437   10.08140  0.000e+00
        507      0.906      1.315   3100.971   7491.984     9.1327   2.323521     2.6899     0.0073     0.2418     0.0085     2.6899     2.9400      0.899    20.7773    15.9897    5.12245    7.32050    225.168    7.05367   10.08039  0.000e+00
        508      0.951      1.380   3101.098   7495.304     9.1346   2.325950     2.6935     0.0073     0.2210     0.0098     2.6935     2.5888      0.943    20.7999    16.0071    5.13060    7.33215    225.523    7.05234   10.07850  0.000e+00
        509      0.951      1.380   3101.161   7494.861     9.1356   2.325626     2.6996     0.0073     0.2479     0.0085     2.6996     3.0433      0.943    20.7962    16.0041    5.14574    7.35377    226.189    7.05235   10.07852  0.000e+00
        510      0.906      1.315   3101.224   7486.669     9.1365   2.319635     2.7045     0.0073     0.2222     0.0085     2.7045     2.6094      0.899    20.7370    15.9579    5.15965    7.37365    226.810    7.05487   10.08211  0.000e+00
        511      0.951      1.380   3100.782   7479.798     9.1299   2.314616     2.7057     0.0073     0.2418     0.0085     2.7057     2.9400      0.943    20.6917    15.9234    5.16494    7.38121    227.051    7.05798   10.08657  0.000e+00
        512      0.951      1.380   3100.339   7479.576     9.1233   2.314454     2.7094     0.0073     0.2271     0.0098     2.7094     2.6921      0.943    20.6939    15.9260    5.17468    7.39513    227.478    7.05896   10.08795  0.000e+00
        513      0.951      1.380   3100.212   7481.350     9.1214   2.315749     2.7118     0.0073     0.2161     0.0085     2.7118     2.5061      0.943    20.7077    15.9370    5.18048    7.40343    227.731    7.05864   10.08750  0.000e+00
        514      0.951      1.380   3100.276   7484.231     9.1223   2.317854     2.7143     0.0073     0.2308     0.0085     2.7143     2.7541      0.943    20.7278    15.9525    5.18577    7.41098    227.960    7.05758   10.08599  0.000e+00
        515      0.951      1.380   3100.466   7486.004     9.1252   2.319149     2.7155     0.0073     0.2125     0.0085     2.7155     2.4442      0.943    20.7388    15.9607    5.18811    7.41432    228.061    7.05662   10.08462  0.000e+00
        516      0.951      1.380   3100.276   7483.566     9.1223   2.317368     2.7179     0.0073     0.2222     0.0098     2.7179     2.6094      0.943    20.7230    15.9488    5.19500    7.42417    228.367    7.05780   10.08630  0.000e+00
        517      1.085      1.574   3100.402   7489.105     9.1242   2.321416     2.7192     0.0073     0.2283     0.0085     2.7192     2.7127      1.076    20.7615    15.9786    5.19663    7.42650    228.431    7.05575   10.08338  0.000e+00
        518      1.175      1.704   3100.908   7492.205     9.1318   2.323683     2.7216     0.0073     0.2552     0.0098     2.7216     3.1672      1.165    20.7793    15.9914    5.20130    7.43318    228.634    7.05373   10.08048  0.000e+00
        519      1.309      1.898   3101.035   7493.312     9.1337   2.324492     2.7204     0.0073     0.2344     0.0085     2.7204     2.8160      1.298    20.7861    15.9965    5.19793    7.42837    228.485    7.05311   10.07960  0.000e+00
        520      1.398      2.028   3101.162   7515.414     9.1356   2.340684     2.7253     0.0073     0.2283     0.0085     2.7253     2.7127      1.387    20.9436    16.1190    5.20464    7.43795    228.752    7.04571   10.06903  0.000e+00
        521      1.532      2.223   3102.237   7548.665     9.1516   2.365135     2.7253     0.0073     0.2259     0.0085     2.7253     2.6714      1.520    21.1738    16.2963    5.19528    7.42458    228.301    7.03276   10.05052  0.000e+00
        522      1.667      2.417   3103.944   7549.544     9.1771   2.365783     2.7289     0.0073     0.2308     0.0098     2.7289     2.7541      1.653    21.1650    16.2861    5.20185    7.43397    228.592    7.02904   10.04520  0.000e+00
        523      1.756      2.547   3104.450   7548.225     9.1847   2.364811     2.7326     0.0073     0.2271     0.0085     2.7326     2.6921      1.741    21.1510    16.2742    5.21058    7.44643    228.978    7.02845   10.04436  0.000e+00
        524      1.890      2.741   3104.703   7608.848     9.1884   2.409668     2.7338     0.0073     0.2198     0.0085     2.7338     2.5681      1.874    21.5887    16.6148    5.19870    7.42946    228.379    7.00821   10.01544  0.000e+00
        525      2.024      2.936   3108.814   7761.647     9.2498   2.524342     2.7350     0.0073     0.2308     0.0085     2.7350     2.7541      2.007    22.6792    17.4564    5.15889    7.37257    226.443    6.94981    9.93197  0.000e+00
        526      2.158      3.130   3120.893   8132.723     9.4296   2.812451     2.7363     0.0073     0.2247     0.0098     2.7363     2.6508      2.140    25.4125    19.5617    5.05326    7.22162    221.349    6.80174    9.72037  0.000e+00
