unitTesting/processed_seabird_noalign/ORCA1_CAST0044.cnv
* Sea-Bird SBE 19 Data File:
* FileName =
* Software Version 4.234
* Temperature SN = 2835
* Conductivity SN = 2835
* System UpLoad Time = Sun Jan 30 00:10:12 2005

** Ship: ORCA
** Cruise: Mooring
** Station: Twanoh
** Latitude: 47 22.5
** Longitude: 123 0.5
# nquan = 22
# nvalues = 914                                   
# units = specified
# name 0 = scan: Scan Count
# name 1 = prSM: Pressure, Strain Gauge [db]
# name 2 = prSE: Pressure, Strain Gauge [psi]
# name 3 = f0: Frequency 0
# name 4 = f1: Frequency 1
# name 5 = t090C: Temperature [ITS-90, deg C]
# name 6 = c0S/m: Conductivity [S/m]
# name 7 = v0: Voltage 0
# name 8 = v1: Voltage 1
# name 9 = v2: Voltage 2
# name 10 = v3: Voltage 3
# name 11 = sbeox0V: Oxygen raw, SBE 43 [V]
# name 12 = wetStar: Fluorescence, WET Labs WETstar [mg/m^3]
# name 13 = depSM: Depth [salt water, m], lat = 47.28
# name 14 = sal00: Salinity, Practical [PSU]
# name 15 = sigma-t00: Density [sigma-t, Kg/m^3 ]
# name 16 = sbeox0ML/L: Oxygen, SBE 43 [ml/l]
# name 17 = sbeox0Mg/L: Oxygen, SBE 43 [mg/l]
# name 18 = sbeox0Mm/Kg: Oxygen, SBE 43 [umol/Kg]
# name 19 = oxsatML/L: Oxygen Saturation, Weiss [ml/l]
# name 20 = oxsatMg/L: Oxygen Saturation, Weiss [mg/l]
# name 21 = flag:  0.000e+00
# span 0 =          1,        914                 
# span 1 =      0.951,     29.627                 
# span 2 =      1.380,     42.970                 
# span 3 =   3092.624,   3232.726                 
# span 4 =   7477.241,   8894.858                 
# span 5 =     9.0079,    11.0716                 
# span 6 =   2.312750,   3.446934                 
# span 7 =     0.0000,     2.8303                 
# span 8 =     0.0000,     0.0073                 
# span 9 =     0.0000,     0.3126                 
# span 10 =     0.0000,     0.0098                
# span 11 =     0.0000,     2.8303                
# span 12 =    -1.1506,     4.1382                
# span 13 =      0.943,     29.378                
# span 14 =    20.7425,    30.4241                
# span 15 =    15.9783,    23.2072                
# span 16 =   -1.39861,    5.45852                
# span 17 =   -1.99875,    7.80077                
# span 18 =    -61.058,    239.916                
# span 19 =    6.35630,    7.07506                
# span 20 =    9.08378,   10.11097                
# span 21 = 0.0000e+00, 0.0000e+00                
# interval = seconds: 0.5
# start_time = Jan 31 2016 20:27:36 [DatCnv date, localtime]
# bad_flag = -9.990e-29
*END*
[from data line 856]
        857     24.480     35.505   3231.636   8890.767    11.0558   3.443373     1.0928     0.0073     0.1355     0.0085     1.0928     1.1426     24.275    30.3816    23.1721    1.05811    1.51215     46.185    6.35699    9.08477  0.000e+00
        858     24.390     35.375   3231.762   8890.767    11.0577   3.443373     1.0928     0.0073     0.1355     0.0085     1.0928     1.1426     24.186    30.3801    23.1706    1.05807    1.51209     46.183    6.35679    9.08449  0.000e+00
        859     24.301     35.245   3231.762   8890.581    11.0577   3.443211     1.0916     0.0061     0.1343     0.0085     1.0916     1.1220     24.097    30.3785    23.1694    1.05533    1.50817     46.064    6.35686    9.08458  0.000e+00
        860     24.211     35.116   3231.825   8890.208    11.0586   3.442886     1.0928     0.0061     0.1355     0.0085     1.0928     1.1426     24.008    30.3746    23.1662    1.05806    1.51208     46.183    6.35689    9.08463  0.000e+00
        861     24.122     34.986   3231.889   8890.394    11.0595   3.443049     1.0904     0.0073     0.1368     0.0098     1.0904     1.1633     23.920    30.3755    23.1667    1.05254    1.50419     45.942    6.35672    9.08439  0.000e+00
        862     24.032     34.856   3232.015   8890.208    11.0613   3.442886     1.0891     0.0073     0.1355     0.0085     1.0891     1.1426     23.831    30.3724    23.1640    1.04977    1.50023     45.821    6.35659    9.08421  0.000e+00
        863     23.943     34.726   3231.952   8889.834    11.0604   3.442562     1.0867     0.0073     0.1343     0.0085     1.0867     1.1220     23.742    30.3701    23.1624    1.04431    1.49242     45.583    6.35682    9.08453  0.000e+00
        864     23.853     34.596   3231.952   8889.461    11.0604   3.442237     1.0855     0.0073     0.1343     0.0085     1.0855     1.1220     23.653    30.3669    23.1599    1.04158    1.48852     45.464    6.35694    9.08471  0.000e+00
        865     23.719     34.402   3232.078   8889.648    11.0622   3.442399     1.0842     0.0073     0.1355     0.0085     1.0842     1.1426     23.520    30.3671    23.1597    1.03878    1.48452     45.342    6.35668    9.08434  0.000e+00
        866     23.630     34.272   3232.141   8889.275    11.0632   3.442075     1.0830     0.0073     0.1355     0.0085     1.0830     1.1426     23.432    30.3632    23.1565    1.03603    1.48059     45.222    6.35671    9.08438  0.000e+00
        867     23.540     34.142   3232.141   8888.528    11.0632   3.441426     1.0830     0.0073     0.1355     0.0085     1.0830     1.1426     23.343    30.3568    23.1516    1.03606    1.48063     45.223    6.35696    9.08474  0.000e+00
        868     23.451     34.012   3232.205   8887.595    11.0641   3.440615     1.0806     0.0061     0.1343     0.0085     1.0806     1.1220     23.254    30.3482    23.1447    1.03060    1.47283     44.986    6.35718    9.08505  0.000e+00
        869     23.406     33.947   3232.394   8887.222    11.0668   3.440290     1.0794     0.0073     0.1343     0.0085     1.0794     1.1220     23.210    30.3428    23.1400    1.02783    1.46888     44.865    6.35702    9.08482  0.000e+00
        870     23.227     33.688   3232.331   8887.036    11.0659   3.440128     1.0781     0.0061     0.1343     0.0085     1.0781     1.1220     23.032    30.3420    23.1396    1.02509    1.46496     44.745    6.35718    9.08504  0.000e+00
        871     23.137     33.558   3232.331   8886.849    11.0659   3.439965     1.0757     0.0073     0.1343     0.0085     1.0757     1.1220     22.943    30.3404    23.1384    1.01961    1.45712     44.506    6.35724    9.08513  0.000e+00
        872     23.003     33.363   3232.331   8886.103    11.0659   3.439316     1.0733     0.0073     0.1355     0.0085     1.0733     1.1426     22.810    30.3341    23.1335    1.01415    1.44932     44.268    6.35749    9.08549  0.000e+00
        873     22.958     33.298   3232.394   8886.103    11.0668   3.439316     1.0733     0.0073     0.1355     0.0085     1.0733     1.1426     22.766    30.3334    23.1328    1.01413    1.44929     44.267    6.35740    9.08535  0.000e+00
        874     22.869     33.169   3232.457   8885.916    11.0677   3.439154     1.0684     0.0073     0.1343     0.0085     1.0684     1.1220     22.677    30.3311    23.1308    1.00315    1.43360     43.788    6.35736    9.08531  0.000e+00
        875     22.735     32.974   3232.457   8885.356    11.0677   3.438667     1.0672     0.0073     0.1368     0.0085     1.0672     1.1633     22.544    30.3264    23.1271    1.00042    1.42970     43.669    6.35755    9.08558  0.000e+00
        876     22.690     32.909   3232.457   8885.169    11.0677   3.438505     1.0647     0.0061     0.1343     0.0085     1.0647     1.1220     22.500    30.3248    23.1259    0.99494    1.42187     43.430    6.35761    9.08566  0.000e+00
        877     22.556     32.714   3232.457   8885.916    11.0677   3.439154     1.0623     0.0073     0.1343     0.0085     1.0623     1.1220     22.367    30.3312    23.1309    0.98940    1.41395     43.188    6.35736    9.08530  0.000e+00
        878     22.466     32.584   3232.457   8886.103    11.0677   3.439316     1.0586     0.0073     0.1343     0.0085     1.0586     1.1220     22.278    30.3328    23.1322    0.98116    1.40217     42.828    6.35729    9.08521  0.000e+00
        879     22.377     32.455   3232.457   8885.356    11.0677   3.438667     1.0549     0.0061     0.1355     0.0085     1.0549     1.1426     22.189    30.3265    23.1273    0.97296    1.39046     42.470    6.35754    9.08557  0.000e+00
        880     22.287     32.325   3232.457   8884.796    11.0677   3.438180     1.0525     0.0073     0.1343     0.0085     1.0525     1.1220     22.100    30.3218    23.1236    0.96750    1.38265     42.232    6.35773    9.08584  0.000e+00
        881     22.198     32.195   3232.457   8884.049    11.0677   3.437531     1.0476     0.0061     0.1343     0.0085     1.0476     1.1220     22.012    30.3155    23.1187    0.95656    1.36702     41.755    6.35799    9.08620  0.000e+00
        882     22.108     32.065   3232.521   8883.863    11.0687   3.437369     1.0440     0.0073     0.1355     0.0085     1.0440     1.1426     21.923    30.3132    23.1167    0.94832    1.35524     41.395    6.35795    9.08615  0.000e+00
        883     22.019     31.935   3232.394   8883.303    11.0668   3.436882     1.0403     0.0073     0.1343     0.0085     1.0403     1.1220     21.834    30.3100    23.1145    0.94014    1.34355     41.038    6.35834    9.08670  0.000e+00
        884     21.929     31.806   3232.457   8882.556    11.0677   3.436233     1.0366     0.0061     0.1355     0.0085     1.0366     1.1426     21.745    30.3029    23.1089    0.93193    1.33182     40.680    6.35849    9.08692  0.000e+00
        885     21.840     31.676   3232.457   8881.622    11.0677   3.435422     1.0317     0.0073     0.1368     0.0085     1.0317     1.1633     21.657    30.2950    23.1027    0.92100    1.31620     40.203    6.35881    9.08737  0.000e+00
        886     21.750     31.546   3232.394   8881.249    11.0668   3.435097     1.0293     0.0073     0.1392     0.0085     1.0293     1.2046     21.568    30.2926    23.1011    0.91554    1.30840     39.965    6.35903    9.08769  0.000e+00
        887     21.616     31.351   3232.394   8880.315    11.0668   3.434286     1.0244     0.0073     0.1355     0.0085     1.0244     1.1426     21.435    30.2847    23.0949    0.90460    1.29277     39.488    6.35935    9.08814  0.000e+00
        888     21.571     31.286   3232.331   8879.381    11.0659   3.433474     1.0232     0.0061     0.1355     0.0085     1.0232     1.1426     21.390    30.2776    23.0895    0.90191    1.28892     39.370    6.35976    9.08873  0.000e+00
        889     21.482     31.157   3232.331   8879.194    11.0659   3.433312     1.0208     0.0073     0.1355     0.0085     1.0208     1.1426     21.302    30.2760    23.0883    0.89643    1.28109     39.131    6.35982    9.08882  0.000e+00
        890     21.392     31.027   3232.331   8879.007    11.0659   3.433150     1.0171     0.0061     0.1368     0.0085     1.0171     1.1633     21.213    30.2745    23.0871    0.88820    1.26933     38.772    6.35988    9.08891  0.000e+00
        891     21.303     30.897   3232.331   8879.007    11.0659   3.433150     1.0147     0.0061     0.1380     0.0085     1.0147     1.1839     21.124    30.2745    23.0871    0.88271    1.26148     38.532    6.35988    9.08891  0.000e+00
        892     21.213     30.767   3232.268   8878.447    11.0650   3.432663     1.0122     0.0061     0.1355     0.0085     1.0122     1.1426     21.036    30.2705    23.0842    0.87725    1.25368     38.294    6.36017    9.08932  0.000e+00
        893     21.124     30.637   3232.205   8878.447    11.0641   3.432663     1.0085     0.0061     0.1355     0.0085     1.0085     1.1426     20.947    30.2713    23.0850    0.86903    1.24193     37.935    6.36026    9.08945  0.000e+00
        894     21.079     30.572   3232.268   8878.260    11.0650   3.432501     1.0061     0.0073     0.1368     0.0085     1.0061     1.1633     20.902    30.2690    23.0830    0.86354    1.23408     37.695    6.36023    9.08941  0.000e+00
        895     20.945     30.378   3232.205   8877.887    11.0641   3.432176     1.0024     0.0073     0.1355     0.0085     1.0024     1.1426     20.769    30.2666    23.0813    0.85533    1.22235     37.337    6.36045    9.08972  0.000e+00
        896     20.855     30.248   3232.141   8877.513    11.0632   3.431852     0.9988     0.0073     0.1355     0.0085     0.9988     1.1426     20.681    30.2643    23.0796    0.84712    1.21062     36.979    6.36068    9.09004  0.000e+00
        897     20.811     30.183   3232.141   8877.513    11.0632   3.431852     0.9976     0.0073     0.1355     0.0085     0.9976     1.1426     20.636    30.2643    23.0797    0.84437    1.20669     36.859    6.36067    9.09004  0.000e+00
        898     20.676     29.988   3232.078   8877.700    11.0622   3.432014     0.9939     0.0073     0.1355     0.0085     0.9939     1.1426     20.503    30.2667    23.0817    0.83614    1.19492     36.499    6.36071    9.09008  0.000e+00
        899     20.587     29.859   3232.205   8877.326    11.0641   3.431689     0.9915     0.0073     0.1355     0.0085     0.9915     1.1426     20.414    30.2620    23.0777    0.83064    1.18706     36.259    6.36064    9.08999  0.000e+00
        900     20.453     29.664   3232.078   8877.139    11.0622   3.431527     0.9878     0.0073     0.1416     0.0085     0.9878     1.2459     20.281    30.2620    23.0780    0.82243    1.17533     35.901    6.36089    9.09035  0.000e+00
        901     20.318     29.469   3232.141   8877.139    11.0632   3.431527     0.9853     0.0061     0.1368     0.0085     0.9853     1.1633     20.148    30.2613    23.0773    0.81692    1.16746     35.661    6.36079    9.09021  0.000e+00
        902     20.229     29.339   3232.205   8876.766    11.0641   3.431202     0.9817     0.0061     0.1368     0.0085     0.9817     1.1633     20.059    30.2574    23.0742    0.80869    1.15570     35.302    6.36082    9.09025  0.000e+00
        903     20.139     29.210   3232.015   8876.579    11.0613   3.431040     0.9805     0.0061     0.1380     0.0085     0.9805     1.1839     19.971    30.2581    23.0752    0.80598    1.15183     35.183    6.36118    9.09076  0.000e+00
        904     20.050     29.080   3231.952   8876.579    11.0604   3.431040     0.9780     0.0061     0.1368     0.0085     0.9780     1.1633     19.882    30.2589    23.0759    0.80050    1.14399     34.944    6.36127    9.09089  0.000e+00
        905     19.960     28.950   3232.015   8876.205    11.0613   3.430716     0.9756     0.0073     0.1392     0.0085     0.9756     1.2046     19.793    30.2550    23.0728    0.79501    1.13615     34.704    6.36130    9.09093  0.000e+00
        906     19.871     28.820   3231.952   8876.018    11.0604   3.430553     0.9731     0.0061     0.1368     0.0085     0.9731     1.1633     19.705    30.2542    23.0723    0.78954    1.12833     34.466    6.36146    9.09116  0.000e+00
        907     19.737     28.626   3231.952   8875.645    11.0604   3.430229     0.9707     0.0073     0.1368     0.0085     0.9707     1.1633     19.571    30.2511    23.0699    0.78406    1.12049     34.226    6.36158    9.09134  0.000e+00
        908     19.647     28.496   3231.889   8875.271    11.0595   3.429904     0.9683     0.0073     0.1380     0.0085     0.9683     1.1839     19.483    30.2487    23.0682    0.77859    1.11268     33.988    6.36181    9.09166  0.000e+00
        909     19.602     28.431   3231.889   8875.271    11.0595   3.429904     0.9670     0.0073     0.1404     0.0085     0.9670     1.2253     19.438    30.2487    23.0682    0.77584    1.10876     33.868    6.36181    9.09166  0.000e+00
        910     19.468     28.236   3231.889   8874.897    11.0595   3.429580     0.9658     0.0061     0.1355     0.0085     0.9658     1.1426     19.305    30.2456    23.0658    0.77310    1.10484     33.748    6.36193    9.09184  0.000e+00
        911     19.379     28.106   3231.952   8874.524    11.0604   3.429255     0.9634     0.0073     0.1368     0.0085     0.9634     1.1633     19.216    30.2417    23.0626    0.76761    1.09700     33.509    6.36196    9.09188  0.000e+00
        912     19.289     27.977   3231.889   8874.337    11.0595   3.429093     0.9621     0.0061     0.1368     0.0085     0.9621     1.1633     19.128    30.2409    23.0621    0.76488    1.09309     33.390    6.36212    9.09210  0.000e+00
        913     19.200     27.847   3231.825   8874.337    11.0586   3.429093     0.9609     0.0073     0.1368     0.0085     0.9609     1.1633     19.039    30.2417    23.0629    0.76214    1.08918     33.270    6.36221    9.09224  0.000e+00
        914     19.066     27.652   3231.952   8873.215    11.0604   3.428119     0.9597     0.0073     0.1368     0.0085     0.9597     1.1633     18.906    30.2307    23.0540    0.75941    1.08527     33.151    6.36240    9.09251  0.000e+00
