unitTesting/processed_seabird_noalign/ORCA1_CAST0022.cnv
* Sea-Bird SBE 19 Data File:
* FileName =
* Software Version 4.234
* Temperature SN = 2835
* Conductivity SN = 2835
* System UpLoad Time = Mon Jan 24 11:58:08 2005

** Ship: ORCA
** Cruise: Mooring
** Station: Twanoh
** Latitude: 47 22.5
** Longitude: 123 0.5
# nquan = 22
# nvalues = 873                                   
# units = specified
# name 0 = scan: Scan Count
# name 1 = prSM: Pressure, Strain Gauge [db]
# name 2 = prSE: Pressure, Strain Gauge [psi]
# name 3 = f0: Frequency 0
# name 4 = f1: Frequency 1
# name 5 = t090C: Temperature [ITS-90, deg C]
# name 6 = c0S/m: Conductivity [S/m]
# name 7 = v0: Voltage 0
# name 8 = v1: Voltage 1
# name 9 = v2: Voltage 2
# name 10 = v3: Voltage 3
# name 11 = sbeox0V: Oxygen raw, SBE 43 [V]
# name 12 = wetStar: Fluorescence, WET Labs WETstar [mg/m^3]
# name 13 = depSM: Depth [salt water, m], lat = 47.28
# name 14 = sal00: Salinity, Practical [PSU]
# name 15 = sigma-t00: Density [sigma-t, Kg/m^3 ]
# name 16 = sbeox0ML/L: Oxygen, SBE 43 [ml/l]
# name 17 = sbeox0Mg/L: Oxygen, SBE 43 [mg/l]
# name 18 = sbeox0Mm/Kg: Oxygen, SBE 43 [umol/Kg]
# name 19 = oxsatML/L: Oxygen Saturation, Weiss [ml/l]
# name 20 = oxsatMg/L: Oxygen Saturation, Weiss [mg/l]
# name 21 = flag:  0.000e+00
# span 0 =          1,        873                 
# span 1 =      0.951,     29.627                 
# span 2 =      1.380,     42.970                 
# span 3 =   3104.761,   3232.848                 
# span 4 =   7625.112,   8897.673                 
# span 5 =     9.1893,    11.0734                 
# span 6 =   2.421764,   3.449384                 
# span 7 =     0.0000,     2.8364                 
# span 8 =     0.0000,     0.0073                 
# span 9 =     0.0000,     0.2759                 
# span 10 =     0.0000,     0.0098                
# span 11 =     0.0000,     2.8364                
# span 12 =    -1.1506,     3.5185                
# span 13 =      0.943,     29.378                
# span 14 =    21.7073,    30.4300                
# span 15 =    16.7071,    23.2080                
# span 16 =   -1.39470,    5.13917                
# span 17 =   -1.99316,    7.34439                
# span 18 =    -60.881,    224.647                
# span 19 =    6.35359,    7.00277                
# span 20 =    9.07991,   10.00766                
# span 21 = 0.0000e+00, 0.0000e+00                
# interval = seconds: 0.5
# start_time = Jan 31 2016 20:27:17 [DatCnv date, localtime]
# bad_flag = -9.990e-29
*END*
[from data line 791]
        792     27.568     39.984   3232.269   8895.991    11.0650   3.447919     1.1844     0.0073     0.1331     0.0085     1.1844     1.1013     27.337    30.4172    23.1982    1.26372    1.80598     55.158    6.35429    9.08092  0.000e+00
        793     27.434     39.789   3232.332   8895.618    11.0659   3.447595     1.1832     0.0073     0.1355     0.0085     1.1832     1.1426     27.203    30.4134    23.1951    1.26096    1.80204     55.038    6.35432    9.08096  0.000e+00
        794     27.344     39.659   3232.332   8895.431    11.0659   3.447432     1.1832     0.0073     0.1343     0.0085     1.1832     1.1220     27.115    30.4118    23.1938    1.26096    1.80204     55.038    6.35438    9.08104  0.000e+00
        795     27.255     39.529   3232.332   8895.431    11.0659   3.447432     1.1832     0.0073     0.1343     0.0085     1.1832     1.1220     27.026    30.4118    23.1939    1.26094    1.80201     55.037    6.35438    9.08104  0.000e+00
        796     27.165     39.400   3232.269   8895.430    11.0650   3.447432     1.1832     0.0073     0.1331     0.0098     1.1832     1.1013     26.937    30.4126    23.1946    1.26094    1.80202     55.037    6.35447    9.08118  0.000e+00
        797     27.076     39.270   3232.333   8895.244    11.0659   3.447269     1.1832     0.0073     0.1343     0.0085     1.1832     1.1220     26.848    30.4103    23.1927    1.26092    1.80199     55.036    6.35444    9.08113  0.000e+00
        798     26.941     39.075   3232.269   8895.244    11.0650   3.447269     1.1844     0.0073     0.1343     0.0085     1.1844     1.1220     26.715    30.4111    23.1935    1.26366    1.80590     55.156    6.35453    9.08126  0.000e+00
        799     26.852     38.945   3232.270   8895.057    11.0650   3.447106     1.1844     0.0073     0.1343     0.0085     1.1844     1.1220     26.627    30.4096    23.1923    1.26366    1.80589     55.156    6.35460    9.08135  0.000e+00
        800     26.762     38.815   3232.206   8895.057    11.0641   3.447106     1.1844     0.0073     0.1331     0.0085     1.1844     1.1013     26.538    30.4104    23.1930    1.26366    1.80589     55.156    6.35469    9.08149  0.000e+00
        801     26.673     38.686   3232.270   8894.870    11.0650   3.446944     1.1832     0.0073     0.1331     0.0085     1.1832     1.1013     26.449    30.4080    23.1911    1.26090    1.80195     55.035    6.35466    9.08144  0.000e+00
        802     26.628     38.621   3232.207   8894.870    11.0641   3.446944     1.1844     0.0073     0.1331     0.0098     1.1844     1.1013     26.405    30.4088    23.1918    1.26365    1.80588     55.155    6.35475    9.08158  0.000e+00
        803     26.539     38.491   3232.270   8895.056    11.0650   3.447106     1.1844     0.0073     0.1343     0.0085     1.1844     1.1220     26.316    30.4097    23.1923    1.26360    1.80581     55.153    6.35459    9.08135  0.000e+00
        804     26.404     38.296   3232.333   8894.869    11.0659   3.446943     1.1844     0.0061     0.1343     0.0085     1.1844     1.1220     26.183    30.4074    23.1904    1.26357    1.80577     55.152    6.35456    9.08130  0.000e+00
        805     26.315     38.166   3232.207   8894.683    11.0641   3.446781     1.1844     0.0073     0.1331     0.0098     1.1844     1.1013     26.094    30.4073    23.1907    1.26361    1.80582     55.154    6.35481    9.08166  0.000e+00
        806     26.136     37.907   3232.270   8894.682    11.0650   3.446780     1.1832     0.0061     0.1331     0.0085     1.1832     1.1013     25.916    30.4067    23.1900    1.26082    1.80183     55.032    6.35471    9.08152  0.000e+00
        807     26.046     37.777   3232.334   8894.123    11.0659   3.446293     1.1844     0.0073     0.1331     0.0085     1.1844     1.1013     25.828    30.4012    23.1856    1.26356    1.80576     55.152    6.35480    9.08165  0.000e+00
        808     25.957     37.647   3232.207   8894.309    11.0641   3.446455     1.1844     0.0073     0.1331     0.0085     1.1844     1.1013     25.739    30.4043    23.1883    1.26357    1.80577     55.152    6.35493    9.08183  0.000e+00
        809     25.822     37.452   3232.271   8894.495    11.0650   3.446617     1.1844     0.0073     0.1319     0.0085     1.1844     1.0806     25.606    30.4052    23.1888    1.26352    1.80569     55.150    6.35477    9.08160  0.000e+00
        810     25.733     37.322   3232.271   8894.495    11.0650   3.446617     1.1832     0.0073     0.1343     0.0098     1.1832     1.1220     25.517    30.4052    23.1889    1.26076    1.80175     55.029    6.35477    9.08160  0.000e+00
        811     25.643     37.193   3232.271   8894.495    11.0650   3.446617     1.1844     0.0073     0.1380     0.0085     1.1844     1.1839     25.428    30.4052    23.1889    1.26348    1.80565     55.148    6.35477    9.08160  0.000e+00
        812     25.554     37.063   3232.271   8894.122    11.0650   3.446292     1.1844     0.0073     0.1355     0.0085     1.1844     1.1426     25.340    30.4021    23.1865    1.26349    1.80566     55.149    6.35489    9.08178  0.000e+00
        813     25.420     36.868   3232.271   8893.749    11.0650   3.445967     1.1844     0.0061     0.1319     0.0085     1.1844     1.0806     25.206    30.3990    23.1840    1.26350    1.80566     55.149    6.35502    9.08195  0.000e+00
        814     25.330     36.738   3232.271   8893.748    11.0650   3.445967     1.1844     0.0073     0.1331     0.0085     1.1844     1.1013     25.118    30.3990    23.1841    1.26348    1.80564     55.148    6.35502    9.08195  0.000e+00
        815     25.241     36.608   3232.334   8893.562    11.0660   3.445805     1.1856     0.0073     0.1343     0.0085     1.1856     1.1220     25.029    30.3967    23.1821    1.26620    1.80953     55.267    6.35498    9.08190  0.000e+00
        816     25.106     36.414   3232.208   8893.375    11.0641   3.445642     1.1856     0.0061     0.1331     0.0085     1.1856     1.1013     24.896    30.3967    23.1824    1.26623    1.80956     55.268    6.35524    9.08227  0.000e+00
        817     25.017     36.284   3232.208   8893.375    11.0641   3.445642     1.1856     0.0073     0.1331     0.0085     1.1856     1.1013     24.807    30.3967    23.1824    1.26621    1.80954     55.268    6.35523    9.08226  0.000e+00
        818     24.927     36.154   3232.272   8893.374    11.0650   3.445642     1.1844     0.0073     0.1331     0.0085     1.1844     1.1013     24.718    30.3960    23.1817    1.26344    1.80558     55.147    6.35514    9.08212  0.000e+00
        819     24.793     35.959   3232.335   8893.374    11.0660   3.445641     1.1832     0.0073     0.1331     0.0085     1.1832     1.1013     24.585    30.3953    23.1810    1.26065    1.80160     55.025    6.35504    9.08198  0.000e+00
        820     24.704     35.830   3232.272   8893.374    11.0650   3.445641     1.1844     0.0073     0.1331     0.0085     1.1844     1.1013     24.496    30.3961    23.1818    1.26340    1.80552     55.145    6.35513    9.08212  0.000e+00
        821     24.569     35.635   3232.272   8893.374    11.0651   3.445641     1.1844     0.0073     0.1331     0.0085     1.1844     1.1013     24.363    30.3961    23.1818    1.26337    1.80549     55.144    6.35513    9.08212  0.000e+00
        822     24.525     35.570   3232.272   8893.374    11.0651   3.445641     1.1844     0.0073     0.1331     0.0085     1.1844     1.1013     24.319    30.3961    23.1818    1.26337    1.80548     55.144    6.35513    9.08212  0.000e+00
        823     24.390     35.375   3232.272   8893.560    11.0651   3.445803     1.1844     0.0073     0.1319     0.0085     1.1844     1.0806     24.186    30.3978    23.1831    1.26333    1.80542     55.142    6.35506    9.08202  0.000e+00
        824     24.301     35.245   3232.209   8893.373    11.0641   3.445640     1.1844     0.0073     0.1331     0.0085     1.1844     1.1013     24.097    30.3970    23.1826    1.26334    1.80545     55.143    6.35522    9.08225  0.000e+00
        825     24.211     35.116   3232.272   8893.373    11.0651   3.445640     1.1844     0.0073     0.1331     0.0085     1.1844     1.1013     24.008    30.3962    23.1819    1.26331    1.80540     55.141    6.35512    9.08211  0.000e+00
        826     24.077     34.921   3232.272   8893.373    11.0651   3.445640     1.1832     0.0073     0.1331     0.0085     1.1832     1.1013     23.875    30.3963    23.1819    1.26055    1.80145     55.021    6.35512    9.08210  0.000e+00
        827     23.988     34.791   3232.209   8893.372    11.0641   3.445640     1.1844     0.0073     0.1319     0.0085     1.1844     1.0806     23.787    30.3971    23.1827    1.26329    1.80537     55.140    6.35522    9.08224  0.000e+00
        828     23.898     34.661   3232.273   8893.372    11.0651   3.445639     1.1844     0.0073     0.1331     0.0085     1.1844     1.1013     23.698    30.3964    23.1820    1.26326    1.80532     55.139    6.35512    9.08210  0.000e+00
        829     23.764     34.467   3232.273   8892.999    11.0651   3.445315     1.1832     0.0061     0.1331     0.0085     1.1832     1.1013     23.565    30.3932    23.1796    1.26052    1.80141     55.019    6.35524    9.08228  0.000e+00
        830     23.674     34.337   3232.210   8893.185    11.0641   3.445477     1.1844     0.0061     0.1331     0.0085     1.1844     1.1013     23.476    30.3956    23.1816    1.26325    1.80531     55.138    6.35528    9.08232  0.000e+00
        831     23.585     34.207   3232.273   8893.185    11.0651   3.445476     1.1844     0.0073     0.1331     0.0085     1.1844     1.1013     23.387    30.3949    23.1808    1.26322    1.80526     55.137    6.35518    9.08218  0.000e+00
        832     23.451     34.012   3232.210   8892.998    11.0642   3.445314     1.1844     0.0073     0.1319     0.0085     1.1844     1.0806     23.254    30.3941    23.1804    1.26322    1.80527     55.137    6.35534    9.08241  0.000e+00
        833     23.361     33.882   3232.273   8892.812    11.0651   3.445151     1.1856     0.0073     0.1355     0.0085     1.1856     1.1426     23.165    30.3918    23.1784    1.26594    1.80916     55.256    6.35530    9.08236  0.000e+00
        834     23.182     33.623   3232.273   8893.184    11.0651   3.445476     1.1844     0.0073     0.1319     0.0098     1.1844     1.0806     22.988    30.3950    23.1810    1.26315    1.80516     55.134    6.35517    9.08217  0.000e+00
        835     23.093     33.493   3232.336   8892.998    11.0660   3.445313     1.1844     0.0073     0.1343     0.0085     1.1844     1.1220     22.899    30.3927    23.1790    1.26312    1.80513     55.133    6.35514    9.08213  0.000e+00
        836     22.958     33.298   3232.273   8892.624    11.0651   3.444989     1.1844     0.0061     0.1331     0.0085     1.1844     1.1013     22.766    30.3904    23.1773    1.26314    1.80516     55.134    6.35536    9.08244  0.000e+00
        837     22.869     33.169   3232.273   8892.438    11.0651   3.444826     1.1844     0.0073     0.1343     0.0085     1.1844     1.1220     22.677    30.3888    23.1761    1.26314    1.80516     55.134    6.35542    9.08253  0.000e+00
        838     22.779     33.039   3232.210   8892.624    11.0642   3.444988     1.1832     0.0073     0.1319     0.0085     1.1832     1.0806     22.588    30.3912    23.1781    1.26039    1.80122     55.014    6.35545    9.08258  0.000e+00
        839     22.645     32.844   3232.274   8892.624    11.0651   3.444988     1.1844     0.0061     0.1331     0.0085     1.1844     1.1013     22.455    30.3905    23.1774    1.26309    1.80508     55.132    6.35535    9.08243  0.000e+00
        840     22.556     32.714   3232.211   8892.810    11.0642   3.445150     1.1844     0.0073     0.1331     0.0085     1.1844     1.1013     22.367    30.3928    23.1794    1.26308    1.80507     55.131    6.35538    9.08248  0.000e+00
        841     22.466     32.584   3232.274   8892.250    11.0651   3.444663     1.1856     0.0073     0.1331     0.0085     1.1856     1.1013     22.278    30.3874    23.1750    1.26582    1.80899     55.251    6.35548    9.08261  0.000e+00
        842     22.377     32.455   3232.211   8892.250    11.0642   3.444663     1.1844     0.0073     0.1331     0.0085     1.1844     1.1013     22.189    30.3881    23.1758    1.26309    1.80508     55.132    6.35557    9.08275  0.000e+00
        843     22.287     32.325   3232.211   8892.250    11.0642   3.444662     1.1856     0.0073     0.1319     0.0085     1.1856     1.0806     22.100    30.3882    23.1758    1.26581    1.80897     55.251    6.35557    9.08275  0.000e+00
        844     22.198     32.195   3232.337   8891.877    11.0660   3.444338     1.1844     0.0073     0.1331     0.0085     1.1844     1.1013     22.012    30.3835    23.1718    1.26304    1.80502     55.130    6.35550    9.08265  0.000e+00
        845     22.063     32.000   3232.295   8891.814    11.0654   3.444283     1.1856     0.0073     0.1319     0.0085     1.1856     1.0806     21.879    30.3835    23.1720    1.26578    1.80892     55.249    6.35559    9.08277  0.000e+00
        846     22.019     31.935   3232.253   8891.752    11.0648   3.444229     1.1844     0.0073     0.1331     0.0073     1.1844     1.1013     21.834    30.3835    23.1721    1.26305    1.80502     55.130    6.35567    9.08289  0.000e+00
        847     21.884     31.741   3232.211   8891.690    11.0642   3.444175     1.1856     0.0073     0.1331     0.0085     1.1856     1.1013     21.701    30.3836    23.1722    1.26578    1.80892     55.249    6.35575    9.08301  0.000e+00
        848     21.795     31.611   3232.211   8891.503    11.0642   3.444013     1.1856     0.0073     0.1343     0.0085     1.1856     1.1220     21.612    30.3820    23.1710    1.26578    1.80892     55.249    6.35582    9.08310  0.000e+00
        849     21.705     31.481   3232.274   8891.130    11.0651   3.443688     1.1844     0.0073     0.1331     0.0085     1.1844     1.1013     21.524    30.3781    23.1678    1.26303    1.80499     55.130    6.35585    9.08314  0.000e+00
        850     21.571     31.286   3232.211   8890.757    11.0642   3.443364     1.1844     0.0073     0.1331     0.0085     1.1844     1.1013     21.390    30.3758    23.1661    1.26305    1.80502     55.130    6.35607    9.08346  0.000e+00
        851     21.482     31.157   3232.274   8890.571    11.0651   3.443201     1.1844     0.0073     0.1319     0.0085     1.1844     1.0806     21.302    30.3734    23.1642    1.26303    1.80499     55.130    6.35603    9.08341  0.000e+00
        852     21.392     31.027   3232.274   8890.571    11.0651   3.443201     1.1844     0.0073     0.1306     0.0085     1.1844     1.0600     21.213    30.3735    23.1642    1.26301    1.80497     55.129    6.35603    9.08340  0.000e+00
        853     21.303     30.897   3232.211   8890.757    11.0642   3.443364     1.1856     0.0073     0.1331     0.0085     1.1856     1.1013     21.124    30.3759    23.1662    1.26574    1.80887     55.248    6.35606    9.08345  0.000e+00
        854     21.213     30.767   3232.211   8890.757    11.0642   3.443364     1.1832     0.0073     0.1331     0.0085     1.1832     1.1013     21.036    30.3759    23.1662    1.26025    1.80102     55.008    6.35606    9.08345  0.000e+00
        855     21.124     30.637   3232.211   8890.757    11.0642   3.443364     1.1844     0.0073     0.1343     0.0085     1.1844     1.1220     20.947    30.3759    23.1663    1.26297    1.80491     55.127    6.35606    9.08345  0.000e+00
