unitTesting/processed_seabird_noalign/ORCA1_CAST0019.cnv
* Sea-Bird SBE 19 Data File:
* FileName =
* Software Version 4.234
* Temperature SN = 2835
* Conductivity SN = 2835
* System UpLoad Time = Sun Jan 23 17:56:53 2005

** Ship: ORCA
** Cruise: Mooring
** Station: Twanoh
** Latitude: 47 22.5
** Longitude: 123 0.5
# nquan = 22
# nvalues = 916                                   
# units = specified
# name 0 = scan: Scan Count
# name 1 = prSM: Pressure, Strain Gauge [db]
# name 2 = prSE: Pressure, Strain Gauge [psi]
# name 3 = f0: Frequency 0
# name 4 = f1: Frequency 1
# name 5 = t090C: Temperature [ITS-90, deg C]
# name 6 = c0S/m: Conductivity [S/m]
# name 7 = v0: Voltage 0
# name 8 = v1: Voltage 1
# name 9 = v2: Voltage 2
# name 10 = v3: Voltage 3
# name 11 = sbeox0V: Oxygen raw, SBE 43 [V]
# name 12 = wetStar: Fluorescence, WET Labs WETstar [mg/m^3]
# name 13 = depSM: Depth [salt water, m], lat = 47.28
# name 14 = sal00: Salinity, Practical [PSU]
# name 15 = sigma-t00: Density [sigma-t, Kg/m^3 ]
# name 16 = sbeox0ML/L: Oxygen, SBE 43 [ml/l]
# name 17 = sbeox0Mg/L: Oxygen, SBE 43 [mg/l]
# name 18 = sbeox0Mm/Kg: Oxygen, SBE 43 [umol/Kg]
# name 19 = oxsatML/L: Oxygen Saturation, Weiss [ml/l]
# name 20 = oxsatMg/L: Oxygen Saturation, Weiss [mg/l]
# name 21 = flag:  0.000e+00
# span 0 =          1,        916                 
# span 1 =      0.951,     29.672                 
# span 2 =      1.380,     43.035                 
# span 3 =   3069.993,   3234.459                 
# span 4 =   7212.979,   8905.950                 
# span 5 =     8.6684,    11.0968                 
# span 6 =   2.123315,   3.456593                 
# span 7 =     0.0000,     3.2063                 
# span 8 =     0.0000,     0.0073                 
# span 9 =     0.0000,     0.3895                 
# span 10 =     0.0000,     0.0098                
# span 11 =     0.0000,     3.2063                
# span 12 =    -1.1506,     5.4398                
# span 13 =      0.943,     29.422                
# span 14 =    18.9857,    30.5002                
# span 15 =    14.6307,    23.2625                
# span 16 =   -1.39503,    6.44322                
# span 17 =   -1.99364,    9.20800                
# span 18 =    -60.898,    283.425                
# span 19 =    6.35078,    7.19011                
# span 20 =    9.07590,   10.27538                
# span 21 = 0.0000e+00, 0.0000e+00                
# interval = seconds: 0.5
# start_time = Jan 31 2016 20:27:15 [DatCnv date, localtime]
# bad_flag = -9.990e-29
*END*
[from data line 527]
        528      3.589      5.206   3167.380   8561.714    10.1171   3.162511     3.1087     0.0073     0.2039     0.0098     3.1087     2.2995      3.559    28.3775    21.7680    5.74941    8.21649    251.299    6.57244    9.39267  0.000e+00
        529      3.723      5.400   3167.570   8594.967    10.1199   3.190407     3.0635     0.0073     0.2735     0.0085     3.0635     3.4771      3.692    28.6522    21.9815    5.63492    8.05287    246.243    6.56058    9.37573  0.000e+00
        530      3.813      5.530   3168.708   8599.594    10.1367   3.194297     3.0098     0.0073     0.2515     0.0085     3.0098     3.1053      3.781    28.6776    21.9986    5.50822    7.87179    240.702    6.55709    9.37074  0.000e+00
        531      3.947      5.725   3168.897   8600.747    10.1394   3.195268     2.9524     0.0073     0.2723     0.0098     2.9524     3.4565      3.914    28.6850    22.0039    5.37539    7.68197    234.896    6.55638    9.36972  0.000e+00
        532      4.081      5.919   3168.960   8604.022    10.1404   3.198022     2.8950     0.0073     0.2759     0.0085     2.8950     3.5185      4.047    28.7115    22.0244    5.24216    7.49157    229.070    6.55514    9.36794  0.000e+00
        533      4.215      6.114   3168.770   8607.681    10.1376   3.201102     2.8364     0.0073     0.3138     0.0098     2.8364     4.1589      4.180    28.7443    22.0504    5.10635    7.29749    223.130    6.55418    9.36658  0.000e+00
        534      4.349      6.308   3168.517   8612.301    10.1339   3.204992     2.7766     0.0073     0.3236     0.0085     2.7766     4.3242      4.313    28.7858    22.0833    4.96758    7.09917    217.059    6.55299    9.36488  0.000e+00
        535      4.484      6.503   3169.213   8624.037    10.1441   3.214884     2.7167     0.0073     0.3516     0.0085     2.7167     4.7993      4.446    28.8759    22.1519    4.82597    6.89680    210.857    6.54776    9.35741  0.000e+00
        536      4.573      6.633   3170.793   8627.110    10.1673   3.217476     2.6532     0.0073     0.3895     0.0098     2.6532     5.4398      4.535    28.8831    22.1538    4.67731    6.68434    204.361    6.54408    9.35215  0.000e+00
        537      4.707      6.827   3171.299   8630.567    10.1748   3.220394     2.5897     0.0061     0.3492     0.0085     2.5897     4.7580      4.668    28.9061    22.1705    4.52986    6.47363    197.916    6.54205    9.34925  0.000e+00
        538      4.841      7.022   3172.247   8644.773    10.1887   3.232394     2.5287     0.0073     0.3211     0.0085     2.5287     4.2828      4.801    29.0142    22.2524    4.38516    6.26683    191.578    6.53555    9.33995  0.000e+00
        539      4.975      7.216   3174.902   8652.249    10.2277   3.238718     2.4689     0.0061     0.3089     0.0085     2.4689     4.0763      4.934    29.0457    22.2707    4.24339    6.06422    185.381    6.52859    9.33001  0.000e+00
        540      5.065      7.346   3177.558   8678.659    10.2667   3.261101     2.4115     0.0073     0.2686     0.0098     2.4115     3.3945      5.023    29.2365    22.4130    4.10333    5.86406    179.237    6.51507    9.31069  0.000e+00
        541      5.199      7.541   3182.173   8690.306    10.3344   3.270993     2.3590     0.0061     0.2283     0.0085     2.3590     2.7127      5.156    29.2801    22.4359    3.97636    5.68261    173.687    6.50352    9.29418  0.000e+00
        542      5.333      7.735   3184.702   8692.593    10.3715   3.272937     2.3053     0.0073     0.2405     0.0085     2.3053     2.9193      5.289    29.2694    22.4216    3.85078    5.50315    168.204    6.49863    9.28720  0.000e+00
        543      5.423      7.865   3185.523   8692.971    10.3835   3.273258     2.2576     0.0073     0.2137     0.0085     2.2576     2.4648      5.377    29.2629    22.4146    3.74114    5.34646    163.416    6.49717    9.28511  0.000e+00
        544      5.602      8.124   3185.902   8706.694    10.3891   3.284936     2.2161     0.0073     0.2308     0.0085     2.2161     2.7541      5.555    29.3739    22.5001    3.64332    5.20667    159.130    6.49181    9.27744  0.000e+00
        545      5.736      8.319   3189.316   8725.339    10.4391   3.300831     2.1770     0.0073     0.2198     0.0098     2.1770     2.5681      5.688    29.4908    22.5829    3.54782    5.07019    154.946    6.47985    9.26036  0.000e+00
        546      5.825      8.449   3193.299   8742.048    10.4974   3.315105     2.1441     0.0073     0.2137     0.0085     2.1441     2.4648      5.777    29.5847    22.6464    3.46643    4.95388    151.383    6.46769    9.24297  0.000e+00
        547      5.959      8.643   3196.966   8759.671    10.5510   3.330190     2.1136     0.0073     0.2063     0.0085     2.1136     2.3409      5.910    29.6901    22.7196    3.39098    4.84605    148.077    6.45575    9.22591  0.000e+00
        548      6.049      8.773   3201.075   8769.319    10.6110   3.338461     2.0867     0.0073     0.1880     0.0085     2.0867     2.0310      5.998    29.7228    22.7351    3.32517    4.75200    145.201    6.44590    9.21183  0.000e+00
        549      6.272      9.097   3203.414   8770.828    10.6452   3.339755     2.0586     0.0073     0.1990     0.0085     2.0586     2.2169      6.220    29.7077    22.7177    3.25956    4.65823    142.338    6.44168    9.20580  0.000e+00
        550      6.407      9.292   3204.299   8774.417    10.6581   3.342835     2.0342     0.0073     0.1893     0.0098     2.0342     2.0516      6.353    29.7275    22.7309    3.20298    4.57737    139.866    6.43904    9.20204  0.000e+00
        551      6.541      9.486   3204.931   8775.548    10.6673   3.343806     2.0073     0.0073     0.1966     0.0098     2.0073     2.1756      6.486    29.7295    22.7309    3.14149    4.48951    137.181    6.43766    9.20006  0.000e+00
        552      6.675      9.681   3205.310   8777.434    10.6728   3.345425     1.9817     0.0073     0.1929     0.0085     1.9817     2.1136      6.619    29.7409    22.7389    3.08285    4.40570    134.619    6.43641    9.19828  0.000e+00
        553      6.764      9.811   3205.499   8777.620    10.6756   3.345584     1.9585     0.0073     0.1990     0.0098     1.9585     2.2169      6.708    29.7402    22.7379    3.03015    4.33039    132.318    6.43605    9.19776  0.000e+00
        554      6.898     10.005   3205.815   8779.884    10.6802   3.347529     1.9316     0.0073     0.2063     0.0085     1.9316     2.3409      6.841    29.7556    22.7490    2.96875    4.24265    129.635    6.43478    9.19594  0.000e+00
        555      6.988     10.135   3206.131   8779.881    10.6848   3.347526     1.9084     0.0073     0.2039     0.0085     1.9084     2.2995      6.930    29.7518    22.7453    2.91601    4.16728    127.333    6.43428    9.19523  0.000e+00
        556      7.122     10.330   3206.194   8779.877    10.6857   3.347523     1.8816     0.0073     0.2088     0.0085     1.8816     2.3822      7.063    29.7509    22.7445    2.85516    4.08031    124.676    6.43418    9.19509  0.000e+00
        557      7.256     10.524   3206.573   8785.917    10.6913   3.352712     1.8547     0.0073     0.2051     0.0085     1.8547     2.3202      7.196    29.7975    22.7798    2.79321    3.99177    121.966    6.43151    9.19127  0.000e+00
        558      7.390     10.719   3207.585   8789.688    10.7060   3.355954     1.8278     0.0061     0.1941     0.0085     1.8278     2.1343      7.329    29.8173    22.7928    2.73124    3.90322    119.259    6.42862    9.18715  0.000e+00
        559      7.480     10.849   3208.596   8791.949    10.7208   3.357898     1.8022     0.0073     0.1966     0.0085     1.8022     2.1756      7.417    29.8244    22.7958    2.67229    3.81897    116.685    6.42626    9.18377  0.000e+00
        560      7.569     10.978   3209.102   8792.700    10.7281   3.358544     1.7717     0.0073     0.1893     0.0085     1.7717     2.0516      7.506    29.8247    22.7948    2.60284    3.71971    113.652    6.42521    9.18226  0.000e+00
        561      7.703     11.173   3209.354   8794.017    10.7318   3.359677     1.7460     0.0073     0.1807     0.0085     1.7460     1.9070      7.639    29.8328    22.8005    2.54454    3.63640    111.106    6.42436    9.18105  0.000e+00
        562      7.793     11.303   3209.544   8796.654    10.7346   3.361945     1.7216     0.0073     0.1734     0.0098     1.7216     1.7831      7.728    29.8528    22.8156    2.48885    3.55682    108.673    6.42316    9.17933  0.000e+00
        563      7.927     11.497   3210.239   8799.855    10.7447   3.364700     1.6972     0.0073     0.1893     0.0085     1.6972     2.0516      7.861    29.8716    22.8285    2.43285    3.47679    106.226    6.42097    9.17621  0.000e+00
        564      8.017     11.627   3211.124   8803.244    10.7576   3.367618     1.6764     0.0073     0.1819     0.0098     1.6764     1.9277      7.950    29.8898    22.8405    2.38503    3.40845    104.137    6.41842    9.17256  0.000e+00
        565      8.106     11.757   3211.945   8807.007    10.7696   3.370860     1.6593     0.0073     0.1709     0.0085     1.6593     1.7417      8.038    29.9118    22.8556    2.34551    3.35197    102.410    6.41584    9.16888  0.000e+00
        566      8.240     11.951   3213.209   8815.286    10.7880   3.377996     1.6398     0.0073     0.1697     0.0085     1.6398     1.7211      8.171    29.9669    22.8953    2.29973    3.28655    100.407    6.41102    9.16200  0.000e+00
        567      8.330     12.081   3215.169   8823.933    10.8165   3.385456     1.6215     0.0073     0.1648     0.0085     1.6215     1.6385      8.260    30.0169    22.9294    2.25637    3.22457     98.511    6.40500    9.15339  0.000e+00
        568      8.464     12.276   3217.255   8831.070    10.8469   3.391619     1.6056     0.0073     0.1746     0.0085     1.6056     1.8037      8.393    30.0525    22.9519    2.21871    3.17076     96.864    6.39931    9.14525  0.000e+00
        569      8.553     12.405   3219.151   8837.262    10.8745   3.396970     1.5922     0.0073     0.1819     0.0085     1.5922     1.9277      8.482    30.0824    22.9705    2.18681    3.12517     95.470    6.39424    9.13801  0.000e+00
        570      8.643     12.535   3220.731   8839.135    10.8975   3.398590     1.5800     0.0073     0.1832     0.0085     1.5800     1.9483      8.571    30.0794    22.9643    2.15836    3.08451     94.228    6.39115    9.13360  0.000e+00
        571      8.777     12.730   3221.427   8839.695    10.9076   3.399073     1.5678     0.0061     0.1661     0.0085     1.5678     1.6591      8.704    30.0758    22.9597    2.13051    3.04471     93.013    6.38989    9.13179  0.000e+00
        572      8.777     12.730   3221.553   8841.004    10.9094   3.400206     1.5556     0.0073     0.1636     0.0098     1.5556     1.6178      8.704    30.0854    22.9669    2.10281    3.00513     91.803    6.38924    9.13087  0.000e+00
        573      9.000     13.054   3221.869   8841.564    10.9140   3.400690     1.5433     0.0061     0.1661     0.0085     1.5433     1.6591      8.925    30.0863    22.9668    2.07518    2.96564     90.597    6.38857    9.12990  0.000e+00
        574      9.179     13.314   3222.121   8842.873    10.9177   3.401823     1.5336     0.0073     0.1624     0.0085     1.5336     1.5971      9.103    30.0943    22.9724    2.05298    2.93391     89.627    6.38773    9.12871  0.000e+00
        575      9.224     13.378   3222.690   8845.496    10.9259   3.404092     1.5226     0.0073     0.1563     0.0085     1.5226     1.4938      9.147    30.1098    22.9830    2.02772    2.89781     88.523    6.38596    9.12617  0.000e+00
        576      9.358     13.573   3222.943   8846.242    10.9296   3.404738     1.5116     0.0073     0.1746     0.0085     1.5116     1.8037      9.280    30.1130    22.9850    2.00283    2.86225     87.437    6.38531    9.12525  0.000e+00
        577      9.448     13.703   3223.259   8847.176    10.9342   3.405546     1.5018     0.0073     0.1685     0.0085     1.5018     1.7004      9.369    30.1171    22.9874    1.98064    2.83053     86.468    6.38451    9.12410  0.000e+00
        578      9.537     13.832   3223.385   8847.360    10.9360   3.405705     1.4896     0.0061     0.1551     0.0085     1.4896     1.4732      9.458    30.1172    22.9871    1.95312    2.79120     85.266    6.38425    9.12373  0.000e+00
        579      9.627     13.962   3223.448   8847.732    10.9369   3.406027     1.4774     0.0073     0.1600     0.0085     1.4774     1.5558      9.546    30.1195    22.9888    1.92561    2.75189     84.065    6.38403    9.12341  0.000e+00
        580      9.716     14.092   3223.637   8848.103    10.9397   3.406349     1.4652     0.0073     0.1612     0.0085     1.4652     1.5765      9.635    30.1204    22.9890    1.89804    2.71249     82.862    6.38361    9.12281  0.000e+00
        581      9.850     14.287   3223.700   8847.912    10.9406   3.406184     1.4530     0.0073     0.1612     0.0085     1.4530     1.5765      9.768    30.1180    22.9869    1.87060    2.67328     81.664    6.38358    9.12277  0.000e+00
        582      9.984     14.481   3223.637   8847.909    10.9397   3.406181     1.4420     0.0073     0.1551     0.0098     1.4420     1.4732      9.901    30.1186    22.9876    1.84594    2.63804     80.587    6.38368    9.12292  0.000e+00
        583     10.074     14.611   3223.700   8848.093    10.9406   3.406340     1.4310     0.0073     0.1465     0.0085     1.4310     1.3286      9.990    30.1194    22.9881    1.82120    2.60267     79.507    6.38352    9.12269  0.000e+00
        584     10.163     14.741   3223.700   8848.090    10.9406   3.406337     1.4212     0.0073     0.1441     0.0085     1.4212     1.2872     10.078    30.1194    22.9880    1.79924    2.57130     78.549    6.38352    9.12269  0.000e+00
        585     10.298     14.935   3223.763   8848.461    10.9415   3.406659     1.4115     0.0073     0.1453     0.0085     1.4115     1.3079     10.212    30.1217    22.9897    1.77724    2.53986     77.588    6.38330    9.12238  0.000e+00
        586     10.432     15.130   3223.889   8848.833    10.9434   3.406980     1.4005     0.0061     0.1453     0.0085     1.4005     1.3079     10.345    30.1233    22.9906    1.75247    2.50445     76.506    6.38298    9.12192  0.000e+00
        587     10.521     15.260   3223.952   8848.455    10.9443   3.406653     1.3907     0.0073     0.1429     0.0085     1.3907     1.2666     10.433    30.1193    22.9873    1.73053    2.47309     75.549    6.38302    9.12197  0.000e+00
        588     10.611     15.389   3223.888   8848.264    10.9433   3.406488     1.3822     0.0061     0.1429     0.0085     1.3822     1.2666     10.522    30.1184    22.9868    1.71136    2.44570     74.712    6.38318    9.12220  0.000e+00
        589     10.745     15.584   3223.888   8848.260    10.9433   3.406485     1.3748     0.0073     0.1404     0.0085     1.3748     1.2253     10.655    30.1183    22.9867    1.69491    2.42219     73.994    6.38318    9.12221  0.000e+00
        590     10.879     15.779   3223.888   8848.444    10.9433   3.406644     1.3675     0.0073     0.1392     0.0085     1.3675     1.2046     10.788    30.1198    22.9879    1.67844    2.39866     73.275    6.38312    9.12212  0.000e+00
        591     10.968     15.908   3223.888   8848.629    10.9433   3.406804     1.3614     0.0073     0.1441     0.0085     1.3614     1.2872     10.877    30.1214    22.9891    1.66471    2.37904     72.675    6.38306    9.12203  0.000e+00
        592     11.103     16.103   3223.951   8849.000    10.9443   3.407125     1.3553     0.0073     0.1416     0.0085     1.3553     1.2459     11.010    30.1237    22.9908    1.65095    2.35937     72.074    6.38284    9.12172  0.000e+00
