unitTesting/processed_seabird_noalign/ORCA1_CAST0002.cnv
* Sea-Bird SBE 19 Data File:
* FileName =
* Software Version 4.234
* Temperature SN = 2835
* Conductivity SN = 2835
* System UpLoad Time = Wed Jan 19 11:48:56 2005

** Ship: ORCA
** Cruise: Mooring
** Station: Twanoh
** Latitude: 47 22.5
** Longitude: 123 0.5
# nquan = 22
# nvalues = 911                                   
# units = specified
# name 0 = scan: Scan Count
# name 1 = prSM: Pressure, Strain Gauge [db]
# name 2 = prSE: Pressure, Strain Gauge [psi]
# name 3 = f0: Frequency 0
# name 4 = f1: Frequency 1
# name 5 = t090C: Temperature [ITS-90, deg C]
# name 6 = c0S/m: Conductivity [S/m]
# name 7 = v0: Voltage 0
# name 8 = v1: Voltage 1
# name 9 = v2: Voltage 2
# name 10 = v3: Voltage 3
# name 11 = sbeox0V: Oxygen raw, SBE 43 [V]
# name 12 = wetStar: Fluorescence, WET Labs WETstar [mg/m^3]
# name 13 = depSM: Depth [salt water, m], lat = 47.28
# name 14 = sal00: Salinity, Practical [PSU]
# name 15 = sigma-t00: Density [sigma-t, Kg/m^3 ]
# name 16 = sbeox0ML/L: Oxygen, SBE 43 [ml/l]
# name 17 = sbeox0Mg/L: Oxygen, SBE 43 [mg/l]
# name 18 = sbeox0Mm/Kg: Oxygen, SBE 43 [umol/Kg]
# name 19 = oxsatML/L: Oxygen Saturation, Weiss [ml/l]
# name 20 = oxsatMg/L: Oxygen Saturation, Weiss [mg/l]
# name 21 = flag:  0.000e+00
# span 0 =          1,        911                 
# span 1 =      0.996,     29.672                 
# span 2 =      1.444,     43.035                 
# span 3 =   3000.188,   3234.552                 
# span 4 =   7386.109,   8925.680                 
# span 5 =     7.6099,    11.0981                 
# span 6 =   2.246650,   3.473804                 
# span 7 =     0.0000,     3.0611                 
# span 8 =     0.0000,     0.0073                 
# span 9 =     0.0000,     0.5690                 
# span 10 =     0.0000,     0.0098                
# span 11 =     0.0000,     3.0611                
# span 12 =    -1.1506,     8.4767                
# span 13 =      0.988,     29.422                
# span 14 =    20.6960,    30.6715                
# span 15 =    16.0689,    23.3962                
# span 16 =   -1.39548,    6.20272                
# span 17 =   -1.99428,    8.86430                
# span 18 =    -60.917,    272.416                
# span 19 =    6.34439,    7.25824                
# span 20 =    9.06677,   10.37274                
# span 21 = 0.0000e+00, 0.0000e+00                
# interval = seconds: 0.5
# start_time = Jan 31 2016 20:26:59 [DatCnv date, localtime]
# bad_flag = -9.990e-29
*END*
[from data line 725]
        726     26.494     38.426   3232.813   8906.214    11.0729   3.456822     1.3614     0.0073     0.1258     0.0085     1.3614     0.9774     26.272    30.4983    23.2598    1.65985    2.37209     72.444    6.34996    9.07472  0.000e+00
        727     26.583     38.556   3232.981   8906.274    11.0753   3.456874     1.3639     0.0073     0.1294     0.0085     1.3639     1.0393     26.360    30.4967    23.2582    1.66528    2.37986     72.681    6.34968    9.07433  0.000e+00
        728     26.673     38.686   3232.854   8905.713    11.0735   3.456386     1.3651     0.0073     0.1282     0.0098     1.3651     1.0187     26.449    30.4934    23.2560    1.66814    2.38394     72.806    6.35007    9.07488  0.000e+00
        729     26.762     38.815   3232.601   8906.084    11.0698   3.456709     1.3639     0.0073     0.1270     0.0085     1.3639     0.9980     26.538    30.4996    23.2614    1.66548    2.38014     72.689    6.35033    9.07525  0.000e+00
        730     26.852     38.945   3232.474   8907.013    11.0680   3.457519     1.3639     0.0061     0.1306     0.0085     1.3639     1.0600     26.627    30.5090    23.2691    1.66546    2.38011     72.688    6.35020    9.07508  0.000e+00
        731     26.941     39.075   3232.537   8906.639    11.0689   3.457193     1.3639     0.0073     0.1270     0.0085     1.3639     0.9980     26.715    30.5050    23.2658    1.66549    2.38016     72.690    6.35024    9.07512  0.000e+00
        732     27.031     39.205   3232.347   8906.823    11.0661   3.457353     1.3651     0.0073     0.1282     0.0085     1.3651     1.0187     26.804    30.5089    23.2692    1.66831    2.38418     72.812    6.35047    9.07545  0.000e+00
        733     27.165     39.400   3232.347   8906.822    11.0661   3.457352     1.3663     0.0073     0.1270     0.0098     1.3663     0.9980     26.937    30.5088    23.2692    1.67108    2.38814     72.933    6.35047    9.07545  0.000e+00
        734     27.255     39.529   3232.473   8906.075    11.0680   3.456701     1.3651     0.0061     0.1270     0.0085     1.3651     0.9980     27.026    30.5009    23.2627    1.66838    2.38428     72.816    6.35053    9.07555  0.000e+00
        735     27.344     39.659   3232.219   8906.632    11.0643   3.457187     1.3663     0.0073     0.1270     0.0085     1.3663     0.9980     27.115    30.5086    23.2694    1.67118    2.38829     72.938    6.35073    9.07583  0.000e+00
        736     27.478     39.854   3232.282   8906.630    11.0652   3.457185     1.3651     0.0073     0.1282     0.0085     1.3651     1.0187     27.248    30.5078    23.2686    1.66845    2.38438     72.819    6.35064    9.07570  0.000e+00
        737     27.523     39.919   3232.408   8907.187    11.0670   3.457670     1.3663     0.0073     0.1416     0.0085     1.3663     1.2459     27.292    30.5110    23.2708    1.67111    2.38818     72.934    6.35026    9.07515  0.000e+00
        738     27.657     40.114   3232.408   8906.999    11.0670   3.457507     1.3663     0.0073     0.1294     0.0085     1.3663     1.0393     27.425    30.5094    23.2695    1.67115    2.38825     72.936    6.35032    9.07525  0.000e+00
        739     27.792     40.308   3232.155   8906.811    11.0634   3.457343     1.3675     0.0061     0.1306     0.0085     1.3675     1.0600     27.558    30.5108    23.2712    1.67403    2.39236     73.062    6.35077    9.07589  0.000e+00
        740     27.881     40.438   3232.281   8906.995    11.0652   3.457503     1.3687     0.0073     0.1270     0.0085     1.3687     0.9980     27.647    30.5108    23.2709    1.67673    2.39622     73.180    6.35052    9.07553  0.000e+00
        741     27.971     40.568   3231.964   8907.180    11.0606   3.457664     1.3675     0.0073     0.1270     0.0085     1.3675     0.9980     27.736    30.5161    23.2759    1.67411    2.39247     73.065    6.35094    9.07613  0.000e+00
        742     28.105     40.763   3231.901   8907.550    11.0597   3.457987     1.3687     0.0073     0.1282     0.0085     1.3687     1.0187     27.869    30.5200    23.2790    1.67687    2.39642     73.185    6.35091    9.07609  0.000e+00
        743     28.195     40.893   3232.027   8908.107    11.0615   3.458473     1.3687     0.0073     0.1282     0.0085     1.3687     1.0187     27.958    30.5232    23.2812    1.67680    2.39631     73.182    6.35053    9.07555  0.000e+00
        744     28.284     41.023   3231.963   8908.291    11.0606   3.458633     1.3687     0.0061     0.1270     0.0085     1.3687     0.9980     28.047    30.5255    23.2832    1.67682    2.39635     73.183    6.35057    9.07560  0.000e+00
        745     28.374     41.152   3232.026   8908.848    11.0615   3.459119     1.3687     0.0073     0.1270     0.0085     1.3687     0.9980     28.135    30.5295    23.2861    1.67677    2.39627     73.180    6.35028    9.07519  0.000e+00
        746     28.508     41.347   3232.089   8907.543    11.0624   3.457981     1.3687     0.0073     0.1282     0.0085     1.3687     1.0187     28.269    30.5175    23.2766    1.67690    2.39645     73.187    6.35064    9.07569  0.000e+00
        747     28.597     41.477   3232.088   8908.286    11.0624   3.458629     1.3687     0.0073     0.1294     0.0098     1.3687     1.0393     28.357    30.5238    23.2815    1.67685    2.39639     73.184    6.35038    9.07533  0.000e+00
        748     28.687     41.607   3232.025   8908.657    11.0615   3.458952     1.3687     0.0073     0.1282     0.0085     1.3687     1.0187     28.446    30.5277    23.2847    1.67686    2.39640     73.185    6.35036    9.07529  0.000e+00
        749     28.821     41.802   3232.024   8908.469    11.0615   3.458788     1.3687     0.0061     0.1270     0.0085     1.3687     0.9980     28.579    30.5261    23.2834    1.67691    2.39647     73.187    6.35042    9.07539  0.000e+00
        750     28.911     41.931   3231.961   8908.653    11.0605   3.458949     1.3687     0.0073     0.1270     0.0085     1.3687     0.9980     28.668    30.5284    23.2854    1.67694    2.39651     73.188    6.35046    9.07544  0.000e+00
        751     29.045     42.126   3231.707   8909.210    11.0569   3.459434     1.3700     0.0073     0.1294     0.0098     1.3700     1.0393     28.801    30.5361    23.2920    1.67975    2.40053     73.310    6.35066    9.07572  0.000e+00
        752     29.179     42.321   3232.086   8909.394    11.0624   3.459595     1.3687     0.0073     0.1270     0.0098     1.3687     0.9980     28.934    30.5331    23.2887    1.67689    2.39644     73.185    6.35002    9.07481  0.000e+00
        753     29.313     42.516   3231.960   8909.206    11.0605   3.459431     1.3675     0.0073     0.1294     0.0085     1.3675     1.0393     29.067    30.5330    23.2889    1.67424    2.39266     73.070    6.35028    9.07518  0.000e+00
        754     29.358     42.581   3231.959   8909.949    11.0605   3.460078     1.3675     0.0061     0.1306     0.0085     1.3675     1.0600     29.112    30.5393    23.2939    1.67418    2.39258     73.067    6.35003    9.07482  0.000e+00
        755     29.493     42.775   3231.832   8909.947    11.0587   3.460077     1.3687     0.0073     0.1294     0.0085     1.3687     1.0393     29.245    30.5407    23.2953    1.67700    2.39660     73.190    6.35022    9.07510  0.000e+00
        756     29.582     42.905   3232.211   8909.387    11.0642   3.459589     1.3687     0.0073     0.1294     0.0098     1.3687     1.0393     29.334    30.5314    23.2871    1.67693    2.39651     73.187    6.34984    9.07455  0.000e+00
        757     29.582     42.905   3232.211   8909.385    11.0642   3.459587     1.3687     0.0073     0.1294     0.0085     1.3687     1.0393     29.334    30.5313    23.2871    1.67693    2.39651     73.187    6.34984    9.07455  0.000e+00
        758     29.627     42.970   3232.337   8909.197    11.0660   3.459423     1.3663     0.0073     0.1306     0.0085     1.3663     1.0600     29.378    30.5282    23.2843    1.67143    2.38865     72.948    6.34971    9.07437  0.000e+00
        759     29.627     42.970   3232.020   8908.078    11.0614   3.458448     1.3675     0.0061     0.1294     0.0085     1.3675     1.0393     29.378    30.5225    23.2806    1.67439    2.39287     73.077    6.35058    9.07561  0.000e+00
        760     29.627     42.970   3232.462   8908.635    11.0678   3.458933     1.3675     0.0073     0.1282     0.0085     1.3675     1.0187     29.378    30.5219    23.2791    1.67418    2.39257     73.068    6.34971    9.07437  0.000e+00
        761     29.627     42.970   3232.336   8908.819    11.0660   3.459094     1.3675     0.0073     0.1282     0.0085     1.3675     1.0187     29.378    30.5250    23.2818    1.67421    2.39261     73.069    6.34984    9.07456  0.000e+00
        762     29.627     42.970   3232.398   8909.748    11.0669   3.459904     1.3675     0.0073     0.1282     0.0085     1.3675     1.0187     29.378    30.5322    23.2872    1.67410    2.39246     73.064    6.34943    9.07397  0.000e+00
        763     29.627     42.970   3232.145   8909.188    11.0632   3.459415     1.3675     0.0073     0.1294     0.0085     1.3675     1.0393     29.378    30.5304    23.2865    1.67425    2.39266     73.070    6.35001    9.07479  0.000e+00
        764     29.627     42.970   3232.208   8908.814    11.0641   3.459089     1.3675     0.0061     0.1270     0.0085     1.3675     0.9980     29.378    30.5265    23.2833    1.67426    2.39268     73.071    6.35004    9.07484  0.000e+00
        765     29.627     42.970   3232.271   8908.998    11.0650   3.459250     1.3687     0.0073     0.1282     0.0085     1.3687     1.0187     29.378    30.5273    23.2838    1.67696    2.39654     73.189    6.34988    9.07461  0.000e+00
        766     29.627     42.970   3232.334   8909.369    11.0659   3.459573     1.3700     0.0073     0.1294     0.0098     1.3700     1.0393     29.378    30.5297    23.2855    1.67964    2.40037     73.306    6.34966    9.07430  0.000e+00
        767     29.627     42.970   3231.954   8907.691    11.0604   3.458111     1.3700     0.0073     0.1282     0.0098     1.3700     1.0187     29.378    30.5200    23.2789    1.67993    2.40079     73.319    6.35081    9.07594  0.000e+00
        768     29.627     42.970   3232.523   8910.482    11.0687   3.460543     1.3687     0.0061     0.1270     0.0085     1.3687     0.9980     29.378    30.5369    23.2906    1.67673    2.39622     73.178    6.34899    9.07334  0.000e+00
        769     29.627     42.970   3231.700   8909.550    11.0568   3.459731     1.3700     0.0061     0.1270     0.0085     1.3700     0.9980     29.378    30.5389    23.2942    1.67986    2.40068     73.315    6.35056    9.07559  0.000e+00
        770     29.627     42.970   3232.143   8910.292    11.0632   3.460378     1.3687     0.0073     0.1270     0.0085     1.3687     0.9980     29.378    30.5399    23.2939    1.67689    2.39644     73.185    6.34963    9.07426  0.000e+00
        771     29.672     43.035   3231.826   8910.849    11.0586   3.460863     1.3687     0.0073     0.1282     0.0098     1.3687     1.0187     29.422    30.5484    23.3013    1.67696    2.39655     73.188    6.34993    9.07468  0.000e+00
        772     29.627     42.970   3231.952   8911.406    11.0604   3.461348     1.3675     0.0073     0.1282     0.0085     1.3675     1.0187     29.378    30.5517    23.3035    1.67412    2.39248     73.063    6.34954    9.07413  0.000e+00
        773     29.627     42.970   3231.952   8910.659    11.0604   3.460698     1.3663     0.0073     0.1294     0.0085     1.3663     1.0393     29.378    30.5453    23.2986    1.67144    2.38866     72.947    6.34980    9.07450  0.000e+00
        774     29.627     42.970   3232.078   8910.099    11.0622   3.460209     1.3663     0.0061     0.1270     0.0085     1.3663     0.9980     29.378    30.5390    23.2934    1.67145    2.38867     72.948    6.34980    9.07450  0.000e+00
        775     29.627     42.970   3231.698   8909.725    11.0567   3.459883     1.3675     0.0073     0.1294     0.0085     1.3675     1.0393     29.378    30.5404    23.2954    1.67436    2.39283     73.075    6.35050    9.07551  0.000e+00
        776     29.627     42.970   3231.887   8909.723    11.0595   3.459882     1.3675     0.0073     0.1294     0.0098     1.3675     1.0393     29.378    30.5381    23.2931    1.67429    2.39273     73.072    6.35022    9.07509  0.000e+00
        777     29.627     42.970   3231.824   8909.721    11.0586   3.459880     1.3687     0.0073     0.1282     0.0085     1.3687     1.0187     29.378    30.5389    23.2939    1.67706    2.39668     73.192    6.35031    9.07523  0.000e+00
        778     29.627     42.970   3232.013   8909.347    11.0613   3.459554     1.3675     0.0073     0.1282     0.0085     1.3675     1.0187     29.378    30.5334    23.2892    1.67428    2.39271     73.072    6.35015    9.07500  0.000e+00
        779     29.627     42.970   3231.886   8910.276    11.0595   3.460364     1.3675     0.0061     0.1270     0.0085     1.3675     0.9980     29.378    30.5428    23.2968    1.67424    2.39266     73.069    6.35003    9.07483  0.000e+00
        780     29.627     42.970   3232.328   8910.274    11.0659   3.460362     1.3687     0.0073     0.1294     0.0085     1.3687     1.0393     29.378    30.5375    23.2916    1.67682    2.39634     73.182    6.34936    9.07387  0.000e+00
        781     29.627     42.970   3232.075   8908.039    11.0622   3.458413     1.3687     0.0073     0.1294     0.0085     1.3687     1.0393     29.378    30.5215    23.2797    1.67712    2.39677     73.196    6.35051    9.07551  0.000e+00
        782     29.627     42.970   3232.517   8908.223    11.0686   3.458574     1.3687     0.0073     0.1282     0.0085     1.3687     1.0187     29.378    30.5177    23.2757    1.67694    2.39651     73.188    6.34977    9.07446  0.000e+00
        783     29.627     42.970   3232.327   8908.966    11.0659   3.459222     1.3675     0.0073     0.1294     0.0085     1.3675     1.0393     29.378    30.5264    23.2829    1.67420    2.39260     73.068    6.34981    9.07451  0.000e+00
        784     29.627     42.970   3232.137   8909.895    11.0631   3.460031     1.3675     0.0061     0.1270     0.0085     1.3675     0.9980     29.378    30.5366    23.2913    1.67419    2.39258     73.067    6.34978    9.07447  0.000e+00
        785     29.627     42.970   3231.947   8909.149    11.0603   3.459381     1.3687     0.0073     0.1282     0.0085     1.3687     1.0187     29.378    30.5325    23.2886    1.67706    2.39669     73.193    6.35032    9.07524  0.000e+00
        786     29.627     42.970   3232.073   8908.961    11.0622   3.459217     1.3687     0.0073     0.1270     0.0085     1.3687     0.9980     29.378    30.5294    23.2859    1.67703    2.39665     73.192    6.35019    9.07506  0.000e+00
        787     29.627     42.970   3232.136   8909.331    11.0631   3.459540     1.3687     0.0073     0.1282     0.0085     1.3687     1.0187     29.378    30.5318    23.2876    1.67698    2.39657     73.189    6.34997    9.07474  0.000e+00
        788     29.627     42.970   3232.072   8909.515    11.0622   3.459701     1.3687     0.0073     0.1282     0.0085     1.3687     1.0187     29.378    30.5341    23.2896    1.67698    2.39658     73.189    6.35001    9.07479  0.000e+00
        789     29.627     42.970   3232.009   8911.189    11.0612   3.461160     1.3687     0.0061     0.1294     0.0085     1.3687     1.0393     29.378    30.5492    23.3014    1.67686    2.39639     73.183    6.34953    9.07411  0.000e+00
        790     29.627     42.970   3231.882   8909.698    11.0594   3.459860     1.3687     0.0073     0.1294     0.0085     1.3687     1.0393     29.378    30.5380    23.2930    1.67704    2.39665     73.192    6.35023    9.07512  0.000e+00
