unitTesting/processed_seabird_noalign/ORCA1_CAST0032.cnv
* Sea-Bird SBE 19 Data File:
* FileName =
* Software Version 4.234
* Temperature SN = 2835
* Conductivity SN = 2835
* System UpLoad Time = Thu Jan 27 00:03:45 2005

** Ship: ORCA
** Cruise: Mooring
** Station: Twanoh
** Latitude: 47 22.5
** Longitude: 123 0.5
# nquan = 22
# nvalues = 915                                   
# units = specified
# name 0 = scan: Scan Count
# name 1 = prSM: Pressure, Strain Gauge [db]
# name 2 = prSE: Pressure, Strain Gauge [psi]
# name 3 = f0: Frequency 0
# name 4 = f1: Frequency 1
# name 5 = t090C: Temperature [ITS-90, deg C]
# name 6 = c0S/m: Conductivity [S/m]
# name 7 = v0: Voltage 0
# name 8 = v1: Voltage 1
# name 9 = v2: Voltage 2
# name 10 = v3: Voltage 3
# name 11 = sbeox0V: Oxygen raw, SBE 43 [V]
# name 12 = wetStar: Fluorescence, WET Labs WETstar [mg/m^3]
# name 13 = depSM: Depth [salt water, m], lat = 47.28
# name 14 = sal00: Salinity, Practical [PSU]
# name 15 = sigma-t00: Density [sigma-t, Kg/m^3 ]
# name 16 = sbeox0ML/L: Oxygen, SBE 43 [ml/l]
# name 17 = sbeox0Mg/L: Oxygen, SBE 43 [mg/l]
# name 18 = sbeox0Mm/Kg: Oxygen, SBE 43 [umol/Kg]
# name 19 = oxsatML/L: Oxygen Saturation, Weiss [ml/l]
# name 20 = oxsatMg/L: Oxygen Saturation, Weiss [mg/l]
# name 21 = flag:  0.000e+00
# span 0 =          1,        915                 
# span 1 =      0.906,     29.582                 
# span 2 =      1.315,     42.905                 
# span 3 =   3098.208,   3234.053                 
# span 4 =   6866.621,   8900.675                 
# span 5 =     9.0914,    11.0909                 
# span 6 =   1.885481,   3.451998                 
# span 7 =     0.0000,     2.9243                 
# span 8 =     0.0000,     0.0073                 
# span 9 =     0.0000,     0.3199                 
# span 10 =     0.0000,     0.0098                
# span 11 =     0.0000,     2.9243                
# span 12 =    -1.1506,     4.2622                
# span 13 =      0.899,     29.334                
# span 14 =    16.5509,    30.4494                
# span 15 =    12.7005,    23.2218                
# span 16 =   -1.39818,    5.74896                
# span 17 =   -1.99814,    8.21585                
# span 18 =    -61.043,    253.428                
# span 19 =    6.35184,    7.25135                
# span 20 =    9.07742,   10.36291                
# span 21 = 0.0000e+00, 0.0000e+00                
# interval = seconds: 0.5
# start_time = Jan 31 2016 20:27:26 [DatCnv date, localtime]
# bad_flag = -9.990e-29
*END*
[from data line 725]
        726     25.957     37.647   3233.822   8884.708    11.0875   3.438105     0.9707     0.0061     0.1343     0.0073     0.9707     1.1220     25.739    30.3033    23.1058    0.78402    1.12045     34.224    6.35574    9.08298  0.000e+00
        727     26.046     37.777   3233.801   8884.957    11.0872   3.438322     0.9683     0.0073     0.1392     0.0085     0.9683     1.2046     25.828    30.3056    23.1077    0.77854    1.11261     33.984    6.35569    9.08291  0.000e+00
        728     26.136     37.907   3233.990   8885.331    11.0900   3.438647     0.9658     0.0073     0.1368     0.0085     0.9658     1.1633     25.916    30.3065    23.1079    0.77302    1.10472     33.743    6.35527    9.08232  0.000e+00
        729     26.315     38.166   3233.927   8885.705    11.0891   3.438972     0.9621     0.0061     0.1343     0.0085     0.9621     1.1220     26.094    30.3104    23.1110    0.76481    1.09299     33.385    6.35524    9.08228  0.000e+00
        730     26.404     38.296   3233.990   8886.453    11.0900   3.439622     0.9597     0.0073     0.1368     0.0085     0.9597     1.1633     26.183    30.3159    23.1152    0.75930    1.08511     33.144    6.35489    9.08178  0.000e+00
        731     26.494     38.426   3234.053   8887.760    11.0909   3.440758     0.9560     0.0061     0.1343     0.0085     0.9560     1.1220     26.272    30.3263    23.1231    0.75102    1.07328     32.783    6.35435    9.08101  0.000e+00
        732     26.583     38.556   3233.864   8888.507    11.0881   3.441408     0.9536     0.0061     0.1355     0.0085     0.9536     1.1426     26.360    30.3348    23.1302    0.74555    1.06546     32.543    6.35439    9.08106  0.000e+00
        733     26.673     38.686   3233.737   8888.507    11.0863   3.441408     0.9536     0.0073     0.1355     0.0085     0.9536     1.1426     26.449    30.3363    23.1317    0.74558    1.06551     32.545    6.35458    9.08134  0.000e+00
        734     26.807     38.880   3233.674   8888.135    11.0854   3.441085     0.9499     0.0073     0.1343     0.0085     0.9499     1.1220     26.582    30.3339    23.1299    0.73739    1.05381     32.187    6.35481    9.08166  0.000e+00
        735     26.852     38.945   3233.611   8888.882    11.0845   3.441734     0.9499     0.0061     0.1355     0.0085     0.9499     1.1426     26.627    30.3410    23.1356    0.73738    1.05379     32.187    6.35465    9.08143  0.000e+00
        736     26.941     39.075   3233.737   8889.256    11.0863   3.442059     0.9475     0.0073     0.1343     0.0085     0.9475     1.1220     26.715    30.3426    23.1365    0.73187    1.04592     31.946    6.35433    9.08098  0.000e+00
        737     27.076     39.270   3233.610   8889.443    11.0845   3.442222     0.9451     0.0061     0.1368     0.0085     0.9451     1.1633     26.848    30.3456    23.1392    0.72641    1.03812     31.708    6.35447    9.08117  0.000e+00
        738     27.210     39.465   3233.547   8889.817    11.0835   3.442547     0.9438     0.0073     0.1355     0.0085     0.9438     1.1426     26.982    30.3495    23.1424    0.72368    1.03421     31.589    6.35444    9.08113  0.000e+00
        739     27.299     39.594   3233.421   8890.004    11.0817   3.442710     0.9414     0.0061     0.1343     0.0085     0.9414     1.1220     27.070    30.3526    23.1451    0.71822    1.02641     31.350    6.35457    9.08131  0.000e+00
        740     27.389     39.724   3233.421   8889.818    11.0817   3.442549     0.9414     0.0073     0.1343     0.0085     0.9414     1.1220     27.159    30.3510    23.1438    0.71824    1.02643     31.351    6.35463    9.08141  0.000e+00
        741     27.478     39.854   3233.421   8890.565    11.0817   3.443198     0.9414     0.0073     0.1343     0.0085     0.9414     1.1220     27.248    30.3573    23.1488    0.71822    1.02640     31.350    6.35438    9.08104  0.000e+00
        742     27.613     40.049   3233.231   8891.126    11.0790   3.443686     0.9414     0.0061     0.1343     0.0085     0.9414     1.1220     27.381    30.3643    23.1547    0.71824    1.02643     31.351    6.35448    9.08119  0.000e+00
        743     27.657     40.114   3233.231   8892.059    11.0790   3.444498     0.9451     0.0073     0.1355     0.0098     0.9451     1.1426     27.425    30.3722    23.1608    0.72643    1.03814     31.708    6.35416    9.08073  0.000e+00
        744     27.792     40.308   3233.168   8892.433    11.0780   3.444823     0.9475     0.0061     0.1343     0.0085     0.9475     1.1220     27.558    30.3761    23.1640    0.73192    1.04599     31.948    6.35413    9.08069  0.000e+00
        745     27.881     40.438   3233.104   8892.806    11.0771   3.445148     0.9499     0.0073     0.1355     0.0085     0.9499     1.1426     27.647    30.3800    23.1672    0.73741    1.05383     32.187    6.35411    9.08065  0.000e+00
        746     27.971     40.568   3232.915   8892.807    11.0744   3.445149     0.9536     0.0073     0.1343     0.0098     0.9536     1.1220     27.736    30.3822    23.1694    0.74567    1.06564     32.548    6.35440    9.08107  0.000e+00
        747     28.105     40.763   3233.041   8892.994    11.0762   3.445312     0.9548     0.0073     0.1331     0.0085     0.9548     1.1013     27.869    30.3823    23.1691    0.74840    1.06954     32.667    6.35414    9.08070  0.000e+00
        748     28.195     40.893   3232.914   8892.808    11.0744   3.445150     0.9585     0.0073     0.1343     0.0085     0.9585     1.1220     27.958    30.3822    23.1693    0.75666    1.08135     33.027    6.35440    9.08107  0.000e+00
        749     28.284     41.023   3232.978   8892.809    11.0753   3.445151     0.9621     0.0073     0.1343     0.0085     0.9621     1.1220     28.047    30.3814    23.1686    0.76489    1.09310     33.386    6.35430    9.08094  0.000e+00
        750     28.374     41.152   3233.041   8892.996    11.0762   3.445314     0.9646     0.0061     0.1380     0.0085     0.9646     1.1839     28.135    30.3822    23.1690    0.77036    1.10092     33.625    6.35415    9.08071  0.000e+00
        751     28.508     41.347   3232.914   8892.997    11.0744   3.445314     0.9670     0.0073     0.1368     0.0098     0.9670     1.1633     28.269    30.3836    23.1705    0.77588    1.10881     33.866    6.35434    9.08099  0.000e+00
        752     28.597     41.477   3232.851   8893.184    11.0735   3.445477     0.9695     0.0061     0.1355     0.0085     0.9695     1.1426     28.357    30.3860    23.1725    0.78138    1.11667     34.106    6.35437    9.08104  0.000e+00
        753     28.687     41.607   3232.851   8893.185    11.0735   3.445478     0.9731     0.0073     0.1355     0.0085     0.9731     1.1426     28.446    30.3859    23.1724    0.78961    1.12843     34.465    6.35438    9.08104  0.000e+00
        754     28.776     41.737   3232.788   8892.999    11.0725   3.445316     0.9756     0.0073     0.1355     0.0085     0.9756     1.1426     28.535    30.3851    23.1719    0.79512    1.13631     34.706    6.35454    9.08127  0.000e+00
        755     28.866     41.866   3232.851   8893.000    11.0734   3.445317     0.9780     0.0073     0.1355     0.0085     0.9780     1.1426     28.624    30.3843    23.1712    0.80061    1.14415     34.945    6.35444    9.08113  0.000e+00
        756     29.000     42.061   3232.914   8893.187    11.0744   3.445480     0.9817     0.0073     0.1355     0.0085     0.9817     1.1426     28.757    30.3851    23.1716    0.80883    1.15590     35.304    6.35428    9.08091  0.000e+00
        757     29.134     42.256   3232.914   8893.001    11.0744   3.445318     0.9853     0.0073     0.1355     0.0085     0.9853     1.1426     28.890    30.3834    23.1703    0.81708    1.16768     35.664    6.35435    9.08100  0.000e+00
        758     29.269     42.451   3232.914   8893.002    11.0744   3.445319     0.9866     0.0073     0.1355     0.0085     0.9866     1.1426     29.023    30.3834    23.1703    0.81983    1.17162     35.785    6.35435    9.08100  0.000e+00
        759     29.403     42.645   3232.914   8893.002    11.0744   3.445319     0.9902     0.0073     0.1343     0.0085     0.9902     1.1220     29.156    30.3833    23.1703    0.82807    1.18340     36.144    6.35435    9.08101  0.000e+00
        760     29.493     42.775   3232.977   8892.817    11.0753   3.445158     0.9927     0.0073     0.1343     0.0085     0.9927     1.1220     29.245    30.3810    23.1683    0.83357    1.19125     36.384    6.35432    9.08096  0.000e+00
        761     29.537     42.840   3232.850   8893.190    11.0734   3.445483     0.9963     0.0073     0.1343     0.0085     0.9963     1.1220     29.289    30.3856    23.1722    0.84180    1.20302     36.744    6.35439    9.08106  0.000e+00
        762     29.582     42.905   3232.914   8893.564    11.0744   3.445808     0.9988     0.0073     0.1368     0.0085     0.9988     1.1633     29.334    30.3881    23.1739    0.84726    1.21083     36.982    6.35417    9.08074  0.000e+00
        763     29.582     42.905   3232.850   8893.378    11.0734   3.445646     1.0000     0.0061     0.1331     0.0085     1.0000     1.1013     29.334    30.3872    23.1735    0.85003    1.21477     37.102    6.35433    9.08097  0.000e+00
        764     29.537     42.840   3232.850   8893.379    11.0734   3.445647     1.0049     0.0073     0.1343     0.0085     1.0049     1.1220     29.289    30.3873    23.1735    0.86099    1.23044     37.581    6.35432    9.08096  0.000e+00
        765     29.582     42.905   3232.724   8893.380    11.0716   3.445648     1.0061     0.0061     0.1343     0.0085     1.0061     1.1220     29.334    30.3888    23.1750    0.86376    1.23440     37.702    6.35452    9.08124  0.000e+00
        766     29.582     42.905   3232.850   8893.380    11.0734   3.445648     1.0073     0.0061     0.1355     0.0085     1.0073     1.1426     29.334    30.3873    23.1735    0.86648    1.23829     37.821    6.35432    9.08097  0.000e+00
        767     29.582     42.905   3232.850   8893.195    11.0734   3.445487     1.0098     0.0073     0.1343     0.0085     1.0098     1.1220     29.334    30.3857    23.1722    0.87197    1.24614     38.060    6.35439    9.08106  0.000e+00
        768     29.582     42.905   3232.787   8893.382    11.0725   3.445649     1.0098     0.0073     0.1355     0.0085     1.0098     1.1426     29.334    30.3880    23.1742    0.87198    1.24614     38.060    6.35442    9.08110  0.000e+00
        769     29.582     42.905   3232.850   8891.890    11.0734   3.444352     1.0122     0.0073     0.1355     0.0085     1.0122     1.1426     29.334    30.3746    23.1636    0.87752    1.25406     38.303    6.35483    9.08169  0.000e+00
        770     29.582     42.905   3232.787   8892.637    11.0725   3.445002     1.0134     0.0073     0.1355     0.0085     1.0134     1.1426     29.334    30.3817    23.1693    0.88024    1.25795     38.421    6.35467    9.08147  0.000e+00
        771     29.537     42.840   3232.976   8892.824    11.0753   3.445164     1.0134     0.0073     0.1380     0.0085     1.0134     1.1839     29.289    30.3810    23.1683    0.88019    1.25787     38.419    6.35432    9.08096  0.000e+00
        772     29.582     42.905   3232.850   8892.639    11.0734   3.445003     1.0147     0.0073     0.1355     0.0085     1.0147     1.1426     29.334    30.3809    23.1686    0.88297    1.26185     38.540    6.35458    9.08133  0.000e+00
        773     29.582     42.905   3232.850   8892.080    11.0734   3.444517     1.0159     0.0073     0.1355     0.0085     1.0159     1.1426     29.334    30.3762    23.1649    0.88574    1.26581     38.661    6.35477    9.08160  0.000e+00
        774     29.582     42.905   3232.786   8892.640    11.0725   3.445004     1.0159     0.0061     0.1343     0.0085     1.0159     1.1220     29.334    30.3817    23.1693    0.88572    1.26578     38.661    6.35467    9.08146  0.000e+00
        775     29.582     42.905   3232.786   8892.268    11.0725   3.444680     1.0171     0.0073     0.1355     0.0085     1.0171     1.1426     29.334    30.3785    23.1669    0.88848    1.26973     38.781    6.35480    9.08165  0.000e+00
        776     29.582     42.905   3232.786   8892.828    11.0725   3.445168     1.0171     0.0073     0.1343     0.0085     1.0171     1.1220     29.334    30.3833    23.1706    0.88845    1.26969     38.780    6.35461    9.08137  0.000e+00
        777     29.582     42.905   3232.849   8893.202    11.0734   3.445493     1.0183     0.0073     0.1355     0.0085     1.0183     1.1426     29.334    30.3857    23.1723    0.89117    1.27357     38.898    6.35439    9.08105  0.000e+00
        778     29.582     42.905   3232.786   8893.016    11.0725   3.445331     1.0195     0.0073     0.1355     0.0085     1.0195     1.1426     29.334    30.3849    23.1718    0.89393    1.27752     39.019    6.35455    9.08128  0.000e+00
        779     29.582     42.905   3232.723   8893.389    11.0716   3.445656     1.0183     0.0073     0.1368     0.0085     1.0183     1.1633     29.334    30.3889    23.1750    0.89118    1.27359     38.899    6.35452    9.08124  0.000e+00
        780     29.582     42.905   3232.912   8893.390    11.0743   3.445657     1.0195     0.0073     0.1380     0.0085     1.0195     1.1839     29.334    30.3866    23.1728    0.89389    1.27745     39.017    6.35423    9.08082  0.000e+00
        781     29.582     42.905   3232.849   8893.391    11.0734   3.445657     1.0195     0.0073     0.1355     0.0085     1.0195     1.1426     29.334    30.3874    23.1735    0.89390    1.27747     39.017    6.35432    9.08096  0.000e+00
        782     29.582     42.905   3232.912   8893.205    11.0743   3.445496     1.0195     0.0073     0.1343     0.0085     1.0195     1.1220     29.334    30.3850    23.1716    0.89390    1.27747     39.017    6.35429    9.08092  0.000e+00
        783     29.582     42.905   3232.786   8893.206    11.0725   3.445496     1.0208     0.0073     0.1380     0.0085     1.0208     1.1839     29.334    30.3865    23.1731    0.89666    1.28142     39.138    6.35448    9.08119  0.000e+00
        784     29.582     42.905   3232.912   8893.393    11.0743   3.445659     1.0183     0.0073     0.1368     0.0085     1.0183     1.1633     29.334    30.3866    23.1728    0.89115    1.27354     38.897    6.35423    9.08082  0.000e+00
        785     29.582     42.905   3232.786   8893.394    11.0725   3.445660     1.0183     0.0061     0.1416     0.0085     1.0183     1.2459     29.334    30.3881    23.1743    0.89117    1.27357     38.898    6.35442    9.08110  0.000e+00
        786     29.582     42.905   3232.786   8893.394    11.0725   3.445660     1.0195     0.0073     0.1355     0.0085     1.0195     1.1426     29.334    30.3881    23.1743    0.89391    1.27749     39.018    6.35442    9.08110  0.000e+00
        787     29.582     42.905   3232.786   8893.022    11.0725   3.445336     1.0183     0.0073     0.1343     0.0085     1.0183     1.1220     29.334    30.3850    23.1719    0.89119    1.27360     38.899    6.35455    9.08128  0.000e+00
        788     29.582     42.905   3232.912   8893.209    11.0743   3.445499     1.0195     0.0073     0.1355     0.0085     1.0195     1.1426     29.334    30.3851    23.1716    0.89390    1.27747     39.017    6.35429    9.08091  0.000e+00
        789     29.582     42.905   3232.849   8893.396    11.0734   3.445662     1.0195     0.0073     0.1355     0.0085     1.0195     1.1426     29.334    30.3874    23.1736    0.89390    1.27747     39.017    6.35432    9.08096  0.000e+00
        790     29.582     42.905   3232.912   8893.211    11.0743   3.445501     1.0183     0.0073     0.1355     0.0085     1.0183     1.1426     29.334    30.3851    23.1716    0.89115    1.27355     38.898    6.35429    9.08091  0.000e+00
