unitTesting/processed_seabird_noalign/ORCA1_CAST0041.cnv
* Sea-Bird SBE 19 Data File:
* FileName =
* Software Version 4.234
* Temperature SN = 2835
* Conductivity SN = 2835
* System UpLoad Time = Sat Jan 29 06:08:41 2005

** Ship: ORCA
** Cruise: Mooring
** Station: Twanoh
** Latitude: 47 22.5
** Longitude: 123 0.5
# nquan = 22
# nvalues = 931                                   
# units = specified
# name 0 = scan: Scan Count
# name 1 = prSM: Pressure, Strain Gauge [db]
# name 2 = prSE: Pressure, Strain Gauge [psi]
# name 3 = f0: Frequency 0
# name 4 = f1: Frequency 1
# name 5 = t090C: Temperature [ITS-90, deg C]
# name 6 = c0S/m: Conductivity [S/m]
# name 7 = v0: Voltage 0
# name 8 = v1: Voltage 1
# name 9 = v2: Voltage 2
# name 10 = v3: Voltage 3
# name 11 = sbeox0V: Oxygen raw, SBE 43 [V]
# name 12 = wetStar: Fluorescence, WET Labs WETstar [mg/m^3]
# name 13 = depSM: Depth [salt water, m], lat = 47.28
# name 14 = sal00: Salinity, Practical [PSU]
# name 15 = sigma-t00: Density [sigma-t, Kg/m^3 ]
# name 16 = sbeox0ML/L: Oxygen, SBE 43 [ml/l]
# name 17 = sbeox0Mg/L: Oxygen, SBE 43 [mg/l]
# name 18 = sbeox0Mm/Kg: Oxygen, SBE 43 [umol/Kg]
# name 19 = oxsatML/L: Oxygen Saturation, Weiss [ml/l]
# name 20 = oxsatMg/L: Oxygen Saturation, Weiss [mg/l]
# name 21 = flag:  0.000e+00
# span 0 =          1,        931                 
# span 1 =      0.996,     29.582                 
# span 2 =      1.444,     42.905                 
# span 3 =   3079.141,   3232.227                 
# span 4 =   7327.216,   8900.359                 
# span 5 =     8.8059,    11.0644                 
# span 6 =   2.204359,   3.451723                 
# span 7 =     0.0000,     2.7534                 
# span 8 =     0.0000,     0.0073                 
# span 9 =     0.0000,     0.3199                 
# span 10 =     0.0000,     0.0098                
# span 11 =     0.0000,     2.7534                
# span 12 =    -1.1506,     4.2622                
# span 13 =      0.988,     29.334                
# span 14 =    19.7942,    30.4885                
# span 15 =    15.2645,    23.2608                
# span 16 =   -1.39799,    5.28881                
# span 17 =   -1.99787,    7.55824                
# span 18 =    -61.035,    232.643                
# span 19 =    6.35590,    7.15191                
# span 20 =    9.08322,   10.22079                
# span 21 = 0.0000e+00, 0.0000e+00                
# interval = seconds: 0.5
# start_time = Jan 31 2016 20:27:33 [DatCnv date, localtime]
# bad_flag = -9.990e-29
*END*
[from data line 132]
        133     19.066     27.652   3229.995   8862.290    11.0320   3.418641     1.0134     0.0061     0.1380     0.0085     1.0134     1.1839     18.906    30.1613    23.0050    0.88094    1.25895     38.458    6.36912    9.10211  0.000e+00
        134     19.066     27.652   3230.059   8862.482    11.0329   3.418808     1.0147     0.0073     0.1380     0.0085     1.0147     1.1839     18.906    30.1622    23.0055    0.88366    1.26284     38.577    6.36896    9.10188  0.000e+00
        135     19.066     27.652   3229.996   8862.487    11.0320   3.418812     1.0134     0.0073     0.1404     0.0085     1.0134     1.2253     18.906    30.1630    23.0063    0.88093    1.25893     38.457    6.36905    9.10201  0.000e+00
        136     19.066     27.652   3229.933   8862.680    11.0311   3.418979     1.0159     0.0073     0.1416     0.0085     1.0159     1.2459     18.906    30.1654    23.0083    0.88642    1.26678     38.697    6.36908    9.10206  0.000e+00
        137     19.066     27.652   3229.933   8862.685    11.0311   3.418984     1.0159     0.0073     0.1392     0.0085     1.0159     1.2046     18.906    30.1654    23.0083    0.88642    1.26678     38.697    6.36908    9.10206  0.000e+00
        138     19.066     27.652   3229.934   8862.877    11.0311   3.419150     1.0147     0.0061     0.1380     0.0085     1.0147     1.1839     18.906    30.1670    23.0096    0.88367    1.26285     38.577    6.36902    9.10196  0.000e+00
        139     19.066     27.652   3229.934   8862.883    11.0311   3.419155     1.0159     0.0073     0.1380     0.0085     1.0159     1.1839     18.906    30.1671    23.0096    0.88641    1.26677     38.697    6.36901    9.10196  0.000e+00
        140     19.066     27.652   3229.998   8863.075    11.0321   3.419322     1.0159     0.0073     0.1368     0.0085     1.0159     1.1633     18.906    30.1679    23.0101    0.88639    1.26674     38.696    6.36885    9.10172  0.000e+00
        141     19.066     27.652   3229.872   8863.080    11.0302   3.419326     1.0159     0.0073     0.1380     0.0085     1.0159     1.1839     18.906    30.1695    23.0116    0.88641    1.26677     38.697    6.36904    9.10200  0.000e+00
        142     19.066     27.652   3230.062   8863.086    11.0330   3.419331     1.0183     0.0073     0.1380     0.0085     1.0183     1.1839     18.906    30.1673    23.0094    0.89186    1.27456     38.935    6.36875    9.10158  0.000e+00
        143     19.066     27.652   3229.936   8863.091    11.0312   3.419335     1.0183     0.0073     0.1368     0.0085     1.0183     1.1633     18.906    30.1688    23.0110    0.89189    1.27460     38.936    6.36894    9.10185  0.000e+00
        144     19.066     27.652   3229.999   8862.909    11.0321   3.419178     1.0183     0.0073     0.1380     0.0085     1.0183     1.1839     18.906    30.1665    23.0090    0.89188    1.27459     38.936    6.36891    9.10180  0.000e+00
        145     19.066     27.652   3229.999   8863.101    11.0321   3.419345     1.0183     0.0073     0.1368     0.0085     1.0183     1.1633     18.906    30.1681    23.0103    0.89187    1.27458     38.935    6.36884    9.10171  0.000e+00
        146     19.066     27.652   3229.937   8863.294    11.0312   3.419511     1.0183     0.0073     0.1368     0.0085     1.0183     1.1633     18.906    30.1705    23.0123    0.89188    1.27458     38.935    6.36887    9.10175  0.000e+00
        147     19.066     27.652   3230.000   8863.299    11.0321   3.419516     1.0195     0.0073     0.1380     0.0085     1.0195     1.1839     18.906    30.1698    23.0116    0.89461    1.27849     39.055    6.36877    9.10161  0.000e+00
        148     19.066     27.652   3229.937   8863.304    11.0312   3.419520     1.0195     0.0061     0.1380     0.0085     1.0195     1.1839     18.906    30.1706    23.0123    0.89462    1.27850     39.055    6.36887    9.10175  0.000e+00
        149     19.066     27.652   3229.938   8863.122    11.0312   3.419363     1.0183     0.0073     0.1392     0.0085     1.0183     1.2046     18.906    30.1691    23.0111    0.89189    1.27459     38.936    6.36893    9.10183  0.000e+00
        150     19.066     27.652   3229.938   8863.128    11.0312   3.419367     1.0183     0.0073     0.1380     0.0085     1.0183     1.1839     18.906    30.1691    23.0112    0.89189    1.27459     38.936    6.36892    9.10183  0.000e+00
        151     19.110     27.717   3230.002   8863.133    11.0321   3.419372     1.0195     0.0073     0.1355     0.0085     1.0195     1.1426     18.950    30.1684    23.0105    0.89462    1.27851     39.055    6.36883    9.10169  0.000e+00
        152     19.066     27.652   3229.939   8863.138    11.0312   3.419376     1.0195     0.0073     0.1380     0.0085     1.0195     1.1839     18.906    30.1692    23.0112    0.89463    1.27852     39.055    6.36892    9.10182  0.000e+00
        153     19.066     27.652   3229.813   8863.143    11.0294   3.419381     1.0183     0.0061     0.1429     0.0085     1.0183     1.2666     18.906    30.1707    23.0128    0.89191    1.27463     38.937    6.36911    9.10210  0.000e+00
        154     19.066     27.652   3229.876   8863.149    11.0303   3.419386     1.0195     0.0073     0.1368     0.0085     1.0195     1.1633     18.906    30.1700    23.0120    0.89464    1.27853     39.056    6.36901    9.10195  0.000e+00
        155     19.066     27.652   3229.940   8863.341    11.0312   3.419552     1.0195     0.0073     0.1380     0.0085     1.0195     1.1839     18.906    30.1709    23.0126    0.89462    1.27850     39.055    6.36885    9.10172  0.000e+00
        156     19.066     27.652   3229.877   8862.972    11.0303   3.419232     1.0183     0.0073     0.1380     0.0085     1.0183     1.1839     18.906    30.1685    23.0109    0.89191    1.27462     38.937    6.36907    9.10204  0.000e+00
        157     19.066     27.652   3229.814   8862.977    11.0294   3.419237     1.0183     0.0073     0.1392     0.0085     1.0183     1.2046     18.906    30.1693    23.0116    0.89192    1.27464     38.937    6.36917    9.10217  0.000e+00
        158     19.066     27.652   3229.878   8863.170    11.0303   3.419404     1.0183     0.0061     0.1368     0.0085     1.0183     1.1633     18.906    30.1702    23.0122    0.89190    1.27461     38.936    6.36900    9.10194  0.000e+00
        159     19.066     27.652   3229.815   8862.988    11.0294   3.419246     1.0183     0.0073     0.1380     0.0085     1.0183     1.1839     18.906    30.1694    23.0117    0.89192    1.27464     38.937    6.36916    9.10217  0.000e+00
        160     19.066     27.652   3229.879   8862.806    11.0303   3.419088     1.0183     0.0073     0.1368     0.0085     1.0183     1.1633     18.906    30.1671    23.0098    0.89191    1.27463     38.937    6.36913    9.10212  0.000e+00
        161     19.066     27.652   3229.816   8862.624    11.0294   3.418931     1.0183     0.0073     0.1368     0.0085     1.0183     1.1633     18.906    30.1663    23.0093    0.89193    1.27466     38.938    6.36928    9.10234  0.000e+00
        162     19.066     27.652   3229.879   8862.816    11.0303   3.419098     1.0195     0.0073     0.1368     0.0085     1.0195     1.1633     18.906    30.1672    23.0098    0.89466    1.27855     39.057    6.36912    9.10211  0.000e+00
        163     19.066     27.652   3229.817   8862.822    11.0294   3.419102     1.0195     0.0073     0.1380     0.0085     1.0195     1.1839     18.906    30.1680    23.0106    0.89467    1.27857     39.057    6.36922    9.10225  0.000e+00
        164     19.066     27.652   3229.817   8862.827    11.0294   3.419107     1.0183     0.0073     0.1380     0.0085     1.0183     1.1839     18.906    30.1680    23.0106    0.89192    1.27465     38.937    6.36921    9.10224  0.000e+00
        165     19.066     27.652   3229.817   8862.645    11.0294   3.418949     1.0195     0.0073     0.1368     0.0085     1.0195     1.1633     18.906    30.1664    23.0094    0.89468    1.27858     39.058    6.36927    9.10233  0.000e+00
        166     19.066     27.652   3229.818   8862.837    11.0294   3.419116     1.0195     0.0073     0.1355     0.0085     1.0195     1.1426     18.906    30.1681    23.0107    0.89467    1.27857     39.057    6.36921    9.10224  0.000e+00
        167     19.066     27.652   3229.755   8862.843    11.0285   3.419120     1.0208     0.0073     0.1368     0.0085     1.0208     1.1633     18.906    30.1689    23.0115    0.89742    1.28251     39.177    6.36930    9.10237  0.000e+00
        168     19.066     27.652   3229.755   8862.848    11.0285   3.419125     1.0220     0.0073     0.1380     0.0085     1.0220     1.1839     18.906    30.1689    23.0115    0.90017    1.28643     39.297    6.36930    9.10237  0.000e+00
        169     19.066     27.652   3229.756   8862.666    11.0285   3.418967     1.0220     0.0061     0.1380     0.0085     1.0220     1.1839     18.906    30.1674    23.0103    0.90018    1.28644     39.298    6.36936    9.10245  0.000e+00
        170     19.066     27.652   3229.756   8862.859    11.0286   3.419134     1.0220     0.0073     0.1392     0.0085     1.0220     1.2046     18.906    30.1690    23.0115    0.90017    1.28643     39.297    6.36930    9.10236  0.000e+00
        171     19.066     27.652   3229.820   8862.864    11.0295   3.419139     1.0220     0.0073     0.1416     0.0085     1.0220     1.2459     18.906    30.1683    23.0108    0.90016    1.28641     39.297    6.36920    9.10222  0.000e+00
        172     19.066     27.652   3229.757   8862.869    11.0286   3.419143     1.0220     0.0073     0.1392     0.0085     1.0220     1.2046     18.906    30.1691    23.0116    0.90017    1.28643     39.297    6.36929    9.10235  0.000e+00
        173     19.066     27.652   3229.757   8862.874    11.0286   3.419148     1.0220     0.0073     0.1392     0.0085     1.0220     1.2046     18.906    30.1691    23.0116    0.90017    1.28643     39.297    6.36929    9.10235  0.000e+00
        174     19.066     27.652   3229.821   8862.692    11.0295   3.418990     1.0232     0.0073     0.1392     0.0085     1.0232     1.2046     18.906    30.1668    23.0097    0.90291    1.29035     39.417    6.36925    9.10230  0.000e+00
        175     19.066     27.652   3229.758   8862.885    11.0286   3.419157     1.0232     0.0073     0.1380     0.0085     1.0232     1.1839     18.906    30.1692    23.0117    0.90291    1.29035     39.417    6.36928    9.10234  0.000e+00
        176     19.066     27.652   3229.695   8862.890    11.0277   3.419161     1.0220     0.0061     0.1392     0.0085     1.0220     1.2046     18.906    30.1700    23.0125    0.90018    1.28645     39.298    6.36938    9.10248  0.000e+00
        177     19.066     27.652   3229.695   8862.895    11.0277   3.419166     1.0232     0.0073     0.1368     0.0085     1.0232     1.1633     18.906    30.1700    23.0125    0.90292    1.29037     39.417    6.36938    9.10248  0.000e+00
        178     19.066     27.652   3229.759   8862.713    11.0286   3.419008     1.0220     0.0073     0.1368     0.0085     1.0220     1.1633     18.906    30.1677    23.0106    0.90017    1.28644     39.298    6.36934    9.10242  0.000e+00
        179     19.066     27.652   3229.696   8862.906    11.0277   3.419175     1.0232     0.0073     0.1368     0.0085     1.0232     1.1633     18.906    30.1701    23.0126    0.90292    1.29037     39.417    6.36937    9.10247  0.000e+00
        180     19.066     27.652   3229.760   8862.911    11.0286   3.419180     1.0244     0.0073     0.1368     0.0085     1.0244     1.1633     18.906    30.1694    23.0118    0.90565    1.29427     39.537    6.36927    9.10233  0.000e+00
        181     19.066     27.652   3229.697   8862.916    11.0277   3.419184     1.0232     0.0073     0.1355     0.0085     1.0232     1.1426     18.906    30.1702    23.0126    0.90292    1.29037     39.417    6.36937    9.10246  0.000e+00
        182     19.066     27.652   3229.824   8863.109    11.0295   3.419351     1.0244     0.0073     0.1380     0.0085     1.0244     1.1839     18.906    30.1703    23.0124    0.90563    1.29424     39.536    6.36911    9.10209  0.000e+00
        183     19.066     27.652   3229.698   8863.114    11.0277   3.419356     1.0244     0.0073     0.1404     0.0085     1.0244     1.2253     18.906    30.1719    23.0139    0.90566    1.29427     39.537    6.36930    9.10236  0.000e+00
        184     19.066     27.652   3229.698   8863.119    11.0277   3.419360     1.0232     0.0073     0.1368     0.0085     1.0232     1.1633     18.906    30.1719    23.0139    0.90291    1.29035     39.417    6.36930    9.10236  0.000e+00
        185     19.066     27.652   3229.698   8863.124    11.0277   3.419365     1.0244     0.0073     0.1380     0.0085     1.0244     1.1839     18.906    30.1719    23.0140    0.90566    1.29427     39.537    6.36929    9.10236  0.000e+00
        186     19.066     27.652   3229.699   8863.130    11.0277   3.419369     1.0244     0.0073     0.1404     0.0085     1.0244     1.2253     18.906    30.1720    23.0140    0.90566    1.29427     39.537    6.36929    9.10235  0.000e+00
        187     19.066     27.652   3229.825   8863.135    11.0296   3.419374     1.0256     0.0073     0.1380     0.0085     1.0256     1.1839     18.906    30.1705    23.0125    0.90837    1.29816     39.655    6.36909    9.10207  0.000e+00
        188     19.066     27.652   3229.699   8862.953    11.0277   3.419216     1.0256     0.0073     0.1380     0.0085     1.0256     1.1839     18.906    30.1705    23.0128    0.90841    1.29821     39.657    6.36935    9.10244  0.000e+00
        189     19.066     27.652   3229.826   8862.958    11.0296   3.419221     1.0256     0.0073     0.1380     0.0085     1.0256     1.1839     18.906    30.1690    23.0114    0.90838    1.29817     39.656    6.36915    9.10216  0.000e+00
        190     19.066     27.652   3229.637   8863.151    11.0268   3.419387     1.0256     0.0073     0.1380     0.0085     1.0256     1.1839     18.906    30.1729    23.0149    0.90841    1.29821     39.657    6.36938    9.10248  0.000e+00
        191     19.066     27.652   3229.574   8863.156    11.0259   3.419392     1.0256     0.0061     0.1368     0.0085     1.0256     1.1633     18.906    30.1737    23.0156    0.90842    1.29823     39.657    6.36947    9.10261  0.000e+00
        192     19.066     27.652   3229.575   8862.974    11.0259   3.419234     1.0269     0.0073     0.1380     0.0085     1.0269     1.1839     18.906    30.1721    23.0144    0.91118    1.30216     39.778    6.36954    9.10270  0.000e+00
        193     19.066     27.652   3229.638   8862.979    11.0268   3.419239     1.0269     0.0073     0.1355     0.0085     1.0269     1.1426     18.906    30.1714    23.0137    0.91116    1.30214     39.777    6.36944    9.10256  0.000e+00
        194     19.066     27.652   3229.638   8862.985    11.0268   3.419243     1.0269     0.0073     0.1380     0.0085     1.0269     1.1839     18.906    30.1715    23.0138    0.91116    1.30214     39.777    6.36943    9.10256  0.000e+00
        195     19.066     27.652   3229.702   8863.177    11.0278   3.419410     1.0269     0.0073     0.1368     0.0085     1.0269     1.1633     18.906    30.1723    23.0143    0.91114    1.30211     39.776    6.36927    9.10232  0.000e+00
        196     19.066     27.652   3229.576   8862.995    11.0259   3.419253     1.0269     0.0073     0.1368     0.0085     1.0269     1.1633     18.906    30.1723    23.0146    0.91118    1.30216     39.778    6.36953    9.10269  0.000e+00
        197     19.066     27.652   3229.576   8863.000    11.0259   3.419257     1.0269     0.0073     0.1368     0.0085     1.0269     1.1633     18.906    30.1723    23.0146    0.91118    1.30216     39.778    6.36952    9.10269  0.000e+00
