unitTesting/processed_seabird_noalign/ORCA1_CAST0004.cnv
* Sea-Bird SBE 19 Data File:
* FileName =
* Software Version 4.234
* Temperature SN = 2835
* Conductivity SN = 2835
* System UpLoad Time = Wed Jan 19 23:48:47 2005

** Ship: ORCA
** Cruise: Mooring
** Station: Twanoh
** Latitude: 47 22.5
** Longitude: 123 0.5
# nquan = 22
# nvalues = 914                                   
# units = specified
# name 0 = scan: Scan Count
# name 1 = prSM: Pressure, Strain Gauge [db]
# name 2 = prSE: Pressure, Strain Gauge [psi]
# name 3 = f0: Frequency 0
# name 4 = f1: Frequency 1
# name 5 = t090C: Temperature [ITS-90, deg C]
# name 6 = c0S/m: Conductivity [S/m]
# name 7 = v0: Voltage 0
# name 8 = v1: Voltage 1
# name 9 = v2: Voltage 2
# name 10 = v3: Voltage 3
# name 11 = sbeox0V: Oxygen raw, SBE 43 [V]
# name 12 = wetStar: Fluorescence, WET Labs WETstar [mg/m^3]
# name 13 = depSM: Depth [salt water, m], lat = 47.28
# name 14 = sal00: Salinity, Practical [PSU]
# name 15 = sigma-t00: Density [sigma-t, Kg/m^3 ]
# name 16 = sbeox0ML/L: Oxygen, SBE 43 [ml/l]
# name 17 = sbeox0Mg/L: Oxygen, SBE 43 [mg/l]
# name 18 = sbeox0Mm/Kg: Oxygen, SBE 43 [umol/Kg]
# name 19 = oxsatML/L: Oxygen Saturation, Weiss [ml/l]
# name 20 = oxsatMg/L: Oxygen Saturation, Weiss [mg/l]
# name 21 = flag:  0.000e+00
# span 0 =          1,        914                 
# span 1 =      0.996,     29.627                 
# span 2 =      1.444,     42.970                 
# span 3 =   3030.109,   3232.936                 
# span 4 =   7390.124,   8910.182                 
# span 5 =     8.0657,    11.0747                 
# span 6 =   2.249542,   3.460282                 
# span 7 =     0.0000,     3.0330                 
# span 8 =     0.0000,     0.0073                 
# span 9 =     0.0000,     0.6300                 
# span 10 =     0.0000,     0.0098                
# span 11 =     0.0000,     3.0330                
# span 12 =    -1.1506,     9.5097                
# span 13 =      0.988,     29.378                
# span 14 =    20.5210,    30.5410                
# span 15 =    15.8913,    23.2952                
# span 16 =   -1.39371,    5.98255                
# span 17 =   -1.99175,    8.54966                
# span 18 =    -60.833,    262.935                
# span 19 =    6.34961,    7.21310                
# span 20 =    9.07423,   10.30824                
# span 21 = 0.0000e+00, 0.0000e+00                
# interval = seconds: 0.5
# start_time = Jan 31 2016 20:27:01 [DatCnv date, localtime]
# bad_flag = -9.990e-29
*END*
[from data line 66]
         67     18.931     27.458   3232.683   8895.674    11.0710   3.447641     0.0000     0.0012     0.0000     0.0012     0.0000    -1.1506     18.773    30.4130    23.1939   -1.39359   -1.99158    -60.827    6.35363    9.07997  0.000e+00
         68     18.976     27.522   3232.620   8895.671    11.0701   3.447638     0.0000     0.0012     0.0000     0.0012     0.0000    -1.1506     18.817    30.4137    23.1946   -1.39362   -1.99162    -60.828    6.35373    9.08011  0.000e+00
         69     18.931     27.458   3232.683   8895.667    11.0710   3.447635     0.0000     0.0000     0.0000     0.0000     0.0000    -1.1506     18.773    30.4129    23.1939   -1.39359   -1.99158    -60.827    6.35363    9.07997  0.000e+00
         70     18.931     27.458   3232.620   8895.663    11.0701   3.447631     0.0000     0.0000     0.0000     0.0000     0.0000    -1.1506     18.773    30.4137    23.1946   -1.39361   -1.99161    -60.828    6.35373    9.08011  0.000e+00
         71     18.931     27.458   3232.746   8895.659    11.0719   3.447628     0.0000     0.0000     0.0000     0.0000     0.0000    -1.1506     18.773    30.4121    23.1931   -1.39357   -1.99155    -60.826    6.35354    9.07984  0.000e+00
         72     18.931     27.458   3232.683   8895.656    11.0710   3.447625     0.0000     0.0000     0.0000     0.0000     0.0000    -1.1506     18.773    30.4128    23.1938   -1.39359   -1.99158    -60.827    6.35364    9.07998  0.000e+00
         73     18.931     27.458   3232.683   8895.652    11.0710   3.447622     0.0000     0.0000     0.0000     0.0000     0.0000    -1.1506     18.773    30.4128    23.1938   -1.39359   -1.99158    -60.827    6.35364    9.07998  0.000e+00
         74     18.931     27.458   3232.683   8895.835    11.0710   3.447781     0.0000     0.0000     0.0000     0.0000     0.0000    -1.1506     18.773    30.4144    23.1950   -1.39358   -1.99156    -60.826    6.35357    9.07989  0.000e+00
         75     18.931     27.458   3232.683   8895.645    11.0710   3.447615     0.0000     0.0000     0.0000     0.0012     0.0000    -1.1506     18.773    30.4128    23.1937   -1.39359   -1.99158    -60.827    6.35364    9.07999  0.000e+00
         76     18.931     27.458   3232.620   8895.641    11.0701   3.447612     0.0000     0.0012     0.0000     0.0012     0.0000    -1.1506     18.773    30.4135    23.1944   -1.39361   -1.99161    -60.828    6.35374    9.08012  0.000e+00
         77     18.931     27.458   3232.620   8895.637    11.0701   3.447609     0.0000     0.0000     0.0000     0.0012     0.0000    -1.1506     18.773    30.4134    23.1944   -1.39361   -1.99161    -60.828    6.35374    9.08013  0.000e+00
         78     18.931     27.458   3232.620   8895.633    11.0701   3.447605     0.0000     0.0000     0.0000     0.0012     0.0000    -1.1506     18.773    30.4134    23.1944   -1.39361   -1.99161    -60.828    6.35374    9.08013  0.000e+00
         79     18.931     27.458   3232.683   8895.630    11.0710   3.447602     0.0000     0.0000     0.0000     0.0000     0.0000    -1.1506     18.773    30.4126    23.1936   -1.39359   -1.99158    -60.827    6.35364    9.07999  0.000e+00
         80     18.931     27.458   3232.683   8895.626    11.0710   3.447599     0.0000     0.0000     0.0000     0.0000     0.0000    -1.1506     18.773    30.4126    23.1936   -1.39359   -1.99158    -60.827    6.35365    9.07999  0.000e+00
         81     18.931     27.458   3232.620   8895.622    11.0701   3.447596     0.0000     0.0000     0.0000     0.0000     0.0000    -1.1506     18.773    30.4133    23.1943   -1.39361   -1.99161    -60.828    6.35374    9.08013  0.000e+00
         82     18.931     27.458   3232.620   8895.619    11.0701   3.447592     0.0000     0.0000     0.0000     0.0000     0.0000    -1.1506     18.773    30.4133    23.1943   -1.39361   -1.99161    -60.828    6.35374    9.08014  0.000e+00
         83     18.931     27.458   3232.620   8895.615    11.0701   3.447589     0.0000     0.0000     0.0000     0.0000     0.0000    -1.1506     18.773    30.4133    23.1943   -1.39361   -1.99161    -60.828    6.35375    9.08014  0.000e+00
         84     18.931     27.458   3232.620   8895.611    11.0701   3.447586     0.0000     0.0000     0.0000     0.0012     0.0000    -1.1506     18.773    30.4132    23.1942   -1.39361   -1.99161    -60.828    6.35375    9.08014  0.000e+00
         85     18.931     27.458   3232.620   8894.302    11.0701   3.446447     0.0000     0.0000     0.0000     0.0000     0.0000    -1.1506     18.773    30.4021    23.1856   -1.39371   -1.99175    -60.833    6.35419    9.08078  0.000e+00
         86     18.931     27.458   3232.809   8897.841    11.0728   3.449527     1.0623     0.0073     0.0000     0.0085     1.0623    -1.1506     18.773    30.4299    23.2067    0.98820    1.41223     43.132    6.35270    9.07864  0.000e+00
         87     18.931     27.458   3232.683   8898.023    11.0710   3.449686     1.0916     0.0073     0.1087     0.0085     1.0916     0.6881     18.773    30.4330    23.2095    1.05392    1.50615     46.000    6.35283    9.07883  0.000e+00
         88     18.931     27.458   3232.746   8898.206    11.0719   3.449845     1.0916     0.0073     0.1245     0.0085     1.0916     0.9567     18.773    30.4338    23.2099    1.05389    1.50611     45.999    6.35267    9.07860  0.000e+00
         89     18.931     27.458   3232.683   8898.202    11.0710   3.449841     1.1050     0.0073     0.1233     0.0085     1.1050     0.9360     18.773    30.4345    23.2106    1.08402    1.54917     47.314    6.35277    9.07874  0.000e+00
         90     18.931     27.458   3232.746   8898.198    11.0719   3.449838     1.1233     0.0073     0.1245     0.0085     1.1233     0.9567     18.773    30.4337    23.2099    1.12506    1.60783     49.106    6.35267    9.07860  0.000e+00
         91     18.931     27.458   3232.746   8898.195    11.0719   3.449835     1.1404     0.0073     0.1245     0.0085     1.1404     0.9567     18.773    30.4337    23.2098    1.16339    1.66260     50.778    6.35267    9.07860  0.000e+00
         92     18.931     27.458   3232.746   8898.005    11.0719   3.449669     1.1587     0.0073     0.1233     0.0085     1.1587     0.9360     18.773    30.4321    23.2086    1.20446    1.72130     52.571    6.35274    9.07870  0.000e+00
         93     18.931     27.458   3232.683   8898.001    11.0710   3.449666     1.1770     0.0073     0.1245     0.0085     1.1770     0.9567     18.773    30.4328    23.2093    1.24554    1.78000     54.364    6.35284    9.07884  0.000e+00
         94     18.931     27.458   3232.809   8897.811    11.0728   3.449501     1.1917     0.0061     0.1294     0.0085     1.1917     1.0393     18.773    30.4297    23.2066    1.27837    1.82692     55.797    6.35271    9.07865  0.000e+00
         95     18.931     27.458   3232.746   8897.621    11.0719   3.449335     1.2051     0.0073     0.1306     0.0085     1.2051     1.0600     18.773    30.4288    23.2060    1.30851    1.87000     57.113    6.35287    9.07888  0.000e+00
         96     18.931     27.458   3232.746   8897.617    11.0719   3.449332     1.2173     0.0073     0.1258     0.0098     1.2173     0.9774     18.773    30.4288    23.2060    1.33589    1.90912     58.308    6.35287    9.07889  0.000e+00
         97     18.931     27.458   3232.683   8897.427    11.0710   3.449167     1.2271     0.0073     0.1270     0.0085     1.2271     0.9980     18.773    30.4279    23.2055    1.35782    1.94046     59.265    6.35303    9.07912  0.000e+00
         98     18.931     27.458   3232.683   8897.423    11.0710   3.449163     1.2369     0.0061     0.1306     0.0085     1.2369     1.0600     18.773    30.4279    23.2055    1.37972    1.97176     60.221    6.35303    9.07912  0.000e+00
         99     18.931     27.458   3232.746   8897.792    11.0719   3.449485     1.2479     0.0073     0.1319     0.0085     1.2479     1.0806     18.773    30.4303    23.2072    1.40431    2.00690     61.294    6.35281    9.07880  0.000e+00
        100     18.931     27.458   3232.683   8897.602    11.0710   3.449319     1.2589     0.0073     0.1306     0.0085     1.2589     1.0600     18.773    30.4294    23.2067    1.42899    2.04216     62.371    6.35297    9.07903  0.000e+00
        101     18.931     27.458   3232.746   8897.598    11.0719   3.449316     1.2662     0.0073     0.1331     0.0085     1.2662     1.1013     18.773    30.4286    23.2059    1.44539    2.06561     63.087    6.35288    9.07890  0.000e+00
        102     18.931     27.458   3232.809   8897.781    11.0728   3.449475     1.2735     0.0061     0.1404     0.0085     1.2735     1.2253     18.773    30.4294    23.2064    1.46178    2.08903     63.803    6.35272    9.07867  0.000e+00
        103     18.931     27.458   3232.809   8897.777    11.0728   3.449472     1.2784     0.0073     0.1258     0.0085     1.2784     0.9774     18.773    30.4294    23.2063    1.47273    2.10468     64.280    6.35272    9.07867  0.000e+00
        104     18.931     27.458   3232.872   8897.774    11.0738   3.449468     1.2845     0.0073     0.1270     0.0085     1.2845     0.9980     18.773    30.4286    23.2056    1.48640    2.12421     64.877    6.35262    9.07853  0.000e+00
        105     18.931     27.458   3232.746   8897.770    11.0719   3.449465     1.2882     0.0073     0.1429     0.0098     1.2882     1.2666     18.773    30.4301    23.2070    1.49465    2.13601     65.237    6.35282    9.07881  0.000e+00
        106     18.931     27.458   3232.809   8897.953    11.0728   3.449624     1.2930     0.0073     0.1282     0.0085     1.2930     1.0187     18.773    30.4309    23.2075    1.50557    2.15161     65.714    6.35266    9.07859  0.000e+00
        107     18.931     27.458   3232.809   8897.762    11.0728   3.449459     1.2967     0.0073     0.1245     0.0085     1.2967     0.9567     18.773    30.4293    23.2062    1.51380    2.16336     66.073    6.35272    9.07868  0.000e+00
        108     18.931     27.458   3232.746   8897.945    11.0719   3.449618     1.3004     0.0073     0.1270     0.0085     1.3004     0.9980     18.773    30.4316    23.2082    1.52201    2.17511     66.431    6.35276    9.07873  0.000e+00
        109     18.976     27.522   3232.746   8897.755    11.0719   3.449452     1.3040     0.0073     0.1306     0.0085     1.3040     1.0600     18.817    30.4300    23.2069    1.53025    2.18688     66.791    6.35282    9.07882  0.000e+00
        110     18.931     27.458   3232.809   8897.938    11.0728   3.449611     1.3065     0.0073     0.1282     0.0085     1.3065     1.0187     18.773    30.4308    23.2074    1.53568    2.19464     67.028    6.35266    9.07859  0.000e+00
        111     18.931     27.458   3232.809   8897.748    11.0728   3.449446     1.3089     0.0073     0.1258     0.0098     1.3089     0.9774     18.773    30.4291    23.2061    1.54117    2.20249     67.268    6.35273    9.07869  0.000e+00
        112     18.976     27.522   3232.809   8897.744    11.0728   3.449442     1.3101     0.0073     0.1258     0.0085     1.3101     0.9774     18.817    30.4291    23.2061    1.54392    2.20641     67.388    6.35273    9.07869  0.000e+00
        113     18.931     27.458   3232.809   8897.740    11.0728   3.449439     1.3114     0.0073     0.1258     0.0085     1.3114     0.9774     18.773    30.4291    23.2061    1.54665    2.21031     67.507    6.35273    9.07869  0.000e+00
        114     18.931     27.458   3232.872   8897.923    11.0738   3.449598     1.3126     0.0073     0.1270     0.0085     1.3126     0.9980     18.773    30.4299    23.2065    1.54935    2.21417     67.624    6.35257    9.07846  0.000e+00
        115     18.931     27.458   3232.872   8897.919    11.0738   3.449595     1.3138     0.0073     0.1245     0.0085     1.3138     0.9567     18.773    30.4299    23.2065    1.55208    2.21808     67.744    6.35257    9.07846  0.000e+00
        116     18.976     27.522   3232.872   8897.915    11.0738   3.449592     1.3150     0.0061     0.1270     0.0085     1.3150     0.9980     18.817    30.4298    23.2065    1.55483    2.22201     67.864    6.35258    9.07847  0.000e+00
        117     18.931     27.458   3232.872   8897.725    11.0738   3.449426     1.3162     0.0073     0.1270     0.0085     1.3162     0.9980     18.773    30.4282    23.2052    1.55758    2.22593     67.984    6.35264    9.07856  0.000e+00
        118     18.931     27.458   3232.746   8897.908    11.0719   3.449585     1.3162     0.0073     0.1258     0.0085     1.3162     0.9774     18.773    30.4313    23.2079    1.55760    2.22597     67.985    6.35277    9.07874  0.000e+00
        119     18.976     27.522   3232.809   8897.904    11.0728   3.449582     1.3175     0.0073     0.1282     0.0085     1.3175     1.0187     18.817    30.4305    23.2072    1.56033    2.22987     68.104    6.35268    9.07861  0.000e+00
        120     18.931     27.458   3232.746   8897.900    11.0719   3.449579     1.3175     0.0073     0.1258     0.0098     1.3175     0.9774     18.773    30.4312    23.2079    1.56034    2.22988     68.104    6.35277    9.07875  0.000e+00
        121     18.931     27.458   3232.872   8897.897    11.0738   3.449575     1.3175     0.0073     0.1282     0.0098     1.3175     1.0187     18.773    30.4297    23.2064    1.56030    2.22982     68.103    6.35258    9.07847  0.000e+00
        122     18.931     27.458   3232.809   8897.893    11.0728   3.449572     1.3187     0.0073     0.1258     0.0085     1.3187     0.9774     18.773    30.4304    23.2071    1.56306    2.23377     68.223    6.35268    9.07861  0.000e+00
        123     18.931     27.458   3232.809   8897.889    11.0728   3.449569     1.3199     0.0073     0.1270     0.0085     1.3199     0.9980     18.773    30.4304    23.2071    1.56580    2.23768     68.342    6.35268    9.07862  0.000e+00
        124     18.931     27.458   3232.872   8897.886    11.0738   3.449566     1.3199     0.0073     0.1258     0.0085     1.3199     0.9774     18.773    30.4296    23.2063    1.56577    2.23765     68.342    6.35259    9.07848  0.000e+00
        125     18.931     27.458   3232.788   8897.884    11.0725   3.449565     1.3211     0.0073     0.1258     0.0085     1.3211     0.9774     18.773    30.4306    23.2073    1.56854    2.24160     68.462    6.35271    9.07866  0.000e+00
        126     18.976     27.522   3232.704   8897.884    11.0713   3.449564     1.3199     0.0061     0.1258     0.0073     1.3199     0.9774     18.817    30.4316    23.2083    1.56584    2.23775     68.344    6.35284    9.07885  0.000e+00
        127     18.976     27.522   3232.620   8897.883    11.0701   3.449564     1.3223     0.0073     0.1282     0.0085     1.3223     1.0187     18.817    30.4326    23.2093    1.57135    2.24561     68.585    6.35297    9.07903  0.000e+00
        128     18.976     27.522   3232.809   8898.070    11.0728   3.449727     1.3223     0.0073     0.1282     0.0098     1.3223     1.0187     18.817    30.4319    23.2083    1.57127    2.24550     68.581    6.35262    9.07853  0.000e+00
        129     18.931     27.458   3232.809   8897.885    11.0728   3.449565     1.3211     0.0073     0.1258     0.0085     1.3211     0.9774     18.773    30.4303    23.2070    1.56853    2.24159     68.462    6.35268    9.07862  0.000e+00
        130     18.931     27.458   3232.936   8897.699    11.0747   3.449404     1.3223     0.0073     0.1282     0.0085     1.3223     1.0187     18.773    30.4272    23.2043    1.57124    2.24546     68.580    6.35255    9.07843  0.000e+00
        131     18.931     27.458   3232.810   8897.700    11.0729   3.449404     1.3223     0.0073     0.1270     0.0085     1.3223     0.9980     18.773    30.4287    23.2058    1.57129    2.24553     68.582    6.35274    9.07871  0.000e+00
