unitTesting/processed_seabird_noalign/ORCA1_CAST0020.cnv
* Sea-Bird SBE 19 Data File:
* FileName =
* Software Version 4.234
* Temperature SN = 2835
* Conductivity SN = 2835
* System UpLoad Time = Sun Jan 23 23:57:17 2005

** Ship: ORCA
** Cruise: Mooring
** Station: Twanoh
** Latitude: 47 22.5
** Longitude: 123 0.5
# nquan = 22
# nvalues = 908                                   
# units = specified
# name 0 = scan: Scan Count
# name 1 = prSM: Pressure, Strain Gauge [db]
# name 2 = prSE: Pressure, Strain Gauge [psi]
# name 3 = f0: Frequency 0
# name 4 = f1: Frequency 1
# name 5 = t090C: Temperature [ITS-90, deg C]
# name 6 = c0S/m: Conductivity [S/m]
# name 7 = v0: Voltage 0
# name 8 = v1: Voltage 1
# name 9 = v2: Voltage 2
# name 10 = v3: Voltage 3
# name 11 = sbeox0V: Oxygen raw, SBE 43 [V]
# name 12 = wetStar: Fluorescence, WET Labs WETstar [mg/m^3]
# name 13 = depSM: Depth [salt water, m], lat = 47.28
# name 14 = sal00: Salinity, Practical [PSU]
# name 15 = sigma-t00: Density [sigma-t, Kg/m^3 ]
# name 16 = sbeox0ML/L: Oxygen, SBE 43 [ml/l]
# name 17 = sbeox0Mg/L: Oxygen, SBE 43 [mg/l]
# name 18 = sbeox0Mm/Kg: Oxygen, SBE 43 [umol/Kg]
# name 19 = oxsatML/L: Oxygen Saturation, Weiss [ml/l]
# name 20 = oxsatMg/L: Oxygen Saturation, Weiss [mg/l]
# name 21 = flag:  0.000e+00
# span 0 =          1,        908                 
# span 1 =      0.996,     29.627                 
# span 2 =      1.444,     42.970                 
# span 3 =   3071.824,   3233.278                 
# span 4 =   7308.606,   8905.210                 
# span 5 =     8.6960,    11.0796                 
# span 6 =   2.191069,   3.455949                 
# span 7 =     0.0000,     3.1734                 
# span 8 =     0.0000,     0.0073                 
# span 9 =     0.0000,     0.3700                 
# span 10 =     0.0000,     0.0098                
# span 11 =     0.0000,     3.1734                
# span 12 =    -1.1506,     5.1092                
# span 13 =      0.988,     29.378                
# span 14 =    19.7252,    30.4985                
# span 15 =    15.2243,    23.2621                
# span 16 =   -1.39596,    6.29798                
# span 17 =   -1.99497,    9.00045                
# span 18 =    -60.940,    276.868                
# span 19 =    6.35162,    7.17336                
# span 20 =    9.07710,   10.25145                
# span 21 = 0.0000e+00, 0.0000e+00                
# interval = seconds: 0.5
# start_time = Jan 31 2016 20:27:15 [DatCnv date, localtime]
# bad_flag = -9.990e-29
*END*
[from data line 461]
        462      1.041      1.509   3118.115   7820.953     9.3883   2.569472     1.6300     0.0073     0.2149     0.0085     1.6300     2.4855      1.032    23.0358    17.7154    2.44851    3.49917    107.447    6.91212    9.87812  0.000e+00
        463      1.041      1.509   3109.451   7610.716     9.2593   2.411055     1.6508     0.0073     0.2295     0.0098     1.6508     2.7334      1.032    21.5599    16.5830    2.52955    3.61497    111.127    6.99814   10.00104  0.000e+00
        464      1.041      1.509   3097.815   7417.124     9.0856   2.269048     1.6667     0.0073     0.2442     0.0085     1.6667     2.9813      1.032    20.2713    15.6015    2.59951    3.71496    114.311    7.08420   10.12403  0.000e+00
        465      0.996      1.444   3084.217   7412.430     8.8820   2.265652     1.6874     0.0073     0.2405     0.0085     1.6874     2.9193      0.988    20.3540    15.6917    2.66143    3.80345    117.023    7.11379   10.16631  0.000e+00
        466      1.041      1.509   3080.928   7417.578     8.8327   2.269379     1.7070     0.0073     0.2430     0.0085     1.7070     2.9606      1.032    20.4189    15.7485    2.71201    3.87573    119.240    7.11894   10.17368  0.000e+00
        467      1.041      1.509   3080.992   7416.016     8.8337   2.268248     1.7326     0.0073     0.2466     0.0085     1.7326     3.0226      1.032    20.4073    15.7393    2.77622    3.96750    122.065    7.11932   10.17422  0.000e+00
        468      1.041      1.509   3080.866   7399.674     8.8318   2.256431     1.7558     0.0073     0.2161     0.0085     1.7558     2.5061      1.032    20.2920    15.6497    2.83639    4.05349    124.722    7.12489   10.18218  0.000e+00
        469      1.041      1.509   3079.411   7378.127     8.8099   2.240892     1.7863     0.0073     0.2784     0.0085     1.7863     3.5598      1.032    20.1516    15.5428    2.91673    4.16830    128.268    7.13491   10.19650  0.000e+00
        470      1.041      1.509   3078.336   7374.532     8.7938   2.238305     1.8242     0.0073     0.2454     0.0085     1.8242     3.0020      1.032    20.1352    15.5321    3.01288    4.30571    132.497    7.13832   10.20137  0.000e+00
        471      1.041      1.509   3077.893   7372.286     8.7871   2.236688     1.8694     0.0061     0.2503     0.0085     1.8694     3.0846      1.032    20.1231    15.5234    3.12675    4.46844    137.506    7.13997   10.20374  0.000e+00
        472      1.041      1.509   3077.324   7365.987     8.7786   2.232158     1.9231     0.0073     0.2747     0.0098     1.9231     3.4978      1.032    20.0833    15.4935    3.26281    4.66288    143.494    7.14321   10.20836  0.000e+00
        473      1.041      1.509   3077.008   7359.908     8.7739   2.227789     1.9829     0.0061     0.3040     0.0085     1.9829     3.9936      1.032    20.0430    15.4626    3.41402    4.87898    150.149    7.14584   10.21212  0.000e+00
        474      1.041      1.509   3076.250   7337.114     8.7625   2.211442     2.0537     0.0073     0.2527     0.0098     2.0537     3.1259      1.032    19.8886    15.3436    3.59606    5.13913    158.173    7.15480   10.22493  0.000e+00
        475      1.041      1.509   3074.858   7335.987     8.7416   2.210635     2.1270     0.0073     0.2479     0.0085     2.1270     3.0433      1.032    19.8924    15.3491    3.78164    5.40434    166.335    7.15810   10.22964  0.000e+00
        476      0.996      1.444   3074.353   7338.025     8.7340   2.212094     2.2039     0.0073     0.2759     0.0085     2.2039     3.5185      0.988    19.9110    15.3645    3.97502    5.68070    174.838    7.15851   10.23022  0.000e+00
        477      0.996      1.444   3073.847   7319.469     8.7264   2.198822     2.2821     0.0061     0.2198     0.0085     2.2821     2.5681      0.988    19.7846    15.2669    4.17539    5.96705    183.669    7.16557   10.24032  0.000e+00
        478      1.041      1.509   3072.645   7316.299     8.7083   2.196559     2.3639     0.0073     0.2222     0.0085     2.3639     2.6094      1.032    19.7724    15.2596    4.38319    6.26401    192.811    7.16914   10.24541  0.000e+00
        479      1.041      1.509   3072.266   7313.127     8.7026   2.194295     2.4408     0.0073     0.2295     0.0085     2.4408     2.7334      1.032    19.7533    15.2453    4.57783    6.54218    201.376    7.17097   10.24803  0.000e+00
        480      1.041      1.509   3072.013   7314.491     8.6988   2.195268     2.5116     0.0073     0.2186     0.0085     2.5116     2.5475      1.032    19.7650    15.2549    4.75607    6.79689    209.214    7.17106   10.24816  0.000e+00
        481      1.041      1.509   3072.077   7311.092     8.6998   2.192843     2.5763     0.0073     0.2063     0.0098     2.5763     2.3409      1.032    19.7406    15.2358    4.91957    7.03056    216.411    7.17202   10.24954  0.000e+00
        482      1.041      1.509   3072.203   7316.765     8.7017   2.196892     2.6374     0.0073     0.2186     0.0085     2.6374     2.5475      1.032    19.7794    15.2658    5.07174    7.24802    223.098    7.16992   10.24654  0.000e+00
        483      1.041      1.509   3072.140   7311.099     8.7007   2.192847     2.6960     0.0073     0.2002     0.0085     2.6960     2.2376      1.032    19.7401    15.2353    5.22062    7.46078    229.654    7.17189   10.24934  0.000e+00
        484      1.041      1.509   3071.824   7308.606     8.6960   2.191069     2.7485     0.0073     0.1978     0.0085     2.7485     2.1963      1.032    19.7252    15.2243    5.35381    7.65113    235.516    7.17336   10.25145  0.000e+00
        485      1.041      1.509   3072.309   7318.874     8.7033   2.198398     2.7924     0.0073     0.2076     0.0098     2.7924     2.3615      1.032    19.7933    15.2765    5.46120    7.80460    240.227    7.16902   10.24524  0.000e+00
        486      1.085      1.574   3072.794   7329.140     8.7105   2.205735     2.8352     0.0073     0.2015     0.0073     2.8352     2.2582      1.076    19.8615    15.3288    5.56542    7.95354    244.799    7.16467   10.23903  0.000e+00
        487      1.041      1.509   3073.279   7339.404     8.7178   2.213082     2.8755     0.0073     0.1905     0.0085     2.8755     2.0723      1.032    19.9298    15.3812    5.66330    8.09343    249.092    7.16032   10.23282  0.000e+00
        488      1.041      1.509   3074.671   7363.994     8.7387   2.230725     2.9145     0.0073     0.2247     0.0085     2.9145     2.6508      1.032    20.0918    15.5050    5.75287    8.22143    253.001    7.14942   10.21724  0.000e+00
        489      0.996      1.444   3075.746   7365.117     8.7549   2.231532     2.9438     0.0073     0.1917     0.0085     2.9438     2.0930      0.988    20.0906    15.5021    5.82435    8.32358    256.145    7.14680   10.21349  0.000e+00
        490      1.041      1.509   3077.391   7394.557     8.7796   2.252738     2.9756     0.0073     0.1893     0.0098     2.9756     2.0516      1.032    20.2854    15.6510    5.89347    8.42236    259.146    7.13380   10.19491  0.000e+00
        491      1.041      1.509   3079.351   7433.036     8.8090   2.280582     3.0012     0.0073     0.1868     0.0085     3.0012     2.0103      1.032    20.5430    15.8482    5.94403    8.49462    261.319    7.11719   10.17117  0.000e+00
        492      0.996      1.444   3081.692   7428.569     8.8441   2.277342     3.0244     0.0073     0.1917     0.0085     3.0244     2.0930      0.988    20.4908    15.8031    5.99937    8.57370    263.764    7.11378   10.16631  0.000e+00
        493      1.041      1.509   3082.324   7441.505     8.8536   2.286730     3.0427     0.0073     0.1856     0.0085     3.0427     1.9897      1.032    20.5778    15.8698    6.04052    8.63251    265.555    7.10826   10.15842  0.000e+00
        494      0.996      1.444   3083.146   7480.629     8.8660   2.315225     3.0623     0.0061     0.1905     0.0085     3.0623     2.0723      0.988    20.8514    16.0817    6.07693    8.68455    267.100    7.09380   10.13774  0.000e+00
        495      0.996      1.444   3085.170   7473.305     8.8963   2.309879     3.0757     0.0073     0.1880     0.0085     3.0757     2.0310      0.988    20.7810    16.0229    6.10911    8.73053    268.530    7.09202   10.13521  0.000e+00
        496      1.041      1.509   3085.486   7477.518     8.9010   2.312953     3.0879     0.0061     0.1868     0.0085     3.0879     2.0103      1.032    20.8085    16.0438    6.13783    8.77157    269.787    7.09000   10.13232  0.000e+00
        497      0.996      1.444   3086.119   7501.212     8.9105   2.330276     3.1026     0.0073     0.1856     0.0085     3.1026     1.9897      0.988    20.9736    16.1713    6.16646    8.81249    271.011    7.08096   10.11940  0.000e+00
        498      1.041      1.509   3087.510   7513.140     8.9314   2.339018     3.1172     0.0061     0.1856     0.0085     3.1172     1.9897      1.032    21.0475    16.2263    6.19718    8.85639    272.347    7.07421   10.10975  0.000e+00
        499      1.041      1.509   3087.953   7509.383     8.9380   2.336263     3.1319     0.0073     0.2015     0.0098     3.1319     2.2582      1.032    21.0164    16.2012    6.23391    8.90888    273.968    7.07453   10.11022  0.000e+00
        500      1.041      1.509   3087.637   7471.958     8.9333   2.308896     3.1416     0.0073     0.1917     0.0085     3.1416     2.0930      1.032    20.7497    15.9938    6.26950    8.95974    275.588    7.08739   10.12859  0.000e+00
        501      1.041      1.509   3085.296   7450.168     8.8982   2.293026     3.1490     0.0073     0.2283     0.0098     3.1490     2.7127      1.032    20.6140    15.8924    6.29798    9.00045    276.868    7.09930   10.14561  0.000e+00
        502      1.130      1.639   3084.790   7567.023     8.8906   2.378683     3.1563     0.0073     0.2051     0.0085     3.1563     2.3202      1.121    21.4634    16.5558    6.28309    8.97916    276.033    7.06203   10.09235  0.000e+00
        503      1.264      1.833   3090.736   7710.979     8.9797   2.486063     3.1636     0.0073     0.1868     0.0085     3.1636     2.0103      1.254    22.4716    17.3307    6.24878    8.93014    274.317    7.00224   10.00690  0.000e+00
        504      1.354      1.963   3100.539   7793.352     9.1263   2.548427     3.1685     0.0061     0.1929     0.0085     3.1685     2.1136      1.342    22.9964    17.7203    6.22023    8.88933    272.958    6.95536    9.93990  0.000e+00
        505      1.488      2.158   3106.484   7886.860     9.2150   2.620037     3.1734     0.0073     0.1880     0.0085     3.1734     2.0310      1.475    23.6482    18.2165    6.19456    8.85264    271.700    6.91241    9.87853  0.000e+00
        506      1.577      2.287   3114.199   8006.249     9.3300   2.712724     3.1734     0.0073     0.1868     0.0085     3.1734     2.0103      1.564    24.4907    18.8573    6.14627    8.78364    269.412    6.85734    9.79983  0.000e+00
        507      1.711      2.482   3122.357   8080.689     9.4513   2.771229     3.1722     0.0073     0.1880     0.0085     3.1722     2.0310      1.697    24.9877    19.2275    6.10818    8.72920    267.645    6.81683    9.74193  0.000e+00
        508      1.801      2.612   3126.910   8098.524     9.5190   2.785327     3.1734     0.0073     0.2002     0.0098     3.1734     2.2376      1.786    25.0804    19.2900    6.09880    8.71580    267.218    6.80238    9.72128  0.000e+00
        509      1.935      2.806   3128.807   8150.173     9.5471   2.826334     3.1722     0.0073     0.2161     0.0085     3.1722     2.5061      1.919    25.4673    19.5874    6.07735    8.68514    266.200    6.78131    9.69116  0.000e+00
        510      2.024      2.936   3131.527   8212.814     9.5875   2.876423     3.1722     0.0073     0.2186     0.0098     3.1722     2.5475      2.007    25.9358    19.9466    6.05413    8.65196    265.090    6.75494    9.65348  0.000e+00
        511      2.158      3.130   3131.021   8243.452     9.5800   2.901062     3.1734     0.0073     0.2222     0.0085     3.1734     2.6094      2.140    26.1862    20.1429    6.04845    8.64384    264.790    6.74531    9.63972  0.000e+00
        512      2.293      3.325   3128.428   8269.163     9.5415   2.921812     3.1697     0.0073     0.2149     0.0098     3.1697     2.4855      2.273    26.4210    20.3315    6.03576    8.62570    264.186    6.74108    9.63367  0.000e+00
        513      2.427      3.520   3129.945   8332.900     9.5640   2.973531     3.1612     0.0073     0.1966     0.0085     3.1612     2.1756      2.406    26.9203    20.7175    5.99366    8.56553    262.244    6.71625    9.59819  0.000e+00
        514      2.561      3.714   3138.735   8398.523     9.6943   3.027200     3.1429     0.0073     0.2088     0.0085     3.1429     2.3822      2.539    27.3578    21.0389    5.91770    8.45699    258.839    6.67797    9.54348  0.000e+00
        515      2.695      3.909   3146.070   8450.890     9.8028   3.070333     3.1111     0.0073     0.2564     0.0085     3.1111     3.1879      2.673    27.7049    21.2930    5.81712    8.31324    254.376    6.64704    9.49928  0.000e+00
        516      2.829      4.103   3150.560   8488.486     9.8692   3.101468     3.0684     0.0061     0.2088     0.0085     3.0684     2.3822      2.806    27.9640    21.4846    5.70002    8.14590    249.209    6.62625    9.46958  0.000e+00
        517      2.919      4.233   3153.722   8528.640     9.9159   3.134876     3.0147     0.0073     0.2369     0.0085     3.0147     2.8574      2.894    28.2605    21.7084    5.55901    7.94437    242.990    6.60688    9.44190  0.000e+00
        518      3.053      4.428   3154.796   8546.122     9.9317   3.149470     2.9524     0.0073     0.2405     0.0085     2.9524     2.9193      3.027    28.3934    21.8096    5.40809    7.72870    236.370    6.59897    9.43059  0.000e+00
        519      3.187      4.622   3157.073   8568.409     9.9653   3.168120     2.8901     0.0073     0.2576     0.0085     2.8901     3.2086      3.160    28.5528    21.9285    5.25469    7.50947    229.639    6.58736    9.41399  0.000e+00
        520      3.410      4.946   3161.625   8582.718    10.0324   3.180119     2.8242     0.0073     0.2503     0.0085     2.8242     3.0846      3.382    28.6192    21.9697    5.09283    7.27816    222.556    6.57474    9.39596  0.000e+00
        521      3.500      5.076   3165.545   8589.475    10.0901   3.185793     2.7582     0.0073     0.2479     0.0085     2.7582     3.0433      3.471    28.6300    21.9689    4.93416    7.05141    215.623    6.56586    9.38326  0.000e+00
        522      3.634      5.271   3167.126   8590.051    10.1134   3.186276     2.6935     0.0073     0.2637     0.0085     2.6935     3.3119      3.604    28.6164    21.9546    4.78291    6.83526    209.016    6.56303    9.37922  0.000e+00
        523      3.813      5.530   3167.632   8594.487    10.1208   3.190004     2.6276     0.0073     0.2894     0.0085     2.6276     3.7457      3.781    28.6474    21.9776    4.62919    6.61558    202.294    6.56065    9.37582  0.000e+00
        524      3.947      5.725   3167.948   8597.570    10.1255   3.192596     2.5617     0.0073     0.3065     0.0085     2.5617     4.0349      3.914    28.6695    21.9941    4.47607    6.39675    195.599    6.55905    9.37354  0.000e+00
        525      4.036      5.854   3168.264   8603.352    10.1301   3.197459     2.4945     0.0073     0.3443     0.0085     2.4945     4.6754      4.003    28.7141    22.0280    4.31955    6.17307    188.753    6.55652    9.36992  0.000e+00
        526      4.171      6.049   3169.086   8607.010    10.1422   3.200538     2.4298     0.0073     0.3700     0.0085     2.4298     5.1092      4.136    28.7350    22.0424    4.16878    5.95760    182.162    6.55389    9.36616  0.000e+00
