unitTesting/processed_seabird_noalign/ORCA1_CAST0022.cnv
* Sea-Bird SBE 19 Data File:
* FileName =
* Software Version 4.234
* Temperature SN = 2835
* Conductivity SN = 2835
* System UpLoad Time = Mon Jan 24 11:58:08 2005

** Ship: ORCA
** Cruise: Mooring
** Station: Twanoh
** Latitude: 47 22.5
** Longitude: 123 0.5
# nquan = 22
# nvalues = 873                                   
# units = specified
# name 0 = scan: Scan Count
# name 1 = prSM: Pressure, Strain Gauge [db]
# name 2 = prSE: Pressure, Strain Gauge [psi]
# name 3 = f0: Frequency 0
# name 4 = f1: Frequency 1
# name 5 = t090C: Temperature [ITS-90, deg C]
# name 6 = c0S/m: Conductivity [S/m]
# name 7 = v0: Voltage 0
# name 8 = v1: Voltage 1
# name 9 = v2: Voltage 2
# name 10 = v3: Voltage 3
# name 11 = sbeox0V: Oxygen raw, SBE 43 [V]
# name 12 = wetStar: Fluorescence, WET Labs WETstar [mg/m^3]
# name 13 = depSM: Depth [salt water, m], lat = 47.28
# name 14 = sal00: Salinity, Practical [PSU]
# name 15 = sigma-t00: Density [sigma-t, Kg/m^3 ]
# name 16 = sbeox0ML/L: Oxygen, SBE 43 [ml/l]
# name 17 = sbeox0Mg/L: Oxygen, SBE 43 [mg/l]
# name 18 = sbeox0Mm/Kg: Oxygen, SBE 43 [umol/Kg]
# name 19 = oxsatML/L: Oxygen Saturation, Weiss [ml/l]
# name 20 = oxsatMg/L: Oxygen Saturation, Weiss [mg/l]
# name 21 = flag:  0.000e+00
# span 0 =          1,        873                 
# span 1 =      0.951,     29.627                 
# span 2 =      1.380,     42.970                 
# span 3 =   3104.761,   3232.848                 
# span 4 =   7625.112,   8897.673                 
# span 5 =     9.1893,    11.0734                 
# span 6 =   2.421764,   3.449384                 
# span 7 =     0.0000,     2.8364                 
# span 8 =     0.0000,     0.0073                 
# span 9 =     0.0000,     0.2759                 
# span 10 =     0.0000,     0.0098                
# span 11 =     0.0000,     2.8364                
# span 12 =    -1.1506,     3.5185                
# span 13 =      0.943,     29.378                
# span 14 =    21.7073,    30.4300                
# span 15 =    16.7071,    23.2080                
# span 16 =   -1.39470,    5.13917                
# span 17 =   -1.99316,    7.34439                
# span 18 =    -60.881,    224.647                
# span 19 =    6.35359,    7.00277                
# span 20 =    9.07991,   10.00766                
# span 21 = 0.0000e+00, 0.0000e+00                
# interval = seconds: 0.5
# start_time = Jan 31 2016 20:27:17 [DatCnv date, localtime]
# bad_flag = -9.990e-29
*END*
[from data line 66]
         67     18.887     27.393   3232.594   8883.366    11.0697   3.436936     0.0000     0.0000     0.0000     0.0012     0.0000    -1.1506     18.728    30.3094    23.1136   -1.39453   -1.99292    -60.873    6.35796    9.08616  0.000e+00
         68     18.931     27.458   3232.531   8883.363    11.0688   3.436933     0.0000     0.0000     0.0000     0.0012     0.0000    -1.1506     18.773    30.3101    23.1143   -1.39455   -1.99296    -60.874    6.35806    9.08630  0.000e+00
         69     18.887     27.393   3232.594   8883.359    11.0697   3.436930     0.0000     0.0012     0.0000     0.0012     0.0000    -1.1506     18.728    30.3093    23.1135   -1.39453   -1.99292    -60.873    6.35796    9.08616  0.000e+00
         70     18.887     27.393   3232.657   8883.542    11.0706   3.437089     0.0000     0.0012     0.0000     0.0012     0.0000    -1.1506     18.728    30.3101    23.1140   -1.39449   -1.99287    -60.871    6.35780    9.08593  0.000e+00
         71     18.931     27.458   3232.594   8883.352    11.0697   3.436924     0.0000     0.0000     0.0000     0.0012     0.0000    -1.1506     18.773    30.3092    23.1135   -1.39454   -1.99293    -60.873    6.35796    9.08617  0.000e+00
         72     18.887     27.393   3232.531   8883.535    11.0688   3.437083     0.0000     0.0000     0.0000     0.0012     0.0000    -1.1506     18.728    30.3115    23.1154   -1.39453   -1.99293    -60.873    6.35800    9.08621  0.000e+00
         73     18.931     27.458   3232.594   8883.345    11.0697   3.436918     0.0000     0.0012     0.0000     0.0012     0.0000    -1.1506     18.773    30.3092    23.1134   -1.39454   -1.99293    -60.873    6.35797    9.08617  0.000e+00
         74     18.887     27.393   3232.594   8883.528    11.0697   3.437077     0.0000     0.0000     0.0000     0.0000     0.0000    -1.1506     18.728    30.3107    23.1146   -1.39451   -1.99290    -60.872    6.35790    9.08608  0.000e+00
         75     18.887     27.393   3232.595   8883.524    11.0697   3.437074     0.0000     0.0012     0.0000     0.0012     0.0000    -1.1506     18.728    30.3107    23.1146   -1.39451   -1.99290    -60.872    6.35790    9.08608  0.000e+00
         76     18.887     27.393   3232.595   8883.334    11.0697   3.436908     0.0000     0.0000     0.0000     0.0000     0.0000    -1.1506     18.728    30.3091    23.1133   -1.39453   -1.99292    -60.873    6.35797    9.08617  0.000e+00
         77     18.887     27.393   3232.595   8883.517    11.0697   3.437067     0.0000     0.0000     0.0000     0.0012     0.0000    -1.1506     18.728    30.3106    23.1146   -1.39452   -1.99290    -60.872    6.35791    9.08608  0.000e+00
         78     18.887     27.393   3232.532   8883.513    11.0688   3.437064     0.0012     0.0012     0.0000     0.0012     0.0012    -1.1506     18.728    30.3114    23.1153   -1.39180   -1.98901    -60.753    6.35800    9.08622  0.000e+00
         79     18.887     27.393   3232.532   8883.510    11.0688   3.437061     0.0000     0.0000     0.0000     0.0012     0.0000    -1.1506     18.728    30.3113    23.1153   -1.39454   -1.99293    -60.873    6.35800    9.08622  0.000e+00
         80     18.887     27.393   3232.532   8883.506    11.0688   3.437058     0.0000     0.0000     0.0000     0.0012     0.0000    -1.1506     18.728    30.3113    23.1152   -1.39454   -1.99293    -60.873    6.35801    9.08623  0.000e+00
         81     18.887     27.393   3232.595   8883.316    11.0697   3.436893     0.0000     0.0000     0.0000     0.0012     0.0000    -1.1506     18.728    30.3089    23.1132   -1.39453   -1.99292    -60.873    6.35797    9.08618  0.000e+00
         82     18.887     27.393   3232.595   8883.499    11.0697   3.437052     0.0000     0.0000     0.0000     0.0000     0.0000    -1.1506     18.728    30.3105    23.1144   -1.39452   -1.99290    -60.872    6.35791    9.08609  0.000e+00
         83     18.931     27.458   3232.532   8883.309    11.0688   3.436886     0.0000     0.0000     0.0000     0.0012     0.0000    -1.1506     18.773    30.3096    23.1139   -1.39456   -1.99296    -60.874    6.35807    9.08632  0.000e+00
         84     18.887     27.393   3232.532   8883.492    11.0688   3.437046     0.0000     0.0000     0.0000     0.0012     0.0000    -1.1506     18.728    30.3112    23.1151   -1.39454   -1.99293    -60.873    6.35801    9.08623  0.000e+00
         85     18.931     27.458   3232.532   8881.435    11.0688   3.435258     0.0000     0.0012     0.0000     0.0012     0.0000    -1.1506     18.773    30.2937    23.1015   -1.39470   -1.99316    -60.881    6.35871    9.08723  0.000e+00
         86     18.887     27.393   3232.848   8886.471    11.0734   3.439635     0.6886     0.0073     0.0330     0.0073     0.6886    -0.5928     18.728    30.3327    23.1311    0.15063    0.21526      6.575    6.35651    9.08409  0.000e+00
         87     18.931     27.458   3232.469   8886.654    11.0679   3.439795     0.6923     0.0073     0.1319     0.0085     0.6923     1.0806     18.773    30.3388    23.1368    0.15886    0.22702      6.934    6.35703    9.08483  0.000e+00
         88     18.887     27.393   3232.532   8886.651    11.0688   3.439791     0.6935     0.0073     0.1343     0.0085     0.6935     1.1220     18.728    30.3380    23.1360    0.16159    0.23093      7.054    6.35693    9.08469  0.000e+00
         89     18.931     27.458   3232.595   8886.647    11.0697   3.439788     0.6960     0.0073     0.1343     0.0085     0.6960     1.1220     18.773    30.3372    23.1352    0.16707    0.23876      7.293    6.35684    9.08456  0.000e+00
         90     18.931     27.458   3232.596   8886.457    11.0697   3.439623     0.7021     0.0061     0.1368     0.0085     0.7021     1.1633     18.773    30.3356    23.1340    0.18077    0.25833      7.891    6.35690    9.08465  0.000e+00
         91     18.887     27.393   3232.532   8886.640    11.0688   3.439782     0.7070     0.0073     0.1355     0.0085     0.7070     1.1426     18.728    30.3379    23.1359    0.19172    0.27399      8.369    6.35694    9.08470  0.000e+00
         92     18.931     27.458   3232.532   8886.450    11.0688   3.439617     0.7094     0.0073     0.1343     0.0085     0.7094     1.1220     18.773    30.3363    23.1347    0.19721    0.28183      8.608    6.35700    9.08479  0.000e+00
         93     18.887     27.393   3232.533   8886.446    11.0688   3.439614     0.7094     0.0061     0.1343     0.0085     0.7094     1.1220     18.728    30.3363    23.1346    0.19720    0.28183      8.608    6.35700    9.08479  0.000e+00
         94     18.887     27.393   3232.659   8886.442    11.0707   3.439610     0.7118     0.0073     0.1355     0.0085     0.7118     1.1426     18.728    30.3347    23.1331    0.20268    0.28965      8.847    6.35681    9.08452  0.000e+00
         95     18.887     27.393   3232.596   8886.252    11.0698   3.439445     0.7192     0.0073     0.1355     0.0085     0.7192     1.1426     18.728    30.3339    23.1326    0.21912    0.31314      9.565    6.35697    9.08475  0.000e+00
         96     18.931     27.458   3232.596   8886.435    11.0698   3.439604     0.7302     0.0073     0.1343     0.0085     0.7302     1.1220     18.773    30.3354    23.1338    0.24377    0.34837     10.641    6.35691    9.08466  0.000e+00
         97     18.931     27.458   3232.596   8886.245    11.0698   3.439439     0.7460     0.0073     0.1343     0.0085     0.7460     1.1220     18.773    30.3338    23.1326    0.27938    0.39927     12.195    6.35698    9.08475  0.000e+00
         98     18.887     27.393   3232.596   8886.428    11.0698   3.439598     0.7680     0.0061     0.1343     0.0085     0.7680     1.1220     18.728    30.3354    23.1338    0.32869    0.46972     14.347    6.35691    9.08466  0.000e+00
         99     18.931     27.458   3232.596   8886.424    11.0698   3.439595     0.7961     0.0073     0.1355     0.0085     0.7961     1.1426     18.773    30.3353    23.1337    0.39169    0.55977     17.097    6.35691    9.08467  0.000e+00
        100     18.931     27.458   3232.596   8886.421    11.0698   3.439592     0.8230     0.0073     0.1368     0.0085     0.8230     1.1633     18.773    30.3353    23.1337    0.45195    0.64589     19.728    6.35692    9.08467  0.000e+00
        101     18.931     27.458   3232.596   8886.417    11.0698   3.439589     0.8486     0.0073     0.1343     0.0085     0.8486     1.1220     18.773    30.3353    23.1337    0.50948    0.72810     22.239    6.35692    9.08467  0.000e+00
        102     18.931     27.458   3232.660   8886.414    11.0707   3.439585     0.8767     0.0073     0.1368     0.0085     0.8767     1.1633     18.773    30.3345    23.1329    0.57247    0.81812     24.989    6.35682    9.08453  0.000e+00
        103     18.887     27.393   3232.660   8886.410    11.0707   3.439582     0.8974     0.0073     0.1355     0.0085     0.8974     1.1426     18.728    30.3345    23.1329    0.61904    0.88467     27.021    6.35682    9.08453  0.000e+00
        104     18.931     27.458   3232.660   8886.406    11.0707   3.439579     0.9170     0.0073     0.1343     0.0085     0.9170     1.1220     18.773    30.3344    23.1329    0.66287    0.94731     28.934    6.35682    9.08454  0.000e+00
        105     18.887     27.393   3232.597   8886.403    11.0698   3.439576     0.9402     0.0061     0.1331     0.0085     0.9402     1.1013     18.728    30.3352    23.1336    0.71492    1.02169     31.206    6.35692    9.08467  0.000e+00
        106     18.931     27.458   3232.533   8886.399    11.0688   3.439573     0.9597     0.0073     0.1331     0.0085     0.9597     1.1013     18.773    30.3359    23.1343    0.75876    1.08435     33.120    6.35702    9.08482  0.000e+00
        107     18.887     27.393   3232.597   8886.396    11.0698   3.439570     0.9756     0.0073     0.1319     0.0085     0.9756     1.0806     18.728    30.3351    23.1336    0.79436    1.13522     34.674    6.35692    9.08468  0.000e+00
        108     18.931     27.458   3232.660   8886.392    11.0707   3.439567     0.9902     0.0073     0.1343     0.0085     0.9902     1.1220     18.773    30.3343    23.1328    0.82722    1.18218     36.108    6.35683    9.08454  0.000e+00
        109     18.887     27.393   3232.597   8886.202    11.0698   3.439401     1.0037     0.0061     0.1331     0.0085     1.0037     1.1013     18.728    30.3334    23.1323    0.85737    1.22527     37.424    6.35699    9.08477  0.000e+00
        110     18.887     27.393   3232.597   8886.385    11.0698   3.439560     1.0159     0.0073     0.1331     0.0085     1.0159     1.1013     18.728    30.3350    23.1335    0.88475    1.26440     38.620    6.35693    9.08468  0.000e+00
        111     18.931     27.458   3232.597   8886.195    11.0698   3.439395     1.0281     0.0073     0.1331     0.0085     1.0281     1.1013     18.773    30.3334    23.1322    0.91216    1.30357     39.816    6.35699    9.08478  0.000e+00
        112     18.931     27.458   3232.723   8886.191    11.0716   3.439392     1.0366     0.0061     0.1319     0.0085     1.0366     1.0806     18.773    30.3318    23.1307    0.93131    1.33094     40.652    6.35680    9.08450  0.000e+00
        113     18.931     27.458   3232.723   8886.188    11.0716   3.439389     1.0452     0.0073     0.1343     0.0098     1.0452     1.1220     18.773    30.3318    23.1307    0.95049    1.35834     41.489    6.35680    9.08450  0.000e+00
        114     18.931     27.458   3232.534   8886.184    11.0689   3.439386     1.0525     0.0073     0.1331     0.0085     1.0525     1.1013     18.773    30.3340    23.1329    0.96696    1.38188     42.208    6.35709    9.08492  0.000e+00
        115     18.887     27.393   3232.660   8886.180    11.0707   3.439383     1.0574     0.0073     0.1331     0.0085     1.0574     1.1013     18.728    30.3325    23.1314    0.97789    1.39750     42.685    6.35690    9.08464  0.000e+00
        116     18.931     27.458   3232.660   8886.177    11.0707   3.439379     1.0647     0.0073     0.1331     0.0085     1.0647     1.1013     18.773    30.3324    23.1313    0.99433    1.42099     43.403    6.35690    9.08465  0.000e+00
        117     18.931     27.458   3232.724   8886.173    11.0716   3.439376     1.0684     0.0073     0.1331     0.0085     1.0684     1.1013     18.773    30.3317    23.1306    1.00253    1.43272     43.761    6.35680    9.08451  0.000e+00
        118     18.931     27.458   3232.724   8886.170    11.0716   3.439373     1.0745     0.0073     0.1319     0.0085     1.0745     1.0806     18.773    30.3316    23.1305    1.01623    1.45229     44.359    6.35681    9.08451  0.000e+00
        119     18.931     27.458   3232.597   8886.166    11.0698   3.439370     1.0794     0.0073     0.1331     0.0085     1.0794     1.1013     18.773    30.3331    23.1320    1.02721    1.46799     44.838    6.35700    9.08479  0.000e+00
        120     18.931     27.458   3232.724   8886.162    11.0716   3.439367     1.0830     0.0073     0.1319     0.0085     1.0830     1.0806     18.773    30.3316    23.1305    1.03540    1.47969     45.196    6.35681    9.08451  0.000e+00
        121     18.931     27.458   3232.598   8886.159    11.0698   3.439364     1.0879     0.0073     0.1331     0.0085     1.0879     1.1013     18.773    30.3330    23.1320    1.04639    1.49539     45.675    6.35700    9.08479  0.000e+00
        122     18.931     27.458   3232.598   8885.969    11.0698   3.439198     1.0916     0.0073     0.1331     0.0085     1.0916     1.1013     18.773    30.3314    23.1307    1.05462    1.50715     46.034    6.35707    9.08488  0.000e+00
        123     18.931     27.458   3232.598   8886.152    11.0698   3.439358     1.0952     0.0073     0.1319     0.0085     1.0952     1.0806     18.773    30.3330    23.1319    1.06282    1.51888     46.393    6.35700    9.08480  0.000e+00
        124     18.931     27.458   3232.598   8886.148    11.0698   3.439354     1.0989     0.0073     0.1331     0.0085     1.0989     1.1013     18.773    30.3330    23.1319    1.07104    1.53063     46.751    6.35701    9.08480  0.000e+00
        125     18.931     27.458   3232.492   8886.147    11.0683   3.439353     1.1026     0.0073     0.1343     0.0098     1.1026     1.1220     18.773    30.3342    23.1331    1.07929    1.54241     47.111    6.35717    9.08503  0.000e+00
        126     18.931     27.458   3232.387   8886.147    11.0667   3.439353     1.1038     0.0073     0.1331     0.0085     1.1038     1.1013     18.773    30.3355    23.1344    1.08205    1.54636     47.232    6.35733    9.08526  0.000e+00
        127     18.931     27.458   3232.282   8886.147    11.0652   3.439354     1.1074     0.0073     0.1331     0.0085     1.1074     1.1013     18.773    30.3367    23.1356    1.09029    1.55814     47.591    6.35749    9.08549  0.000e+00
        128     18.887     27.393   3232.661   8886.149    11.0707   3.439355     1.1087     0.0073     0.1331     0.0085     1.1087     1.1013     18.728    30.3322    23.1312    1.09293    1.56191     47.707    6.35691    9.08466  0.000e+00
        129     18.887     27.393   3232.598   8886.151    11.0698   3.439357     1.1111     0.0073     0.1319     0.0085     1.1111     1.0806     18.728    30.3330    23.1319    1.09843    1.56976     47.947    6.35700    9.08479  0.000e+00
        130     18.931     27.458   3232.661   8886.152    11.0707   3.439358     1.1136     0.0061     0.1331     0.0085     1.1136     1.1013     18.773    30.3322    23.1312    1.10390    1.57758     48.185    6.35691    9.08466  0.000e+00
        131     18.887     27.393   3232.535   8886.154    11.0689   3.439359     1.1136     0.0073     0.1319     0.0085     1.1136     1.0806     18.728    30.3338    23.1327    1.10392    1.57762     48.186    6.35710    9.08493  0.000e+00
