unitTesting/processed_seabird_noalign/ORCA1_CAST0047.cnv
* Sea-Bird SBE 19 Data File:
* FileName =
* Software Version 4.234
* Temperature SN = 2835
* Conductivity SN = 2835
* System UpLoad Time = Sun Jan 30 18:11:03 2005

** Ship: ORCA
** Cruise: Mooring
** Station: Twanoh
** Latitude: 47 22.5
** Longitude: 123 0.5
# nquan = 22
# nvalues = 836                                   
# units = specified
# name 0 = scan: Scan Count
# name 1 = prSM: Pressure, Strain Gauge [db]
# name 2 = prSE: Pressure, Strain Gauge [psi]
# name 3 = f0: Frequency 0
# name 4 = f1: Frequency 1
# name 5 = t090C: Temperature [ITS-90, deg C]
# name 6 = c0S/m: Conductivity [S/m]
# name 7 = v0: Voltage 0
# name 8 = v1: Voltage 1
# name 9 = v2: Voltage 2
# name 10 = v3: Voltage 3
# name 11 = sbeox0V: Oxygen raw, SBE 43 [V]
# name 12 = wetStar: Fluorescence, WET Labs WETstar [mg/m^3]
# name 13 = depSM: Depth [salt water, m], lat = 47.28
# name 14 = sal00: Salinity, Practical [PSU]
# name 15 = sigma-t00: Density [sigma-t, Kg/m^3 ]
# name 16 = sbeox0ML/L: Oxygen, SBE 43 [ml/l]
# name 17 = sbeox0Mg/L: Oxygen, SBE 43 [mg/l]
# name 18 = sbeox0Mm/Kg: Oxygen, SBE 43 [umol/Kg]
# name 19 = oxsatML/L: Oxygen Saturation, Weiss [ml/l]
# name 20 = oxsatMg/L: Oxygen Saturation, Weiss [mg/l]
# name 21 = flag:  0.000e+00
# span 0 =          1,        836                 
# span 1 =      0.996,     29.627                 
# span 2 =      1.444,     42.970                 
# span 3 =   3100.838,   3228.676                 
# span 4 =   7326.305,   8893.259                 
# span 5 =     9.1307,    11.0129                 
# span 6 =   2.203705,   3.445544                 
# span 7 =     0.0000,     2.9219                 
# span 8 =     0.0000,     0.0073                 
# span 9 =     0.0000,     0.3358                 
# span 10 =     0.0000,     0.0098                
# span 11 =     0.0000,     2.9219                
# span 12 =    -1.1506,     4.5308                
# span 13 =      0.988,     29.378                
# span 14 =    19.6075,    30.4798                
# span 15 =    15.0783,    23.2649                
# span 16 =   -1.40156,    5.69480                
# span 17 =   -2.00297,    8.13844                
# span 18 =    -61.193,    250.541                
# span 19 =    6.36277,    7.10661                
# span 20 =    9.09303,   10.15606                
# span 21 = 0.0000e+00, 0.0000e+00                
# interval = seconds: 0.5
# start_time = Jan 31 2016 20:27:38 [DatCnv date, localtime]
# bad_flag = -9.990e-29
*END*
[from data line 66]
         67     10.924     15.843   3219.403   8824.385    10.8781   3.385847     0.0000     0.0000     0.0000     0.0000     0.0000    -1.1506     10.832    29.9692    22.8819   -1.40149   -2.00287    -61.190    6.39830    9.14381  0.000e+00
         68     10.968     15.908   3219.340   8824.381    10.8772   3.385843     0.0000     0.0000     0.0000     0.0000     0.0000    -1.1506     10.877    29.9699    22.8826   -1.40152   -2.00291    -61.192    6.39840    9.14395  0.000e+00
         69     10.968     15.908   3219.339   8824.377    10.8772   3.385840     0.0000     0.0000     0.0000     0.0000     0.0000    -1.1506     10.877    29.9699    22.8826   -1.40152   -2.00291    -61.192    6.39840    9.14395  0.000e+00
         70     10.968     15.908   3219.402   8824.561    10.8781   3.385999     0.0000     0.0000     0.0000     0.0012     0.0000    -1.1506     10.877    29.9707    22.8831   -1.40149   -2.00286    -61.190    6.39824    9.14372  0.000e+00
         71     10.968     15.908   3219.402   8824.557    10.8781   3.385995     0.0000     0.0000     0.0000     0.0012     0.0000    -1.1506     10.877    29.9707    22.8830   -1.40149   -2.00286    -61.190    6.39824    9.14373  0.000e+00
         72     10.968     15.908   3219.339   8824.365    10.8772   3.385829     0.0000     0.0000     0.0000     0.0000     0.0000    -1.1506     10.877    29.9698    22.8825   -1.40152   -2.00291    -61.192    6.39840    9.14396  0.000e+00
         73     10.924     15.843   3219.402   8824.361    10.8781   3.385826     0.0000     0.0000     0.0000     0.0000     0.0000    -1.1506     10.832    29.9690    22.8818   -1.40149   -2.00287    -61.191    6.39831    9.14382  0.000e+00
         74     10.968     15.908   3219.402   8824.357    10.8781   3.385822     0.0000     0.0000     0.0000     0.0000     0.0000    -1.1506     10.877    29.9690    22.8817   -1.40150   -2.00289    -61.191    6.39831    9.14382  0.000e+00
         75     10.968     15.908   3219.339   8824.353    10.8772   3.385819     0.0000     0.0000     0.0000     0.0000     0.0000    -1.1506     10.877    29.9697    22.8824   -1.40152   -2.00291    -61.192    6.39841    9.14397  0.000e+00
         76     10.968     15.908   3219.402   8824.349    10.8781   3.385815     0.0000     0.0000     0.0000     0.0000     0.0000    -1.1506     10.877    29.9689    22.8817   -1.40150   -2.00289    -61.191    6.39831    9.14383  0.000e+00
         77     10.968     15.908   3219.401   8824.345    10.8781   3.385812     0.0000     0.0000     0.0000     0.0000     0.0000    -1.1506     10.877    29.9689    22.8816   -1.40150   -2.00289    -61.191    6.39831    9.14383  0.000e+00
         78     10.924     15.843   3219.401   8824.341    10.8781   3.385808     0.0000     0.0000     0.0000     0.0000     0.0000    -1.1506     10.832    29.9689    22.8816   -1.40149   -2.00288    -61.191    6.39832    9.14383  0.000e+00
         79     10.968     15.908   3219.275   8824.337    10.8763   3.385805     0.0000     0.0000     0.0000     0.0000     0.0000    -1.1506     10.877    29.9703    22.8831   -1.40154   -2.00295    -61.193    6.39851    9.14412  0.000e+00
         80     10.968     15.908   3219.275   8824.333    10.8763   3.385801     0.0000     0.0000     0.0000     0.0012     0.0000    -1.1506     10.877    29.9703    22.8831   -1.40154   -2.00295    -61.193    6.39852    9.14412  0.000e+00
         81     10.968     15.908   3219.274   8824.329    10.8763   3.385798     0.0000     0.0000     0.0000     0.0012     0.0000    -1.1506     10.877    29.9703    22.8830   -1.40154   -2.00295    -61.193    6.39852    9.14412  0.000e+00
         82     10.924     15.843   3219.338   8824.325    10.8772   3.385794     0.0000     0.0000     0.0000     0.0000     0.0000    -1.1506     10.832    29.9695    22.8823   -1.40152   -2.00291    -61.191    6.39842    9.14398  0.000e+00
         83     10.924     15.843   3219.401   8824.321    10.8781   3.385791     0.0000     0.0000     0.0000     0.0000     0.0000    -1.1506     10.832    29.9687    22.8815   -1.40150   -2.00288    -61.191    6.39832    9.14384  0.000e+00
         84     10.968     15.908   3219.274   8824.317    10.8763   3.385787     0.0000     0.0000     0.0000     0.0000     0.0000    -1.1506     10.877    29.9702    22.8830   -1.40154   -2.00295    -61.193    6.39852    9.14413  0.000e+00
         85     10.968     15.908   3219.274   8824.125    10.8763   3.385622     0.0000     0.0000     0.0000     0.0000     0.0000    -1.1506     10.877    29.9686    22.8817   -1.40156   -2.00297    -61.193    6.39859    9.14422  0.000e+00
         86     10.968     15.908   3219.590   8819.233    10.8809   3.381400     0.6593     0.0073     0.0989     0.0085     0.6593     0.5228     10.877    29.9234    22.8458    0.08535    0.12198      3.727    6.39977    9.14591  0.000e+00
         87     10.968     15.908   3218.705   8817.724    10.8680   3.380098     0.6691     0.0073     0.1673     0.0085     0.6691     1.6798     10.877    29.9211    22.8462    0.10741    0.15351      4.690    6.40166    9.14862  0.000e+00
         88     10.968     15.908   3218.578   8817.344    10.8661   3.379770     0.6691     0.0073     0.1709     0.0085     0.6691     1.7417     10.877    29.9194    22.8452    0.10742    0.15351      4.690    6.40199    9.14908  0.000e+00
         89     10.968     15.908   3218.388   8816.775    10.8634   3.379280     0.6703     0.0073     0.1709     0.0085     0.6703     1.7417     10.877    29.9168    22.8437    0.11018    0.15746      4.811    6.40248    9.14978  0.000e+00
         90     10.968     15.908   3218.325   8817.336    10.8625   3.379764     0.6740     0.0061     0.1697     0.0085     0.6740     1.7211     10.877    29.9223    22.8481    0.11845    0.16927      5.172    6.40239    9.14965  0.000e+00
         91     10.968     15.908   3218.388   8818.084    10.8634   3.380409     0.6764     0.0073     0.1709     0.0085     0.6764     1.7417     10.877    29.9279    22.8523    0.12395    0.17714      5.412    6.40203    9.14914  0.000e+00
         92     10.968     15.908   3218.578   8818.268    10.8661   3.380568     0.6801     0.0073     0.1722     0.0085     0.6801     1.7624     10.877    29.9272    22.8513    0.13221    0.18894      5.772    6.40167    9.14863  0.000e+00
         93     10.968     15.908   3218.641   8818.828    10.8671   3.381051     0.6838     0.0073     0.1929     0.0085     0.6838     2.1136     10.877    29.9312    22.8542    0.14047    0.20074      6.133    6.40138    9.14822  0.000e+00
         94     10.968     15.908   3218.767   8818.824    10.8689   3.381047     0.6911     0.0061     0.1734     0.0085     0.6911     1.7831     10.877    29.9297    22.8527    0.15699    0.22435      6.854    6.40119    9.14794  0.000e+00
         95     10.968     15.908   3218.830   8818.444    10.8698   3.380720     0.7045     0.0073     0.1722     0.0085     0.7045     1.7624     10.877    29.9257    22.8495    0.18729    0.26766      8.178    6.40122    9.14799  0.000e+00
         96     10.968     15.908   3218.767   8818.816    10.8689   3.381041     0.7204     0.0073     0.1697     0.0085     0.7204     1.7211     10.877    29.9296    22.8527    0.22310    0.31883      9.741    6.40119    9.14794  0.000e+00
         97     10.968     15.908   3218.893   8819.188    10.8707   3.381361     0.7411     0.0061     0.1685     0.0085     0.7411     1.7004     10.877    29.9313    22.8536    0.26991    0.38573     11.785    6.40087    9.14748  0.000e+00
         98     10.968     15.908   3218.830   8818.620    10.8698   3.380871     0.7643     0.0073     0.1709     0.0085     0.7643     1.7417     10.877    29.9272    22.8507    0.32226    0.46055     14.071    6.40116    9.14790  0.000e+00
         99     10.968     15.908   3218.766   8818.616    10.8689   3.380868     0.7888     0.0073     0.1783     0.0085     0.7888     1.8657     10.877    29.9279    22.8514    0.37736    0.53929     16.476    6.40126    9.14804  0.000e+00
        100     10.968     15.908   3218.766   8817.860    10.8689   3.380215     0.8132     0.0073     0.1758     0.0085     0.8132     1.8244     10.877    29.9215    22.8464    0.43247    0.61804     18.883    6.40152    9.14841  0.000e+00
        101     10.968     15.908   3218.703   8818.044    10.8680   3.380374     0.8352     0.0073     0.1746     0.0085     0.8352     1.8037     10.877    29.9238    22.8483    0.48206    0.68891     21.048    6.40156    9.14846  0.000e+00
        102     10.968     15.908   3218.703   8817.851    10.8680   3.380208     0.8547     0.0073     0.1734     0.0085     0.8547     1.7831     10.877    29.9222    22.8471    0.52614    0.75191     22.973    6.40162    9.14856  0.000e+00
        103     10.968     15.908   3218.639   8818.035    10.8670   3.380367     0.8755     0.0073     0.1722     0.0085     0.8755     1.7624     10.877    29.9245    22.8490    0.57297    0.81884     25.017    6.40166    9.14861  0.000e+00
        104     10.968     15.908   3218.639   8818.031    10.8670   3.380364     0.8926     0.0061     0.1661     0.0085     0.8926     1.6591     10.877    29.9245    22.8490    0.61154    0.87395     26.701    6.40166    9.14861  0.000e+00
        105     10.968     15.908   3218.639   8817.651    10.8670   3.380036     0.9096     0.0073     0.1673     0.0085     0.9096     1.6798     10.877    29.9213    22.8465    0.65012    0.92909     28.386    6.40179    9.14880  0.000e+00
        106     10.968     15.908   3218.639   8817.835    10.8670   3.380194     0.9231     0.0073     0.1685     0.0085     0.9231     1.7004     10.877    29.9228    22.8477    0.68042    0.97239     29.709    6.40173    9.14871  0.000e+00
        107     10.968     15.908   3218.575   8817.643    10.8661   3.380029     0.9377     0.0061     0.1661     0.0085     0.9377     1.6591     10.877    29.9220    22.8472    0.71349    1.01965     31.153    6.40189    9.14894  0.000e+00
        108     10.968     15.908   3218.639   8817.451    10.8670   3.379863     0.9512     0.0073     0.1661     0.0085     0.9512     1.6591     10.877    29.9196    22.8452    0.74379    1.06296     32.476    6.40186    9.14890  0.000e+00
        109     10.968     15.908   3218.512   8817.447    10.8652   3.379860     0.9621     0.0073     0.1673     0.0085     0.9621     1.6798     10.877    29.9211    22.8466    0.76861    1.09842     33.559    6.40206    9.14918  0.000e+00
        110     10.968     15.908   3218.512   8816.879    10.8652   3.379369     0.9707     0.0061     0.1661     0.0085     0.9707     1.6591     10.877    29.9163    22.8429    0.78792    1.12601     34.403    6.40225    9.14946  0.000e+00
        111     10.968     15.908   3218.512   8817.439    10.8652   3.379853     0.9817     0.0073     0.1685     0.0085     0.9817     1.7004     10.877    29.9210    22.8466    0.81269    1.16141     35.484    6.40206    9.14919  0.000e+00
        112     10.968     15.908   3218.512   8817.811    10.8652   3.380174     0.9890     0.0073     0.1685     0.0085     0.9890     1.7004     10.877    29.9241    22.8490    0.82920    1.18501     36.205    6.40193    9.14900  0.000e+00
        113     10.968     15.908   3218.575   8817.807    10.8661   3.380170     0.9976     0.0073     0.1673     0.0085     0.9976     1.6798     10.877    29.9234    22.8483    0.84848    1.21256     37.046    6.40184    9.14887  0.000e+00
        114     10.968     15.908   3218.574   8817.239    10.8661   3.379680     1.0049     0.0073     0.1673     0.0085     1.0049     1.6798     10.877    29.9186    22.8445    0.86503    1.23622     37.769    6.40203    9.14914  0.000e+00
        115     10.968     15.908   3218.511   8817.235    10.8652   3.379676     1.0122     0.0073     0.1648     0.0085     1.0122     1.6385     10.877    29.9193    22.8453    0.88157    1.25986     38.492    6.40213    9.14929  0.000e+00
        116     10.968     15.908   3218.511   8817.419    10.8652   3.379835     1.0195     0.0061     0.1648     0.0085     1.0195     1.6385     10.877    29.9208    22.8465    0.89809    1.28347     39.213    6.40207    9.14920  0.000e+00
        117     10.968     15.908   3218.574   8817.603    10.8661   3.379994     1.0269     0.0073     0.1648     0.0085     1.0269     1.6385     10.877    29.9216    22.8469    0.91460    1.30706     39.934    6.40191    9.14897  0.000e+00
        118     10.968     15.908   3218.700   8817.599    10.8679   3.379990     1.0305     0.0073     0.1636     0.0085     1.0305     1.6178     10.877    29.9201    22.8454    0.92284    1.31883     40.294    6.40171    9.14869  0.000e+00
        119     10.968     15.908   3218.637   8817.595    10.8670   3.379987     1.0354     0.0061     0.1648     0.0085     1.0354     1.6385     10.877    29.9208    22.8462    0.93387    1.33460     40.775    6.40181    9.14883  0.000e+00
        120     10.968     15.908   3218.700   8817.967    10.8679   3.380308     1.0391     0.0073     0.1709     0.0085     1.0391     1.7417     10.877    29.9232    22.8479    0.94211    1.34636     41.135    6.40159    9.14851  0.000e+00
        121     10.968     15.908   3218.700   8818.151    10.8679   3.380467     1.0415     0.0073     0.1661     0.0085     1.0415     1.6591     10.877    29.9248    22.8491    0.94761    1.35423     41.375    6.40152    9.14842  0.000e+00
        122     10.968     15.908   3218.826   8818.147    10.8698   3.380463     1.0452     0.0073     0.1697     0.0085     1.0452     1.7211     10.877    29.9233    22.8476    0.95584    1.36600     41.734    6.40133    9.14814  0.000e+00
        123     10.968     15.908   3218.889   8818.331    10.8707   3.380622     1.0488     0.0073     0.1648     0.0085     1.0488     1.6385     10.877    29.9241    22.8480    0.96409    1.37777     42.094    6.40117    9.14791  0.000e+00
        124     10.924     15.843   3218.826   8818.327    10.8697   3.380618     1.0513     0.0073     0.1648     0.0085     1.0513     1.6385     10.832    29.9248    22.8488    0.96960    1.38566     42.335    6.40127    9.14805  0.000e+00
        125     10.968     15.908   3218.763   8818.451    10.8688   3.380725     1.0537     0.0073     0.1661     0.0085     1.0537     1.6591     10.877    29.9266    22.8503    0.97513    1.39355     42.576    6.40132    9.14813  0.000e+00
        126     10.968     15.908   3218.700   8818.575    10.8679   3.380833     1.0549     0.0073     0.1661     0.0085     1.0549     1.6591     10.877    29.9284    22.8519    0.97789    1.39750     42.697    6.40138    9.14821  0.000e+00
        127     11.013     15.973   3218.637   8818.699    10.8670   3.380940     1.0586     0.0073     0.1648     0.0073     1.0586     1.6385     10.921    29.9302    22.8534    0.98616    1.40933     43.058    6.40144    9.14829  0.000e+00
        128     10.968     15.908   3218.953   8818.511    10.8716   3.380778     1.0598     0.0073     0.1709     0.0085     1.0598     1.7417     10.877    29.9248    22.8485    0.98885    1.41317     43.176    6.40101    9.14768  0.000e+00
        129     10.968     15.908   3218.953   8818.512    10.8716   3.380778     1.0611     0.0073     0.1648     0.0085     1.0611     1.6385     10.877    29.9248    22.8485    0.99161    1.41711     43.296    6.40101    9.14768  0.000e+00
        130     10.968     15.908   3218.827   8818.136    10.8698   3.380454     1.0598     0.0061     0.1636     0.0085     1.0598     1.6178     10.877    29.9232    22.8475    0.98890    1.41324     43.178    6.40133    9.14814  0.000e+00
        131     10.968     15.908   3218.764   8818.512    10.8688   3.380778     1.0635     0.0073     0.1624     0.0085     1.0635     1.5971     10.877    29.9271    22.8507    0.99716    1.42504     43.538    6.40130    9.14810  0.000e+00
