unitTesting/processed_seabird_noalign/ORCA1_CAST0035.cnv
* Sea-Bird SBE 19 Data File:
* FileName =
* Software Version 4.234
* Temperature SN = 2835
* Conductivity SN = 2835
* System UpLoad Time = Thu Jan 27 18:05:13 2005

** Ship: ORCA
** Cruise: Mooring
** Station: Twanoh
** Latitude: 47 22.5
** Longitude: 123 0.5
# nquan = 22
# nvalues = 902                                   
# units = specified
# name 0 = scan: Scan Count
# name 1 = prSM: Pressure, Strain Gauge [db]
# name 2 = prSE: Pressure, Strain Gauge [psi]
# name 3 = f0: Frequency 0
# name 4 = f1: Frequency 1
# name 5 = t090C: Temperature [ITS-90, deg C]
# name 6 = c0S/m: Conductivity [S/m]
# name 7 = v0: Voltage 0
# name 8 = v1: Voltage 1
# name 9 = v2: Voltage 2
# name 10 = v3: Voltage 3
# name 11 = sbeox0V: Oxygen raw, SBE 43 [V]
# name 12 = wetStar: Fluorescence, WET Labs WETstar [mg/m^3]
# name 13 = depSM: Depth [salt water, m], lat = 47.28
# name 14 = sal00: Salinity, Practical [PSU]
# name 15 = sigma-t00: Density [sigma-t, Kg/m^3 ]
# name 16 = sbeox0ML/L: Oxygen, SBE 43 [ml/l]
# name 17 = sbeox0Mg/L: Oxygen, SBE 43 [mg/l]
# name 18 = sbeox0Mm/Kg: Oxygen, SBE 43 [umol/Kg]
# name 19 = oxsatML/L: Oxygen Saturation, Weiss [ml/l]
# name 20 = oxsatMg/L: Oxygen Saturation, Weiss [mg/l]
# name 21 = flag:  0.000e+00
# span 0 =          1,        902                 
# span 1 =      0.951,     29.672                 
# span 2 =      1.380,     43.035                 
# span 3 =   3102.748,   3231.279                 
# span 4 =   6766.085,   8898.484                 
# span 5 =     9.1593,    11.0506                 
# span 6 =   1.818666,   3.450090                 
# span 7 =     0.0000,     3.0623                 
# span 8 =     0.0000,     0.0073                 
# span 9 =     0.0000,     0.2955                 
# span 10 =     0.0000,     0.0098                
# span 11 =     0.0000,     3.0623                
# span 12 =    -1.1506,     3.8490                
# span 13 =      0.943,     29.422                
# span 14 =    15.8775,    30.4565                
# span 15 =    12.1665,    23.2327                
# span 16 =   -1.39898,    6.15472                
# span 17 =   -1.99928,    8.79572                
# span 18 =    -61.072,    271.542                
# span 19 =    6.35587,    7.27044                
# span 20 =    9.08317,   10.39019                
# span 21 = 0.0000e+00, 0.0000e+00                
# interval = seconds: 0.5
# start_time = Jan 31 2016 20:27:28 [DatCnv date, localtime]
# bad_flag = -9.990e-29
*END*
[from data line 461]
        462      0.951      1.380   3115.899   7220.017     9.3553   2.128267     2.1551     0.0061     0.2576     0.0085     2.1551     3.2086      0.943    18.7582    14.3885    3.82886    5.47182    168.571    7.10873   10.15909  0.000e+00
        463      0.951      1.380   3115.583   7437.059     9.3506   2.283498     2.1685     0.0073     0.2601     0.0085     2.1685     3.2499      0.943    20.2621    15.5600    3.82589    5.46758    168.246    7.04160   10.06316  0.000e+00
        464      0.951      1.380   3118.618   7194.246     9.3958   2.110144     2.1807     0.0073     0.2662     0.0085     2.1807     3.3532      0.943    18.5628    14.2313    3.89433    5.56538    171.480    7.11098   10.16231  0.000e+00
        465      0.951      1.380   3114.255   7143.580     9.3308   2.074708     2.1990     0.0073     0.2515     0.0085     2.1990     3.1053      0.943    18.2556    14.0004    3.95334    5.64972    174.119    7.13559   10.19747  0.000e+00
        466      0.951      1.380   3111.346   7028.657     9.2875   1.995268     2.2149     0.0073     0.2479     0.0085     2.2149     3.0433      0.943    17.5152    13.4293    4.01580    5.73899    176.969    7.17656   10.25602  0.000e+00
        467      0.951      1.380   3108.943   6965.368     9.2517   1.952078     2.2357     0.0073     0.2442     0.0098     2.2357     2.9813      0.943    17.1191    13.1254    4.08159    5.83300    179.922    7.20068   10.29049  0.000e+00
        468      0.951      1.380   3107.046   6934.584     9.2234   1.931213     2.2601     0.0073     0.2344     0.0085     2.2601     2.8160      0.943    16.9331    12.9840    4.15081    5.93193    182.999    7.21396   10.30947  0.000e+00
        469      0.951      1.380   3106.287   7066.551     9.2121   2.021319     2.2894     0.0073     0.2332     0.0085     2.2894     2.7954      0.943    17.8023    13.6622    4.20269    6.00606    185.162    7.17590   10.25507  0.000e+00
        470      0.951      1.380   3109.513   7132.666     9.2602   2.067108     2.3199     0.0073     0.2393     0.0085     2.3199     2.8987      0.943    18.2185    13.9803    4.26379    6.09339    187.796    7.14891   10.21651  0.000e+00
        471      0.951      1.380   3111.094   7025.596     9.2837   1.993170     2.3565     0.0073     0.2320     0.0085     2.3565     2.7747      0.943    17.4969    13.4156    4.37363    6.25036    192.741    7.17802   10.25811  0.000e+00
        472      0.951      1.380   3108.944   6903.907     9.2517   1.910514     2.3895     0.0073     0.2393     0.0085     2.3895     2.8987      0.943    16.7221    12.8163    4.48196    6.40516    197.631    7.21896   10.31662  0.000e+00
        473      0.951      1.380   3106.983   6889.479     9.2225   1.900811     2.4298     0.0073     0.2271     0.0085     2.4298     2.6921      0.943    16.6432    12.7583    4.58933    6.55861    202.377    7.22749   10.32880  0.000e+00
        474      0.951      1.380   3106.414   6850.853     9.2140   1.874935     2.4713     0.0073     0.2418     0.0085     2.4713     2.9400      0.943    16.4003    12.5703    4.70284    6.72083    207.422    7.24013   10.34687  0.000e+00
        475      0.951      1.380   3104.264   6822.713     9.1819   1.856177     2.5128     0.0073     0.2234     0.0085     2.5128     2.6301      0.943    16.2362    12.4463    4.81679    6.88368    212.474    7.25312   10.36543  0.000e+00
        476      0.951      1.380   3103.505   6801.044     9.1706   1.841786     2.5458     0.0073     0.2222     0.0085     2.5458     2.6094      0.943    16.1042    12.3449    4.90610    7.01131    216.435    7.26114   10.37690  0.000e+00
        477      0.951      1.380   3104.264   6821.986     9.1819   1.855694     2.5800     0.0073     0.2198     0.0085     2.5800     2.5681      0.943    16.2316    12.4427    4.98797    7.12831    220.025    7.25333   10.36573  0.000e+00
        478      0.951      1.380   3105.087   6845.046     9.1942   1.871058     2.6117     0.0073     0.2198     0.0085     2.6117     2.5681      0.943    16.3724    12.5509    5.06291    7.23541    223.307    7.24474   10.35346  0.000e+00
        479      0.951      1.380   3105.529   6833.407     9.2008   1.863296     2.6435     0.0073     0.2198     0.0085     2.6435     2.5681      0.943    16.2954    12.4902    5.14546    7.35338    226.961    7.24720   10.35697  0.000e+00
        480      0.951      1.380   3104.960   6819.072     9.1923   1.853756     2.6764     0.0073     0.2234     0.0085     2.6764     2.6301      0.943    16.2084    12.4234    5.23323    7.47881    230.848    7.25266   10.36477  0.000e+00
        481      0.951      1.380   3103.949   6803.489     9.1772   1.843408     2.7057     0.0073     0.2234     0.0085     2.7057     2.6301      0.943    16.1167    12.3538    5.31272    7.59240    234.371    7.25945   10.37448  0.000e+00
        482      0.951      1.380   3103.759   6806.903     9.1743   1.845673     2.7326     0.0073     0.2210     0.0085     2.7326     2.5888      0.943    16.1395    12.3719    5.38073    7.68961    237.367    7.25887   10.37364  0.000e+00
        483      0.951      1.380   3103.443   6798.127     9.1696   1.839852     2.7595     0.0073     0.2173     0.0098     2.7595     2.5268      0.943    16.0862    12.3310    5.45162    7.79090    240.504    7.26213   10.37831  0.000e+00
        484      0.951      1.380   3102.937   6810.316     9.1621   1.847938     2.7851     0.0073     0.2161     0.0085     2.7851     2.5061      0.943    16.1667    12.3945    5.51507    7.88159    243.288    7.25967   10.37480  0.000e+00
        485      0.951      1.380   3102.916   6803.243     9.1618   1.843244     2.8095     0.0073     0.2186     0.0085     2.8095     2.5475      0.943    16.1221    12.3598    5.57894    7.97287    246.114    7.26179   10.37783  0.000e+00
        486      0.996      1.444   3102.895   6796.169     9.1615   1.838555     2.8339     0.0073     0.2186     0.0073     2.8339     2.5475      0.988    16.0775    12.3252    5.64289    8.06425    248.943    7.26391   10.38086  0.000e+00
        487      0.996      1.444   3102.874   6789.095     9.1611   1.833870     2.8571     0.0073     0.2210     0.0085     2.8571     2.5888      0.988    16.0331    12.2906    5.70372    8.15118    251.635    7.26603   10.38388  0.000e+00
        488      0.996      1.444   3103.001   6787.873     9.1630   1.833061     2.8779     0.0073     0.2173     0.0085     2.8779     2.5268      0.988    16.0245    12.2837    5.75675    8.22697    253.977    7.26611   10.38400  0.000e+00
        489      0.951      1.380   3102.874   6783.228     9.1611   1.829988     2.8999     0.0073     0.2271     0.0085     2.8999     2.6921      0.943    15.9961    12.2618    5.81408    8.30891    256.512    7.26775   10.38634  0.000e+00
        490      0.951      1.380   3103.001   6791.780     9.1630   1.835647     2.9194     0.0073     0.2161     0.0085     2.9194     2.5061      0.943    16.0492    12.3029    5.86171    8.37697    258.602    7.26497   10.38236  0.000e+00
        491      0.951      1.380   3102.748   6779.802     9.1593   1.827724     2.9365     0.0073     0.2186     0.0098     2.9365     2.5475      0.943    15.9754    12.2459    5.90858    8.44396    260.685    7.26903   10.38817  0.000e+00
        492      0.951      1.380   3103.190   6778.823     9.1659   1.827076     2.9499     0.0073     0.2198     0.0085     2.9499     2.5681      0.943    15.9663    12.2380    5.94235    8.49222    262.177    7.26833   10.38718  0.000e+00
        493      0.951      1.380   3103.317   6773.682     9.1677   1.823680     2.9597     0.0073     0.2210     0.0098     2.9597     2.5888      0.943    15.9331    12.2120    5.96830    8.52930    263.328    7.26956   10.38892  0.000e+00
        494      0.951      1.380   3103.570   6778.822     9.1715   1.827075     2.9670     0.0073     0.2210     0.0085     2.9670     2.5888      0.943    15.9638    12.2354    5.98534    8.55364    264.074    7.26750   10.38598  0.000e+00
        495      0.951      1.380   3103.823   6771.967     9.1753   1.822547     2.9756     0.0073     0.2222     0.0098     2.9756     2.6094      0.943    15.9190    12.2001    6.00837    8.58656    265.100    7.26894   10.38804  0.000e+00
        496      0.951      1.380   3104.139   6767.556     9.1800   1.819636     2.9829     0.0073     0.2186     0.0085     2.9829     2.5475      0.943    15.8892    12.1763    6.02759    8.61403    265.954    7.26953   10.38888  0.000e+00
        497      0.951      1.380   3104.519   6766.085     9.1857   1.818666     2.9902     0.0073     0.2198     0.0098     2.9902     2.5681      0.943    15.8775    12.1665    6.04600    8.64034    266.769    7.26912   10.38829  0.000e+00
        498      0.951      1.380   3104.392   6766.574     9.1838   1.818989     2.9988     0.0073     0.2198     0.0085     2.9988     2.5681      0.943    15.8814    12.1698    6.06792    8.67166    267.735    7.26925   10.38849  0.000e+00
        499      0.951      1.380   3104.329   6774.658     9.1829   1.824324     3.0073     0.0073     0.2308     0.0098     3.0073     2.7541      0.943    15.9325    12.2097    6.08787    8.70017    268.605    7.26704   10.38532  0.000e+00
        500      0.951      1.380   3103.886   6770.984     9.1763   1.821898     3.0147     0.0073     0.2173     0.0085     3.0147     2.5268      0.943    15.9124    12.1948    6.10822    8.72926    269.507    7.26909   10.38825  0.000e+00
        501      0.951      1.380   3103.823   6778.817     9.1753   1.827072     3.0195     0.0073     0.2198     0.0098     3.0195     2.5681      0.943    15.9620    12.2336    6.11888    8.74449    269.966    7.26694   10.38518  0.000e+00
        502      0.951      1.380   3103.823   6766.817     9.1753   1.819149     3.0220     0.0073     0.2186     0.0085     3.0220     2.5475      0.943    15.8867    12.1749    6.12806    8.75761    270.387    7.27044   10.39019  0.000e+00
        503      0.951      1.380   3104.076   6768.777     9.1791   1.820442     3.0269     0.0073     0.2173     0.0098     3.0269     2.5268      0.943    15.8973    12.1827    6.13960    8.77411    270.894    7.26931   10.38857  0.000e+00
        504      1.085      1.574   3104.076   6783.707     9.1791   1.830305     3.0342     0.0073     0.2173     0.0085     3.0342     2.5268      1.076    15.9911    12.2558    6.15472    8.79572    271.542    7.26496   10.38235  0.000e+00
        505      1.175      1.704   3102.812   7144.059     9.1602   2.075043     3.0379     0.0073     0.2161     0.0098     3.0379     2.5061      1.165    18.3460    14.0920    6.07458    8.68118    267.521    7.15958   10.23176  0.000e+00
        506      1.309      1.898   3112.108   7312.255     9.2988   2.193668     3.0440     0.0073     0.2186     0.0085     3.0440     2.5475      1.298    19.4196    14.9107    6.03030    8.61790    265.357    7.08798   10.12944  0.000e+00
        507      1.443      2.093   3118.875   7597.262     9.3996   2.401065     3.0488     0.0073     0.2186     0.0098     3.0488     2.5475      1.431    21.3780    16.4226    5.95460    8.50972    261.636    6.98381    9.98056  0.000e+00
        508      1.577      2.287   3125.704   7673.723     9.5011   2.458072     3.0513     0.0073     0.2247     0.0085     3.0513     2.6508      1.564    21.8732    16.7944    5.92900    8.47314    260.416    6.94569    9.92608  0.000e+00
        509      1.711      2.482   3129.372   7804.028     9.5555   2.556556     3.0537     0.0073     0.2247     0.0098     3.0537     2.6508      1.697    22.8021    17.5102    5.89318    8.42195    258.660    6.89614    9.85528  0.000e+00
        510      1.845      2.677   3133.988   8037.507     9.6240   2.737222     3.0562     0.0073     0.2186     0.0085     3.0562     2.5475      1.830    24.5323    18.8480    5.82605    8.32601    255.378    6.80997    9.73213  0.000e+00
        511      1.980      2.871   3140.185   8184.734     9.7158   2.853920     3.0574     0.0073     0.2186     0.0085     3.0574     2.5475      1.963    25.6209    19.6824    5.77758    8.25675    253.046    6.74894    9.64492  0.000e+00
        512      2.069      3.001   3144.928   8215.881     9.7859   2.878883     3.0598     0.0073     0.2332     0.0085     3.0598     2.7954      2.052    25.8176    19.8253    5.76766    8.24257    252.576    6.72986    9.61765  0.000e+00
        513      2.203      3.195   3146.066   8246.911     9.8028   2.903848     3.0611     0.0073     0.2295     0.0098     3.0611     2.7334      2.185    26.0523    20.0055    5.76001    8.23162    252.196    6.71728    9.59967  0.000e+00
        514      2.382      3.455   3147.014   8245.703     9.8168   2.902875     3.0623     0.0073     0.2308     0.0085     3.0623     2.7541      2.362    26.0325    19.9880    5.76205    8.23455    252.290    6.71601    9.59786  0.000e+00
        515      2.516      3.649   3147.078   8252.136     9.8177   2.908062     3.0611     0.0073     0.2259     0.0085     3.0611     2.6714      2.495    26.0830    20.0272    5.75731    8.22777    252.073    6.71371    9.59457  0.000e+00
        516      2.606      3.779   3147.267   8245.500     9.8205   2.902711     3.0562     0.0073     0.2210     0.0098     3.0562     2.5888      2.584    26.0281    19.9840    5.74752    8.21378    251.655    6.71564    9.59732  0.000e+00
        517      2.740      3.974   3147.710   8301.631     9.8271   2.948105     3.0427     0.0073     0.2198     0.0085     3.0427     2.5681      2.717    26.4724    20.3291    5.69900    8.14445    249.446    6.69571    9.56883  0.000e+00
        518      2.874      4.168   3149.417   8291.034     9.8523   2.939511     3.0269     0.0073     0.2222     0.0085     3.0269     2.6094      2.850    26.3688    20.2446    5.66247    8.09223    247.868    6.69633    9.56972  0.000e+00
        519      3.053      4.428   3149.480   8303.826     9.8532   2.949887     3.0000     0.0073     0.2161     0.0085     3.0000     2.5061      3.027    26.4707    20.3239    5.59563    7.99672    244.923    6.69185    9.56332  0.000e+00
        520      3.187      4.622   3149.923   8312.809     9.8598   2.957182     2.9670     0.0073     0.2173     0.0098     2.9670     2.5268      3.160    26.5381    20.3753    5.51505    7.88156    241.384    6.68800    9.55782  0.000e+00
        521      3.366      4.882   3150.492   8325.966     9.8682   2.967883     2.9292     0.0073     0.2283     0.0098     2.9292     2.7127      3.338    26.6378    20.4517    5.42179    7.74828    237.284    6.68250    9.54997  0.000e+00
        522      3.500      5.076   3151.441   8329.948     9.8822   2.971125     2.8828     0.0073     0.2234     0.0098     2.8828     2.6301      3.471    26.6595    20.4665    5.31058    7.58935    232.414    6.67949    9.54565  0.000e+00
        523      3.634      5.271   3151.567   8349.040     9.8841   2.986689     2.8376     0.0073     0.2173     0.0098     2.8376     2.5268      3.604    26.8122    20.5851    5.19932    7.43035    227.518    6.67273    9.53599  0.000e+00
        524      3.723      5.400   3153.022   8391.839     9.9055   3.021713     2.7900     0.0073     0.2222     0.0098     2.7900     2.6094      3.692    27.1432    20.8397    5.07468    7.25223    222.009    6.65550    9.51138  0.000e+00
        525      3.902      5.660   3155.045   8397.766     9.9354   3.026576     2.7448     0.0073     0.2247     0.0085     2.7448     2.6508      3.870    27.1689    20.8551    4.96515    7.09570    217.214    6.64997    9.50347  0.000e+00
        526      3.992      5.789   3155.740   8458.377     9.9456   3.076522     2.6996     0.0073     0.2357     0.0085     2.6996     2.8367      3.958    27.6566    21.2333    4.84350    6.92184    211.813    6.62788    9.47190  0.000e+00
