unitTesting/processed_seabird_noalign/ORCA1_CAST0041.cnv
* Sea-Bird SBE 19 Data File:
* FileName =
* Software Version 4.234
* Temperature SN = 2835
* Conductivity SN = 2835
* System UpLoad Time = Sat Jan 29 06:08:41 2005

** Ship: ORCA
** Cruise: Mooring
** Station: Twanoh
** Latitude: 47 22.5
** Longitude: 123 0.5
# nquan = 22
# nvalues = 931                                   
# units = specified
# name 0 = scan: Scan Count
# name 1 = prSM: Pressure, Strain Gauge [db]
# name 2 = prSE: Pressure, Strain Gauge [psi]
# name 3 = f0: Frequency 0
# name 4 = f1: Frequency 1
# name 5 = t090C: Temperature [ITS-90, deg C]
# name 6 = c0S/m: Conductivity [S/m]
# name 7 = v0: Voltage 0
# name 8 = v1: Voltage 1
# name 9 = v2: Voltage 2
# name 10 = v3: Voltage 3
# name 11 = sbeox0V: Oxygen raw, SBE 43 [V]
# name 12 = wetStar: Fluorescence, WET Labs WETstar [mg/m^3]
# name 13 = depSM: Depth [salt water, m], lat = 47.28
# name 14 = sal00: Salinity, Practical [PSU]
# name 15 = sigma-t00: Density [sigma-t, Kg/m^3 ]
# name 16 = sbeox0ML/L: Oxygen, SBE 43 [ml/l]
# name 17 = sbeox0Mg/L: Oxygen, SBE 43 [mg/l]
# name 18 = sbeox0Mm/Kg: Oxygen, SBE 43 [umol/Kg]
# name 19 = oxsatML/L: Oxygen Saturation, Weiss [ml/l]
# name 20 = oxsatMg/L: Oxygen Saturation, Weiss [mg/l]
# name 21 = flag:  0.000e+00
# span 0 =          1,        931                 
# span 1 =      0.996,     29.582                 
# span 2 =      1.444,     42.905                 
# span 3 =   3079.141,   3232.227                 
# span 4 =   7327.216,   8900.359                 
# span 5 =     8.8059,    11.0644                 
# span 6 =   2.204359,   3.451723                 
# span 7 =     0.0000,     2.7534                 
# span 8 =     0.0000,     0.0073                 
# span 9 =     0.0000,     0.3199                 
# span 10 =     0.0000,     0.0098                
# span 11 =     0.0000,     2.7534                
# span 12 =    -1.1506,     4.2622                
# span 13 =      0.988,     29.334                
# span 14 =    19.7942,    30.4885                
# span 15 =    15.2645,    23.2608                
# span 16 =   -1.39799,    5.28881                
# span 17 =   -1.99787,    7.55824                
# span 18 =    -61.035,    232.643                
# span 19 =    6.35590,    7.15191                
# span 20 =    9.08322,   10.22079                
# span 21 = 0.0000e+00, 0.0000e+00                
# interval = seconds: 0.5
# start_time = Jan 31 2016 20:27:33 [DatCnv date, localtime]
# bad_flag = -9.990e-29
*END*
[from data line 396]
        397      8.822     12.795   3168.657   8643.093    10.1359   3.230976     1.6129     0.0073     0.2222     0.0098     1.6129     2.6094      8.748    29.0407    22.2816    2.28294    3.26255     99.734    6.54211    9.34932  0.000e+00
        398      8.687     12.600   3169.605   8646.357    10.1499   3.233735     1.6264     0.0061     0.2137     0.0085     1.6264     2.4648      8.615    29.0571    22.2920    2.31292    3.30539    101.042    6.53940    9.34546  0.000e+00
        399      8.598     12.470   3170.175   8642.905    10.1582   3.230817     1.6398     0.0073     0.2259     0.0098     1.6398     2.6714      8.526    29.0214    22.2629    2.34393    3.34970    102.400    6.53967    9.34584  0.000e+00
        400      8.508     12.341   3169.732   8643.100    10.1517   3.230981     1.6520     0.0073     0.2295     0.0085     1.6520     2.7334      8.437    29.0282    22.2693    2.37222    3.39014    103.635    6.54033    9.34678  0.000e+00
        401      8.464     12.276   3169.164   8634.078    10.1434   3.223359     1.6642     0.0073     0.2271     0.0085     1.6642     2.6921      8.393    28.9592    22.2168    2.40178    3.43239    104.932    6.54441    9.35261  0.000e+00
        402      8.330     12.081   3168.216   8624.278    10.1294   3.215089     1.6752     0.0061     0.2259     0.0085     1.6752     2.6714      8.260    28.8881    22.1637    2.42885    3.47107    106.120    6.54939    9.35973  0.000e+00
        403      8.285     12.016   3166.382   8615.815    10.1024   3.207954     1.6874     0.0073     0.2381     0.0085     1.6874     2.8780      8.216    28.8387    22.1295    2.45913    3.51434    107.447    6.55537    9.36828  0.000e+00
        404      8.151     11.822   3164.802   8607.535    10.0792   3.200981     1.6996     0.0073     0.2295     0.0085     1.6996     2.7334      8.083    28.7879    22.0936    2.48926    3.55740    108.767    6.56087    9.37615  0.000e+00
        405      8.106     11.757   3163.475   8604.647    10.0596   3.198550     1.7094     0.0073     0.2320     0.0085     1.7094     2.7747      8.038    28.7792    22.0900    2.51296    3.59127    109.803    6.56409    9.38074  0.000e+00
        406      7.972     11.562   3162.843   8601.950    10.0503   3.196282     1.7204     0.0073     0.2491     0.0085     1.7204     3.0639      7.905    28.7641    22.0797    2.53903    3.62853    110.944    6.56608    9.38358  0.000e+00
        407      7.882     11.432   3161.958   8599.253    10.0373   3.194013     1.7289     0.0073     0.2308     0.0085     1.7289     2.7541      7.817    28.7519    22.0722    2.55965    3.65799    111.845    6.56849    9.38703  0.000e+00
        408      7.793     11.303   3161.389   8595.590    10.0289   3.190933     1.7363     0.0073     0.2393     0.0085     1.7363     2.8987      7.728    28.7279    22.0549    2.57739    3.68335    112.622    6.57072    9.39021  0.000e+00
        409      7.703     11.173   3160.883   8591.539    10.0215   3.187529     1.7411     0.0073     0.2405     0.0085     1.7411     2.9193      7.639    28.7000    22.0343    2.58951    3.70067    113.154    6.57297    9.39343  0.000e+00
        410      7.614     11.043   3160.251   8589.031    10.0122   3.185422     1.7448     0.0061     0.2393     0.0085     1.7448     2.8987      7.550    28.6864    22.0252    2.59868    3.71378    113.556    6.57490    9.39619  0.000e+00
        411      7.525     10.913   3159.683   8588.068    10.0038   3.184613     1.7497     0.0073     0.2271     0.0085     1.7497     2.6921      7.462    28.6850    22.0254    2.61043    3.73056    114.069    6.57619    9.39803  0.000e+00
        412      7.435     10.784   3159.430   8585.173    10.0001   3.182182     1.7558     0.0073     0.2662     0.0085     1.7558     3.3532      7.373    28.6638    22.0095    2.62508    3.75150    114.711    6.57762    9.40007  0.000e+00
        413      7.346     10.654   3158.988   8584.982     9.9935   3.182022     1.7607     0.0073     0.2405     0.0085     1.7607     2.9193      7.284    28.6674    22.0133    2.63665    3.76804    115.216    6.57842    9.40122  0.000e+00
        414      7.212     10.459   3158.735   8582.859     9.9898   3.180239     1.7668     0.0073     0.2344     0.0085     1.7668     2.8160      7.151    28.6526    22.0024    2.65119    3.78881    115.853    6.57958    9.40288  0.000e+00
        415      7.122     10.330   3158.356   8583.054     9.9842   3.180404     1.7729     0.0061     0.2442     0.0085     1.7729     2.9813      7.063    28.6587    22.0080    2.66549    3.80926    116.478    6.58015    9.40369  0.000e+00
        416      7.077     10.265   3158.293   8581.704     9.9833   3.179270     1.7802     0.0073     0.2430     0.0098     1.7802     2.9606      7.018    28.6482    22.0000    2.68267    3.83380    117.229    6.58073    9.40452  0.000e+00
        417      6.943     10.070   3158.167   8581.320     9.9814   3.178948     1.7888     0.0061     0.2637     0.0085     1.7888     3.3119      6.885    28.6465    21.9989    2.70254    3.86220    118.098    6.58107    9.40501  0.000e+00
        418      6.854      9.940   3157.978   8578.616     9.9786   3.176679     1.7998     0.0073     0.2442     0.0098     1.7998     2.9813      6.797    28.6261    21.9835    2.72846    3.89925    119.232    6.58233    9.40681  0.000e+00
        419      6.720      9.746   3157.535   8576.878     9.9721   3.175221     1.8095     0.0073     0.2576     0.0085     1.8095     3.2086      6.664    28.6168    21.9773    2.75157    3.93227    120.243    6.58368    9.40873  0.000e+00
        420      6.675      9.681   3157.093   8575.333     9.9656   3.173925     1.8205     0.0073     0.2479     0.0098     1.8205     3.0433      6.619    28.6091    21.9723    2.77752    3.96935    121.377    6.58496    9.41056  0.000e+00
        421      6.541      9.486   3156.904   8574.368     9.9628   3.173116     1.8291     0.0061     0.2503     0.0085     1.8291     3.0846      6.486    28.6033    21.9682    2.79754    3.99796    122.252    6.58561    9.41149  0.000e+00
        422      6.451      9.357   3156.778   8573.596     9.9609   3.172469     1.8388     0.0073     0.2527     0.0085     1.8388     3.1259      6.397    28.5983    21.9646    2.82033    4.03053    123.249    6.58609    9.41218  0.000e+00
        423      6.407      9.292   3156.588   8572.244     9.9582   3.171336     1.8474     0.0073     0.2515     0.0085     1.8474     3.1053      6.353    28.5893    21.9580    2.84044    4.05928    124.129    6.58688    9.41331  0.000e+00
        424      6.272      9.097   3156.589   8572.053     9.9582   3.171175     1.8571     0.0073     0.2527     0.0098     1.8571     3.1259      6.220    28.5877    21.9568    2.86305    4.09159    125.117    6.58694    9.41340  0.000e+00
        425      6.093      8.838   3156.462   8571.862     9.9563   3.171015     1.8657     0.0061     0.2466     0.0085     1.8657     3.0226      6.043    28.5877    21.9570    2.88290    4.11995    125.984    6.58722    9.41379  0.000e+00
        426      6.004      8.708   3156.399   8571.090     9.9554   3.170368     1.8742     0.0073     0.2589     0.0085     1.8742     3.2292      5.954    28.5820    21.9527    2.90283    4.14843    126.856    6.58759    9.41433  0.000e+00
        427      5.870      8.514   3156.400   8570.705     9.9554   3.170046     1.8816     0.0073     0.2686     0.0085     1.8816     3.3945      5.821    28.5788    21.9503    2.91981    4.17270    127.598    6.58772    9.41452  0.000e+00
        428      5.780      8.384   3156.337   8570.901     9.9544   3.170210     1.8889     0.0073     0.2576     0.0085     1.8889     3.2086      5.732    28.5812    21.9523    2.93676    4.19693    128.339    6.58776    9.41457  0.000e+00
        429      5.691      8.254   3156.337   8570.710     9.9544   3.170049     1.8950     0.0061     0.2650     0.0085     1.8950     3.3325      5.644    28.5796    21.9511    2.95090    4.21714    128.957    6.58783    9.41466  0.000e+00
        430      5.602      8.124   3156.464   8570.906     9.9563   3.170213     1.9011     0.0073     0.2674     0.0085     1.9011     3.3738      5.555    28.5798    21.9509    2.96489    4.23713    129.568    6.58754    9.41426  0.000e+00
        431      5.467      7.930   3156.654   8570.908     9.9591   3.170215     1.9084     0.0061     0.2637     0.0085     1.9084     3.3119      5.422    28.5777    21.9488    2.98168    4.26112    130.302    6.58722    9.41380  0.000e+00
        432      5.423      7.865   3156.781   8570.910     9.9610   3.170217     1.9145     0.0073     0.2601     0.0085     1.9145     3.2499      5.377    28.5763    21.9474    2.99572    4.28118    130.916    6.58701    9.41349  0.000e+00
        433      5.289      7.670   3156.781   8570.719     9.9610   3.170057     1.9206     0.0073     0.2625     0.0085     1.9206     3.2912      5.244    28.5747    21.9462    3.00984    4.30136    131.533    6.58707    9.41358  0.000e+00
        434      5.199      7.541   3156.845   8570.528     9.9619   3.169896     1.9243     0.0073     0.2564     0.0085     1.9243     3.1879      5.156    28.5724    21.9443    3.01827    4.31341    131.902    6.58703    9.41352  0.000e+00
        435      5.065      7.346   3156.971   8570.530     9.9638   3.169898     1.9304     0.0061     0.2491     0.0085     1.9304     3.0639      5.023    28.5710    21.9429    3.03227    4.33342    132.513    6.58681    9.41322  0.000e+00
        436      4.975      7.216   3157.098   8570.532     9.9657   3.169900     1.9353     0.0073     0.2650     0.0085     1.9353     3.3325      4.934    28.5696    21.9415    3.04346    4.34940    133.003    6.58660    9.41291  0.000e+00
        437      4.886      7.087   3157.162   8570.534     9.9666   3.169902     1.9389     0.0073     0.2735     0.0085     1.9389     3.4771      4.845    28.5689    21.9408    3.05186    4.36141    133.370    6.58649    9.41275  0.000e+00
        438      4.752      6.892   3157.415   8570.149     9.9703   3.169579     1.9414     0.0073     0.2637     0.0085     1.9414     3.3119      4.712    28.5628    21.9354    3.05734    4.36925    133.610    6.58620    9.41234  0.000e+00
        439      4.707      6.827   3157.478   8570.345     9.9713   3.169743     1.9463     0.0073     0.2527     0.0085     1.9463     3.1259      4.668    28.5637    21.9360    3.06856    4.38528    134.100    6.58602    9.41208  0.000e+00
        440      4.573      6.633   3157.668   8569.960     9.9741   3.169421     1.9475     0.0073     0.2552     0.0085     1.9475     3.1672      4.535    28.5583    21.9314    3.07126    4.38913    134.219    6.58584    9.41182  0.000e+00
        441      4.439      6.438   3157.605   8568.995     9.9732   3.168612     1.9499     0.0073     0.2637     0.0085     1.9499     3.3119      4.402    28.5510    21.9258    3.07706    4.39742    134.473    6.58628    9.41245  0.000e+00
        442      4.349      6.308   3157.606   8568.416     9.9732   3.168127     1.9524     0.0073     0.2772     0.0085     1.9524     3.5391      4.313    28.5462    21.9221    3.08277    4.40559    134.723    6.58648    9.41273  0.000e+00
        443      4.260      6.179   3157.543   8567.064     9.9722   3.166993     1.9548     0.0073     0.2747     0.0085     1.9548     3.4978      4.224    28.5357    21.9140    3.08866    4.41400    134.981    6.58705    9.41356  0.000e+00
        444      4.126      5.984   3157.227   8563.387     9.9676   3.163913     1.9536     0.0073     0.2735     0.0085     1.9536     3.4771      4.091    28.5087    21.8938    3.08660    4.41106    134.894    6.58887    9.41615  0.000e+00
        445      4.036      5.854   3156.658   8560.096     9.9592   3.161158     1.9560     0.0073     0.2686     0.0085     1.9560     3.3945      4.003    28.4879    21.8789    3.09317    4.42045    135.183    6.59097    9.41915  0.000e+00
        446      3.947      5.725   3155.963   8554.671     9.9489   3.156619     1.9560     0.0073     0.2674     0.0085     1.9560     3.3738      3.914    28.4508    21.8516    3.09453    4.42239    135.246    6.59403    9.42353  0.000e+00
        447      3.813      5.530   3155.205   8546.526     9.9377   3.149808     1.9573     0.0073     0.2601     0.0085     1.9573     3.2499      3.781    28.3918    21.8073    3.09919    4.42905    135.456    6.59815    9.42942  0.000e+00
        448      3.723      5.400   3154.509   8551.379     9.9275   3.153865     1.9560     0.0073     0.2723     0.0085     1.9560     3.4565      3.692    28.4403    21.8467    3.09603    4.42453    135.312    6.59763    9.42867  0.000e+00
        449      3.634      5.271   3154.446   8546.919     9.9266   3.150137     1.9573     0.0073     0.2698     0.0085     1.9573     3.4152      3.604    28.4039    21.8185    3.09960    4.42964    135.472    6.59929    9.43104  0.000e+00
        450      3.500      5.076   3153.372   8521.073     9.9107   3.128568     1.9585     0.0073     0.2662     0.0085     1.9585     3.3532      3.471    28.2014    21.6632    3.10740    4.44079    135.834    6.61013    9.44653  0.000e+00
        451      3.410      4.946   3151.033   8517.376     9.8762   3.125488     1.9585     0.0073     0.2747     0.0085     1.9585     3.4978      3.382    28.1977    21.6657    3.10969    4.44405    135.933    6.61538    9.45404  0.000e+00
        452      3.187      4.622   3150.148   8499.249     9.8631   3.110407     1.9585     0.0073     0.2686     0.0085     1.9585     3.3945      3.160    28.0576    21.5586    3.11321    4.44910    136.102    6.62321    9.46523  0.000e+00
        453      3.097      4.492   3148.441   8490.270     9.8379   3.102949     1.9597     0.0073     0.2540     0.0085     1.9597     3.1466      3.072    28.0029    21.5198    3.11875    4.45701    136.349    6.62925    9.47387  0.000e+00
        454      3.008      4.363   3147.050   8484.800     9.8173   3.098410     1.9597     0.0073     0.2698     0.0085     1.9597     3.4152      2.983    27.9736    21.5001    3.12064    4.45971    136.434    6.63354    9.47999  0.000e+00
        455      2.919      4.233   3145.722   8452.487     9.7977   3.071653     1.9621     0.0073     0.2833     0.0098     1.9621     3.6424      2.894    27.7220    21.3071    3.13260    4.47679    136.983    6.64708    9.49934  0.000e+00
        456      2.784      4.038   3143.699   8447.386     9.7678   3.067439     1.9634     0.0073     0.2821     0.0085     1.9634     3.6217      2.761    27.7030    21.2968    3.13774    4.48415    137.209    6.65234    9.50686  0.000e+00
        457      2.695      3.909   3143.004   8457.592     9.7575   3.075874     1.9670     0.0073     0.2711     0.0098     1.9670     3.4358      2.673    27.7951    21.3702    3.14511    4.49467    137.522    6.64998    9.50348  0.000e+00
        458      2.561      3.714   3143.067   8452.886     9.7584   3.071984     1.9707     0.0073     0.2821     0.0085     1.9707     3.6217      2.539    27.7556    21.3393    3.15434    4.50787    137.930    6.65151    9.50567  0.000e+00
        459      2.471      3.584   3142.688   8432.654     9.7528   3.055282     1.9756     0.0073     0.3065     0.0085     1.9756     4.0349      2.451    27.5933    21.2136    3.16936    4.52934    138.604    6.65922    9.51669  0.000e+00
        460      2.427      3.520   3140.918   8386.307     9.7266   3.017177     1.9780     0.0073     0.2845     0.0085     1.9780     3.6631      2.406    27.2334    20.9371    3.18409    4.55039    139.285    6.67841    9.54411  0.000e+00
