unitTesting/processed_seabird_noalign/ORCA1_CAST0030.cnv
* Sea-Bird SBE 19 Data File:
* FileName =
* Software Version 4.234
* Temperature SN = 2835
* Conductivity SN = 2835
* System UpLoad Time = Wed Jan 26 12:02:27 2005

** Ship: ORCA
** Cruise: Mooring
** Station: Twanoh
** Latitude: 47 22.5
** Longitude: 123 0.5
# nquan = 22
# nvalues = 889                                   
# units = specified
# name 0 = scan: Scan Count
# name 1 = prSM: Pressure, Strain Gauge [db]
# name 2 = prSE: Pressure, Strain Gauge [psi]
# name 3 = f0: Frequency 0
# name 4 = f1: Frequency 1
# name 5 = t090C: Temperature [ITS-90, deg C]
# name 6 = c0S/m: Conductivity [S/m]
# name 7 = v0: Voltage 0
# name 8 = v1: Voltage 1
# name 9 = v2: Voltage 2
# name 10 = v3: Voltage 3
# name 11 = sbeox0V: Oxygen raw, SBE 43 [V]
# name 12 = wetStar: Fluorescence, WET Labs WETstar [mg/m^3]
# name 13 = depSM: Depth [salt water, m], lat = 47.28
# name 14 = sal00: Salinity, Practical [PSU]
# name 15 = sigma-t00: Density [sigma-t, Kg/m^3 ]
# name 16 = sbeox0ML/L: Oxygen, SBE 43 [ml/l]
# name 17 = sbeox0Mg/L: Oxygen, SBE 43 [mg/l]
# name 18 = sbeox0Mm/Kg: Oxygen, SBE 43 [umol/Kg]
# name 19 = oxsatML/L: Oxygen Saturation, Weiss [ml/l]
# name 20 = oxsatMg/L: Oxygen Saturation, Weiss [mg/l]
# name 21 = flag:  0.000e+00
# span 0 =          1,        889                 
# span 1 =      0.996,     29.672                 
# span 2 =      1.444,     43.035                 
# span 3 =   3091.107,   3233.047                 
# span 4 =   6847.917,   8901.251                 
# span 5 =     8.9852,    11.0763                 
# span 6 =   1.872975,   3.452500                 
# span 7 =     0.0000,     2.8913                 
# span 8 =     0.0000,     0.0073                 
# span 9 =     0.0000,     0.3028                 
# span 10 =     0.0000,     0.0098                
# span 11 =     0.0000,     2.8913                
# span 12 =    -1.1506,     3.9730                
# span 13 =      0.988,     29.422                
# span 14 =    16.4860,    30.4588                
# span 15 =    12.6639,    23.2300                
# span 16 =   -1.39615,    5.71551                
# span 17 =   -1.99523,    8.16804                
# span 18 =    -60.948,    252.049                
# span 19 =    6.35222,    7.27436                
# span 20 =    9.07796,   10.39579                
# span 21 = 0.0000e+00, 0.0000e+00                
# interval = seconds: 0.5
# start_time = Jan 31 2016 20:27:24 [DatCnv date, localtime]
# bad_flag = -9.990e-29
*END*
[from data line 132]
        133     18.931     27.458   3230.976   8876.853    11.0462   3.431278     1.1355     0.0073     0.1368     0.0085     1.1355     1.1633     18.773    30.2733    23.0896    1.15421    1.64948     50.384    6.36265    9.09287  0.000e+00
        134     18.976     27.522   3230.913   8877.044    11.0453   3.431444     1.1368     0.0073     0.1331     0.0085     1.1368     1.1013     18.817    30.2757    23.0916    1.15696    1.65341     50.504    6.36269    9.09291  0.000e+00
        135     18.931     27.458   3230.850   8877.421    11.0444   3.431772     1.1380     0.0073     0.1343     0.0085     1.1380     1.1220     18.773    30.2796    23.0948    1.15969    1.65731     50.623    6.36265    9.09287  0.000e+00
        136     18.931     27.458   3230.914   8877.425    11.0454   3.431775     1.1380     0.0073     0.1331     0.0085     1.1380     1.1013     18.773    30.2789    23.0941    1.15967    1.65729     50.622    6.36255    9.09273  0.000e+00
        137     18.976     27.522   3230.978   8877.429    11.0463   3.431778     1.1392     0.0073     0.1355     0.0085     1.1392     1.1426     18.817    30.2782    23.0934    1.16240    1.66119     50.741    6.36246    9.09258  0.000e+00
        138     18.931     27.458   3230.979   8877.433    11.0463   3.431782     1.1392     0.0073     0.1331     0.0085     1.1392     1.1013     18.773    30.2782    23.0934    1.16240    1.66118     50.741    6.36245    9.09258  0.000e+00
        139     18.931     27.458   3230.979   8877.437    11.0463   3.431785     1.1404     0.0073     0.1331     0.0085     1.1404     1.1013     18.773    30.2782    23.0934    1.16514    1.66510     50.860    6.36245    9.09258  0.000e+00
        140     18.931     27.458   3230.980   8877.628    11.0463   3.431951     1.1416     0.0073     0.1343     0.0085     1.1416     1.1220     18.773    30.2799    23.0947    1.16787    1.66900     50.980    6.36238    9.09248  0.000e+00
        141     18.976     27.522   3231.044   8877.631    11.0472   3.431954     1.1404     0.0073     0.1343     0.0085     1.1404     1.1220     18.817    30.2791    23.0939    1.16512    1.66507     50.860    6.36229    9.09234  0.000e+00
        142     18.976     27.522   3230.855   8877.448    11.0445   3.431795     1.1416     0.0073     0.1331     0.0085     1.1416     1.1013     18.817    30.2798    23.0949    1.16792    1.66907     50.982    6.36264    9.09285  0.000e+00
        143     18.931     27.458   3230.982   8877.639    11.0463   3.431961     1.1416     0.0073     0.1343     0.0098     1.1416     1.1220     18.773    30.2799    23.0947    1.16787    1.66900     50.980    6.36238    9.09247  0.000e+00
        144     18.976     27.522   3230.982   8877.456    11.0463   3.431802     1.1416     0.0061     0.1355     0.0085     1.1416     1.1426     18.817    30.2783    23.0935    1.16788    1.66902     50.980    6.36244    9.09256  0.000e+00
        145     18.976     27.522   3230.920   8877.647    11.0454   3.431967     1.1429     0.0073     0.1319     0.0085     1.1429     1.0806     18.817    30.2807    23.0955    1.17063    1.67295     51.100    6.36247    9.09261  0.000e+00
        146     18.931     27.458   3231.047   8877.837    11.0473   3.432133     1.1429     0.0073     0.1343     0.0085     1.1429     1.1220     18.773    30.2808    23.0953    1.17058    1.67287     51.098    6.36221    9.09223  0.000e+00
        147     18.976     27.522   3231.111   8877.655    11.0482   3.431974     1.1441     0.0073     0.1331     0.0085     1.1441     1.1013     18.817    30.2785    23.0933    1.17332    1.67679     51.218    6.36218    9.09218  0.000e+00
        148     18.931     27.458   3231.111   8877.658    11.0482   3.431977     1.1429     0.0073     0.1343     0.0085     1.1429     1.1220     18.773    30.2785    23.0933    1.17057    1.67287     51.098    6.36217    9.09218  0.000e+00
        149     18.976     27.522   3231.112   8877.662    11.0482   3.431981     1.1429     0.0073     0.1343     0.0085     1.1429     1.1220     18.817    30.2786    23.0933    1.17058    1.67287     51.098    6.36217    9.09218  0.000e+00
        150     18.931     27.458   3230.986   8877.853    11.0464   3.432146     1.1429     0.0061     0.1331     0.0085     1.1429     1.1013     18.773    30.2817    23.0961    1.17059    1.67289     51.098    6.36230    9.09236  0.000e+00
        151     18.931     27.458   3231.050   8877.857    11.0473   3.432150     1.1429     0.0073     0.1343     0.0098     1.1429     1.1220     18.773    30.2810    23.0953    1.17058    1.67287     51.098    6.36220    9.09222  0.000e+00
        152     18.976     27.522   3231.051   8877.861    11.0473   3.432153     1.1441     0.0073     0.1343     0.0085     1.1441     1.1220     18.817    30.2810    23.0954    1.17332    1.67680     51.218    6.36220    9.09222  0.000e+00
        153     18.931     27.458   3230.925   8881.039    11.0455   3.434915     1.1441     0.0073     0.1343     0.0085     1.1441     1.1220     18.773    30.3095    23.1179    1.17315    1.67655     51.209    6.36131    9.09094  0.000e+00
        154     18.931     27.458   3230.862   8877.682    11.0446   3.431998     1.1441     0.0061     0.1343     0.0085     1.1441     1.1220     18.773    30.2817    23.0964    1.17338    1.67687     51.220    6.36255    9.09271  0.000e+00
        155     18.931     27.458   3230.863   8877.499    11.0446   3.431839     1.1441     0.0073     0.1331     0.0085     1.1441     1.1013     18.773    30.2802    23.0952    1.17339    1.67689     51.221    6.36261    9.09280  0.000e+00
        156     18.976     27.522   3230.990   8877.502    11.0465   3.431842     1.1441     0.0073     0.1343     0.0085     1.1441     1.1220     18.817    30.2787    23.0937    1.17336    1.67685     51.219    6.36241    9.09252  0.000e+00
        157     18.976     27.522   3230.927   8877.506    11.0455   3.431845     1.1441     0.0073     0.1368     0.0085     1.1441     1.1633     18.817    30.2794    23.0945    1.17338    1.67687     51.220    6.36251    9.09266  0.000e+00
        158     18.976     27.522   3230.802   8877.510    11.0437   3.431849     1.1441     0.0073     0.1343     0.0085     1.1441     1.1220     18.817    30.2810    23.0960    1.17341    1.67692     51.221    6.36270    9.09293  0.000e+00
        159     18.976     27.522   3230.929   8877.514    11.0456   3.431852     1.1441     0.0073     0.1392     0.0085     1.1441     1.2046     18.817    30.2795    23.0945    1.17338    1.67687     51.220    6.36250    9.09265  0.000e+00
        160     18.931     27.458   3230.929   8877.331    11.0456   3.431693     1.1453     0.0073     0.1331     0.0085     1.1453     1.1013     18.773    30.2779    23.0933    1.17612    1.68080     51.340    6.36256    9.09274  0.000e+00
        161     18.976     27.522   3230.867   8877.335    11.0447   3.431697     1.1441     0.0073     0.1343     0.0085     1.1441     1.1220     18.817    30.2787    23.0941    1.17340    1.67691     51.221    6.36266    9.09287  0.000e+00
        162     18.976     27.522   3230.804   8877.526    11.0438   3.431862     1.1453     0.0073     0.1355     0.0085     1.1453     1.1426     18.817    30.2811    23.0960    1.17615    1.68084     51.341    6.36269    9.09292  0.000e+00
        163     18.976     27.522   3230.931   8877.529    11.0456   3.431866     1.1441     0.0073     0.1343     0.0085     1.1441     1.1220     18.817    30.2796    23.0946    1.17338    1.67687     51.220    6.36249    9.09264  0.000e+00
        164     18.931     27.458   3230.932   8877.347    11.0456   3.431707     1.1465     0.0073     0.1331     0.0085     1.1465     1.1013     18.773    30.2780    23.0934    1.17886    1.68471     51.460    6.36255    9.09273  0.000e+00
        165     18.931     27.458   3230.869   8877.537    11.0447   3.431872     1.1453     0.0073     0.1343     0.0085     1.1453     1.1220     18.773    30.2804    23.0954    1.17613    1.68080     51.340    6.36258    9.09277  0.000e+00
        166     18.931     27.458   3230.933   8877.541    11.0456   3.431876     1.1465     0.0061     0.1331     0.0085     1.1465     1.1013     18.773    30.2797    23.0946    1.17885    1.68470     51.459    6.36249    9.09263  0.000e+00
        167     18.976     27.522   3230.807   8877.545    11.0438   3.431879     1.1465     0.0073     0.1331     0.0085     1.1465     1.1013     18.817    30.2812    23.0961    1.17889    1.68475     51.461    6.36268    9.09290  0.000e+00
        168     18.976     27.522   3230.808   8877.549    11.0438   3.431882     1.1465     0.0073     0.1331     0.0085     1.1465     1.1013     18.817    30.2812    23.0962    1.17889    1.68475     51.461    6.36268    9.09290  0.000e+00
        169     18.976     27.522   3230.935   8877.553    11.0457   3.431886     1.1453     0.0073     0.1331     0.0085     1.1453     1.1013     18.817    30.2797    23.0947    1.17612    1.68079     51.340    6.36248    9.09262  0.000e+00
        170     18.976     27.522   3230.935   8877.557    11.0457   3.431889     1.1465     0.0073     0.1331     0.0085     1.1465     1.1013     18.817    30.2798    23.0947    1.17886    1.68470     51.459    6.36248    9.09262  0.000e+00
        171     18.931     27.458   3230.810   8877.747    11.0438   3.432055     1.1465     0.0073     0.1331     0.0098     1.1465     1.1013     18.773    30.2829    23.0975    1.17887    1.68472     51.460    6.36260    9.09280  0.000e+00
        172     18.976     27.522   3230.937   8877.751    11.0457   3.432058     1.1465     0.0073     0.1331     0.0085     1.1465     1.1013     18.817    30.2814    23.0960    1.17884    1.68469     51.459    6.36241    9.09252  0.000e+00
        173     18.931     27.458   3230.937   8877.568    11.0457   3.431899     1.1465     0.0073     0.1331     0.0085     1.1465     1.1013     18.773    30.2799    23.0948    1.17885    1.68469     51.459    6.36247    9.09261  0.000e+00
        174     18.931     27.458   3230.938   8877.759    11.0457   3.432065     1.1490     0.0073     0.1331     0.0098     1.1490     1.1013     18.773    30.2815    23.0960    1.18432    1.69251     51.698    6.36240    9.09251  0.000e+00
        175     18.931     27.458   3230.875   8877.949    11.0448   3.432230     1.1490     0.0073     0.1319     0.0085     1.1490     1.0806     18.773    30.2838    23.0980    1.18432    1.69252     51.698    6.36243    9.09256  0.000e+00
        176     18.976     27.522   3230.939   8877.766    11.0457   3.432071     1.1490     0.0073     0.1355     0.0085     1.1490     1.1426     18.817    30.2815    23.0960    1.18433    1.69252     51.698    6.36240    9.09251  0.000e+00
        177     18.931     27.458   3230.813   8877.957    11.0439   3.432237     1.1502     0.0073     0.1331     0.0085     1.1502     1.1013     18.773    30.2846    23.0988    1.18708    1.69646     51.818    6.36253    9.09269  0.000e+00
        178     18.976     27.522   3230.877   8877.961    11.0448   3.432240     1.1490     0.0073     0.1331     0.0085     1.1490     1.1013     18.817    30.2839    23.0981    1.18433    1.69252     51.698    6.36243    9.09255  0.000e+00
        179     18.931     27.458   3230.878   8877.965    11.0448   3.432244     1.1490     0.0073     0.1331     0.0085     1.1490     1.1013     18.773    30.2839    23.0981    1.18432    1.69251     51.698    6.36243    9.09254  0.000e+00
        180     18.976     27.522   3230.878   8877.969    11.0448   3.432247     1.1490     0.0073     0.1331     0.0085     1.1490     1.1013     18.817    30.2839    23.0981    1.18433    1.69252     51.698    6.36242    9.09254  0.000e+00
        181     18.931     27.458   3230.879   8877.973    11.0448   3.432250     1.1490     0.0073     0.1331     0.0085     1.1490     1.1013     18.773    30.2840    23.0981    1.18432    1.69251     51.698    6.36242    9.09254  0.000e+00
        182     18.976     27.522   3230.943   8877.976    11.0458   3.432254     1.1490     0.0061     0.1319     0.0085     1.1490     1.0806     18.817    30.2832    23.0974    1.18431    1.69250     51.697    6.36232    9.09240  0.000e+00
        183     18.976     27.522   3230.944   8877.980    11.0458   3.432257     1.1490     0.0073     0.1319     0.0085     1.1490     1.0806     18.817    30.2833    23.0974    1.18431    1.69250     51.697    6.36232    9.09239  0.000e+00
        184     18.931     27.458   3230.944   8878.171    11.0458   3.432423     1.1490     0.0061     0.1331     0.0085     1.1490     1.1013     18.773    30.2849    23.0987    1.18429    1.69247     51.696    6.36225    9.09230  0.000e+00
        185     18.976     27.522   3230.882   8878.175    11.0449   3.432426     1.1502     0.0073     0.1331     0.0085     1.1502     1.1013     18.817    30.2857    23.0994    1.18706    1.69642     51.817    6.36235    9.09243  0.000e+00
        186     18.976     27.522   3230.819   8877.992    11.0440   3.432267     1.1490     0.0073     0.1343     0.0085     1.1490     1.1220     18.817    30.2849    23.0990    1.18434    1.69254     51.699    6.36251    9.09266  0.000e+00
        187     18.976     27.522   3230.946   8877.996    11.0458   3.432270     1.1490     0.0073     0.1343     0.0085     1.1490     1.1220     18.817    30.2834    23.0975    1.18431    1.69250     51.697    6.36231    9.09238  0.000e+00
        188     18.976     27.522   3230.883   8878.000    11.0449   3.432274     1.1490     0.0073     0.1368     0.0085     1.1490     1.1633     18.817    30.2842    23.0982    1.18432    1.69252     51.698    6.36241    9.09251  0.000e+00
        189     18.931     27.458   3230.821   8878.003    11.0440   3.432277     1.1490     0.0073     0.1343     0.0085     1.1490     1.1220     18.773    30.2849    23.0990    1.18433    1.69253     51.698    6.36250    9.09265  0.000e+00
        190     18.931     27.458   3230.885   8878.194    11.0449   3.432443     1.1490     0.0073     0.1355     0.0085     1.1490     1.1426     18.773    30.2858    23.0995    1.18430    1.69249     51.697    6.36234    9.09242  0.000e+00
        191     18.931     27.458   3230.948   8878.385    11.0459   3.432608     1.1502     0.0073     0.1355     0.0085     1.1502     1.1426     18.773    30.2867    23.1000    1.18702    1.69637     51.815    6.36217    9.09218  0.000e+00
        192     18.931     27.458   3230.759   8878.389    11.0431   3.432612     1.1490     0.0073     0.1331     0.0085     1.1490     1.1013     18.773    30.2890    23.1023    1.18433    1.69252     51.698    6.36246    9.09259  0.000e+00
        193     18.976     27.522   3230.887   8878.206    11.0450   3.432453     1.1502     0.0073     0.1331     0.0085     1.1502     1.1013     18.817    30.2859    23.0996    1.18705    1.69642     51.817    6.36233    9.09241  0.000e+00
        194     18.931     27.458   3230.950   8878.210    11.0459   3.432456     1.1490     0.0073     0.1331     0.0085     1.1490     1.1013     18.773    30.2852    23.0989    1.18429    1.69246     51.696    6.36223    9.09226  0.000e+00
        195     18.931     27.458   3230.888   8878.400    11.0450   3.432622     1.1490     0.0073     0.1331     0.0085     1.1490     1.1013     18.773    30.2875    23.1009    1.18429    1.69247     51.696    6.36226    9.09231  0.000e+00
        196     18.931     27.458   3230.952   8878.217    11.0459   3.432463     1.1490     0.0073     0.1343     0.0098     1.1490     1.1220     18.773    30.2852    23.0989    1.18429    1.69246     51.696    6.36223    9.09226  0.000e+00
        197     18.976     27.522   3230.826   8878.408    11.0441   3.432629     1.1477     0.0061     0.1331     0.0085     1.1477     1.1013     18.817    30.2883    23.1016    1.18157    1.68859     51.577    6.36235    9.09244  0.000e+00
