unitTesting/processed_seabird_noalign/ORCA1_CAST0049.cnv
* Sea-Bird SBE 19 Data File:
* FileName =
* Software Version 4.234
* Temperature SN = 2835
* Conductivity SN = 2835
* System UpLoad Time = Mon Jan 31 06:13:00 2005

** Ship: ORCA
** Cruise: Mooring
** Station: Twanoh
** Latitude: 47 22.5
** Longitude: 123 0.5
# nquan = 22
# nvalues = 932                                   
# units = specified
# name 0 = scan: Scan Count
# name 1 = prSM: Pressure, Strain Gauge [db]
# name 2 = prSE: Pressure, Strain Gauge [psi]
# name 3 = f0: Frequency 0
# name 4 = f1: Frequency 1
# name 5 = t090C: Temperature [ITS-90, deg C]
# name 6 = c0S/m: Conductivity [S/m]
# name 7 = v0: Voltage 0
# name 8 = v1: Voltage 1
# name 9 = v2: Voltage 2
# name 10 = v3: Voltage 3
# name 11 = sbeox0V: Oxygen raw, SBE 43 [V]
# name 12 = wetStar: Fluorescence, WET Labs WETstar [mg/m^3]
# name 13 = depSM: Depth [salt water, m], lat = 47.28
# name 14 = sal00: Salinity, Practical [PSU]
# name 15 = sigma-t00: Density [sigma-t, Kg/m^3 ]
# name 16 = sbeox0ML/L: Oxygen, SBE 43 [ml/l]
# name 17 = sbeox0Mg/L: Oxygen, SBE 43 [mg/l]
# name 18 = sbeox0Mm/Kg: Oxygen, SBE 43 [umol/Kg]
# name 19 = oxsatML/L: Oxygen Saturation, Weiss [ml/l]
# name 20 = oxsatMg/L: Oxygen Saturation, Weiss [mg/l]
# name 21 = flag:  0.000e+00
# span 0 =          1,        932                 
# span 1 =      0.906,     29.582                 
# span 2 =      1.315,     42.905                 
# span 3 =   3100.212,   3227.843                 
# span 4 =   7479.576,   8903.377                 
# span 5 =     9.1214,    11.0008                 
# span 6 =   2.314454,   3.454353                 
# span 7 =     0.0000,     2.7363                 
# span 8 =     0.0000,     0.0073                 
# span 9 =     0.0000,     0.2821                 
# span 10 =     0.0000,     0.0098                
# span 11 =     0.0000,     2.7363                
# span 12 =    -1.1506,     3.6217                
# span 13 =      0.899,     29.334                
# span 14 =    20.6917,    30.5867                
# span 15 =    15.9234,    23.3522                
# span 16 =   -1.39818,    5.21058                
# span 17 =   -1.99814,    7.44643                
# span 18 =    -61.035,    228.978                
# span 19 =    6.36539,    7.05896                
# span 20 =    9.09678,   10.08795                
# span 21 = 0.0000e+00, 0.0000e+00                
# interval = seconds: 0.5
# start_time = Jan 31 2016 20:27:40 [DatCnv date, localtime]
# bad_flag = -9.990e-29
*END*
[from data line 791]
        792     29.582     42.905   3223.381   8894.640    10.9360   3.446746     1.3053     0.0073     0.1355     0.0085     1.3053     1.1426     29.334    30.5119    23.2940    1.53865    2.19889     67.152    6.36838    9.10105  0.000e+00
        793     29.582     42.905   3223.507   8894.639    10.9378   3.446745     1.3053     0.0073     0.1343     0.0085     1.3053     1.1220     29.334    30.5104    23.2925    1.53861    2.19883     67.150    6.36819    9.10078  0.000e+00
        794     29.537     42.840   3223.444   8894.638    10.9369   3.446744     1.3065     0.0073     0.1343     0.0085     1.3065     1.1220     29.289    30.5111    23.2933    1.54137    2.20277     67.271    6.36828    9.10091  0.000e+00
        795     29.582     42.905   3223.380   8894.637    10.9360   3.446743     1.3065     0.0073     0.1355     0.0085     1.3065     1.1426     29.334    30.5119    23.2940    1.54140    2.20281     67.272    6.36838    9.10105  0.000e+00
        796     29.537     42.840   3223.443   8894.636    10.9369   3.446743     1.3077     0.0061     0.1355     0.0085     1.3077     1.1426     29.289    30.5111    23.2933    1.54412    2.20670     67.390    6.36829    9.10092  0.000e+00
        797     29.582     42.905   3223.380   8894.822    10.9360   3.446904     1.3077     0.0073     0.1355     0.0085     1.3077     1.1426     29.334    30.5135    23.2952    1.54413    2.20672     67.391    6.36832    9.10097  0.000e+00
        798     29.582     42.905   3223.380   8894.634    10.9360   3.446741     1.3077     0.0061     0.1355     0.0085     1.3077     1.1426     29.334    30.5119    23.2940    1.54415    2.20674     67.392    6.36838    9.10106  0.000e+00
        799     29.582     42.905   3223.506   8894.447    10.9378   3.446578     1.3101     0.0073     0.1368     0.0085     1.3101     1.1633     29.334    30.5088    23.2912    1.54962    2.21456     67.631    6.36826    9.10087  0.000e+00
        800     29.537     42.840   3223.505   8894.260    10.9378   3.446415     1.3089     0.0061     0.1355     0.0085     1.3089     1.1426     29.289    30.5072    23.2900    1.54687    2.21064     67.511    6.36832    9.10096  0.000e+00
        801     29.537     42.840   3223.442   8894.632    10.9369   3.446739     1.3089     0.0073     0.1355     0.0085     1.3089     1.1426     29.289    30.5111    23.2932    1.54686    2.21062     67.510    6.36829    9.10092  0.000e+00
        802     29.582     42.905   3223.505   8894.631    10.9378   3.446738     1.3101     0.0061     0.1343     0.0085     1.3101     1.1220     29.334    30.5103    23.2925    1.54960    2.21453     67.630    6.36819    9.10079  0.000e+00
        803     29.582     42.905   3223.441   8894.630    10.9369   3.446737     1.3114     0.0073     0.1343     0.0085     1.3114     1.1220     29.334    30.5111    23.2932    1.55237    2.21849     67.751    6.36829    9.10092  0.000e+00
        804     29.537     42.840   3223.441   8894.629    10.9368   3.446736     1.3114     0.0073     0.1355     0.0085     1.3114     1.1426     29.289    30.5111    23.2932    1.55236    2.21848     67.750    6.36829    9.10092  0.000e+00
        805     29.582     42.905   3223.441   8894.628    10.9368   3.446736     1.3114     0.0073     0.1355     0.0085     1.3114     1.1426     29.334    30.5111    23.2932    1.55237    2.21849     67.751    6.36829    9.10093  0.000e+00
        806     29.582     42.905   3223.377   8894.627    10.9359   3.446735     1.3126     0.0073     0.1355     0.0085     1.3126     1.1426     29.334    30.5118    23.2940    1.55514    2.22245     67.872    6.36839    9.10107  0.000e+00
        807     29.537     42.840   3223.567   8894.627    10.9387   3.446734     1.3114     0.0073     0.1355     0.0085     1.3114     1.1426     29.289    30.5096    23.2917    1.55232    2.21842     67.748    6.36810    9.10065  0.000e+00
        808     29.537     42.840   3223.503   8894.812    10.9378   3.446896     1.3114     0.0073     0.1355     0.0085     1.3114     1.1426     29.289    30.5119    23.2937    1.55232    2.21843     67.749    6.36813    9.10070  0.000e+00
        809     29.582     42.905   3223.440   8894.625    10.9368   3.446733     1.3126     0.0073     0.1355     0.0085     1.3126     1.1426     29.334    30.5111    23.2932    1.55512    2.22242     67.871    6.36830    9.10093  0.000e+00
        810     29.582     42.905   3223.566   8894.437    10.9387   3.446570     1.3126     0.0073     0.1343     0.0085     1.3126     1.1220     29.334    30.5079    23.2905    1.55509    2.22238     67.870    6.36817    9.10075  0.000e+00
        811     29.582     42.905   3223.439   8894.623    10.9368   3.446731     1.3114     0.0073     0.1343     0.0085     1.3114     1.1220     29.334    30.5111    23.2932    1.55237    2.21849     67.751    6.36830    9.10093  0.000e+00
        812     29.582     42.905   3223.502   8894.622    10.9377   3.446730     1.3114     0.0073     0.1355     0.0085     1.3114     1.1426     29.334    30.5103    23.2924    1.55235    2.21846     67.750    6.36820    9.10080  0.000e+00
        813     29.582     42.905   3223.375   8894.621    10.9359   3.446730     1.3101     0.0073     0.1343     0.0085     1.3101     1.1220     29.334    30.5118    23.2939    1.54965    2.21460     67.632    6.36840    9.10107  0.000e+00
        814     29.582     42.905   3223.438   8894.620    10.9368   3.446729     1.3114     0.0073     0.1368     0.0085     1.3114     1.1633     29.334    30.5110    23.2932    1.55237    2.21849     67.751    6.36830    9.10094  0.000e+00
        815     29.537     42.840   3223.375   8894.433    10.9359   3.446566     1.3101     0.0073     0.1343     0.0085     1.3101     1.1220     29.289    30.5102    23.2927    1.54965    2.21461     67.632    6.36846    9.10117  0.000e+00
        816     29.537     42.840   3223.438   8894.432    10.9368   3.446565     1.3101     0.0073     0.1343     0.0085     1.3101     1.1220     29.289    30.5095    23.2920    1.54963    2.21458     67.631    6.36836    9.10103  0.000e+00
        817     29.537     42.840   3223.374   8903.377    10.9359   3.454353     1.3089     0.0073     0.1380     0.0085     1.3089     1.1839     29.289    30.5867    23.3522    1.54616    2.20961     67.476    6.36539    9.09678  0.000e+00
        818     29.448     42.710   3223.058   8894.244    10.9313   3.446401     1.3089     0.0061     0.1368     0.0085     1.3089     1.1633     29.200    30.5125    23.2953    1.54701    2.21083     67.517    6.36901    9.10195  0.000e+00
        819     29.403     42.645   3223.310   8894.616    10.9349   3.446725     1.3089     0.0073     0.1355     0.0098     1.3089     1.1426     29.156    30.5126    23.2947    1.54688    2.21065     67.511    6.36849    9.10121  0.000e+00
        820     29.358     42.581   3223.500   8894.615    10.9377   3.446724     1.3101     0.0073     0.1355     0.0085     1.3101     1.1426     29.112    30.5103    23.2925    1.54956    2.21447     67.628    6.36820    9.10080  0.000e+00
        821     29.269     42.451   3223.436   8894.614    10.9368   3.446723     1.3089     0.0073     0.1355     0.0085     1.3089     1.1426     29.023    30.5111    23.2933    1.54681    2.21055     67.508    6.36830    9.10094  0.000e+00
        822     29.224     42.386   3223.499   8894.427    10.9377   3.446560     1.3101     0.0073     0.1331     0.0085     1.3101     1.1013     28.979    30.5088    23.2913    1.54954    2.21445     67.627    6.36827    9.10089  0.000e+00
        823     29.045     42.126   3223.562   8894.240    10.9386   3.446397     1.3089     0.0073     0.1355     0.0085     1.3089     1.1426     28.801    30.5065    23.2894    1.54675    2.21046     67.506    6.36823    9.10084  0.000e+00
        824     28.955     41.996   3223.499   8894.425    10.9377   3.446559     1.3089     0.0073     0.1343     0.0085     1.3089     1.1220     28.712    30.5089    23.2914    1.54674    2.21044     67.505    6.36826    9.10089  0.000e+00
        825     28.866     41.866   3223.435   8894.611    10.9368   3.446720     1.3089     0.0073     0.1368     0.0085     1.3089     1.1633     28.624    30.5113    23.2934    1.54673    2.21043     67.504    6.36830    9.10093  0.000e+00
        826     28.776     41.737   3223.498   8894.423    10.9377   3.446557     1.3101     0.0061     0.1355     0.0085     1.3101     1.1426     28.535    30.5090    23.2914    1.54945    2.21432     67.623    6.36826    9.10088  0.000e+00
        827     28.687     41.607   3223.561   8894.423    10.9386   3.446556     1.3114     0.0073     0.1343     0.0085     1.3114     1.1220     28.446    30.5082    23.2907    1.55216    2.21818     67.741    6.36816    9.10074  0.000e+00
        828     28.597     41.477   3223.624   8894.235    10.9395   3.446393     1.3114     0.0061     0.1355     0.0085     1.3114     1.1426     28.357    30.5059    23.2887    1.55213    2.21815     67.741    6.36813    9.10070  0.000e+00
        829     28.508     41.347   3223.560   8894.234    10.9386   3.446393     1.3101     0.0073     0.1355     0.0085     1.3101     1.1426     28.269    30.5067    23.2895    1.54939    2.21423     67.621    6.36823    9.10083  0.000e+00
        830     28.374     41.152   3223.623   8894.047    10.9395   3.446229     1.3114     0.0073     0.1355     0.0085     1.3114     1.1426     28.135    30.5044    23.2876    1.55210    2.21810     67.739    6.36819    9.10078  0.000e+00
        831     28.329     41.087   3223.560   8894.419    10.9386   3.446553     1.3114     0.0073     0.1343     0.0085     1.3114     1.1220     28.091    30.5084    23.2908    1.55208    2.21808     67.738    6.36816    9.10074  0.000e+00
        832     28.284     41.023   3223.623   8894.232    10.9395   3.446390     1.3114     0.0073     0.1368     0.0085     1.3114     1.1633     28.047    30.5060    23.2888    1.55206    2.21805     67.738    6.36813    9.10069  0.000e+00
        833     28.150     40.828   3223.496   8894.044    10.9376   3.446227     1.3114     0.0073     0.1355     0.0085     1.3114     1.1426     27.913    30.5060    23.2891    1.55209    2.21810     67.739    6.36839    9.10106  0.000e+00
        834     28.060     40.698   3223.749   8894.230    10.9413   3.446389     1.3101     0.0073     0.1331     0.0085     1.3101     1.1013     27.825    30.5046    23.2874    1.54923    2.21400     67.614    6.36793    9.10041  0.000e+00
        835     27.971     40.568   3223.622   8894.043    10.9395   3.446225     1.3114     0.0073     0.1368     0.0085     1.3114     1.1633     27.736    30.5045    23.2877    1.55201    2.21798     67.735    6.36819    9.10078  0.000e+00
        836     27.926     40.503   3223.685   8893.855    10.9404   3.446062     1.3114     0.0073     0.1355     0.0085     1.3114     1.1426     27.692    30.5022    23.2857    1.55200    2.21796     67.735    6.36816    9.10073  0.000e+00
        837     27.792     40.308   3223.685   8894.227    10.9404   3.446386     1.3114     0.0073     0.1343     0.0085     1.3114     1.1220     27.558    30.5054    23.2882    1.55194    2.21787     67.732    6.36803    9.10055  0.000e+00
        838     27.747     40.244   3223.684   8894.040    10.9404   3.446223     1.3114     0.0073     0.1355     0.0085     1.3114     1.1426     27.514    30.5038    23.2870    1.55194    2.21788     67.733    6.36809    9.10064  0.000e+00
        839     27.657     40.114   3223.684   8893.853    10.9404   3.446060     1.3114     0.0061     0.1343     0.0085     1.3114     1.1220     27.425    30.5023    23.2858    1.55194    2.21788     67.732    6.36815    9.10073  0.000e+00
        840     27.568     39.984   3223.684   8894.038    10.9404   3.446222     1.3126     0.0073     0.1343     0.0085     1.3126     1.1220     27.337    30.5039    23.2870    1.55465    2.22176     67.851    6.36809    9.10064  0.000e+00
        841     27.478     39.854   3223.747   8894.037    10.9413   3.446221     1.3114     0.0073     0.1355     0.0085     1.3114     1.1426     27.248    30.5032    23.2863    1.55187    2.21777     67.729    6.36799    9.10050  0.000e+00
        842     27.389     39.724   3223.810   8893.663    10.9422   3.445895     1.3114     0.0073     0.1355     0.0085     1.3114     1.1426     27.159    30.4993    23.2831    1.55186    2.21776     67.729    6.36802    9.10054  0.000e+00
        843     27.344     39.659   3223.809   8893.663    10.9422   3.445895     1.3114     0.0073     0.1343     0.0085     1.3114     1.1220     27.115    30.4993    23.2831    1.55185    2.21774     67.729    6.36802    9.10054  0.000e+00
        844     27.210     39.465   3223.809   8893.662    10.9422   3.445894     1.3114     0.0061     0.1355     0.0085     1.3114     1.1426     26.982    30.4993    23.2832    1.55182    2.21770     67.727    6.36802    9.10054  0.000e+00
        845     27.120     39.335   3223.851   8893.661    10.9428   3.445894     1.3101     0.0073     0.1355     0.0098     1.3101     1.1426     26.893    30.4988    23.2827    1.54904    2.21373     67.606    6.36796    9.10045  0.000e+00
        846     27.076     39.270   3223.893   8893.661    10.9434   3.445893     1.3114     0.0073     0.1355     0.0085     1.3114     1.1426     26.848    30.4984    23.2822    1.55176    2.21762     67.725    6.36789    9.10035  0.000e+00
        847     27.031     39.205   3223.935   8893.661    10.9440   3.445893     1.3114     0.0073     0.1355     0.0085     1.3114     1.1426     26.804    30.4979    23.2817    1.55174    2.21759     67.724    6.36783    9.10026  0.000e+00
        848     26.897     39.010   3223.935   8893.474    10.9440   3.445731     1.3114     0.0073     0.1355     0.0085     1.3114     1.1426     26.671    30.4963    23.2805    1.55172    2.21757     67.723    6.36789    9.10035  0.000e+00
        849     26.807     38.880   3223.998   8893.661    10.9449   3.445893     1.3114     0.0073     0.1355     0.0085     1.3114     1.1426     26.582    30.4972    23.2810    1.55167    2.21749     67.721    6.36773    9.10012  0.000e+00
        850     26.673     38.686   3223.872   8893.661    10.9431   3.445893     1.3114     0.0061     0.1343     0.0085     1.3114     1.1220     26.449    30.4988    23.2826    1.55168    2.21751     67.721    6.36792    9.10039  0.000e+00
        851     26.628     38.621   3223.935   8893.474    10.9440   3.445731     1.3114     0.0073     0.1355     0.0085     1.3114     1.1426     26.405    30.4964    23.2806    1.55167    2.21749     67.721    6.36788    9.10034  0.000e+00
        852     26.539     38.491   3223.935   8893.288    10.9440   3.445568     1.3114     0.0061     0.1343     0.0085     1.3114     1.1220     26.316    30.4949    23.2794    1.55166    2.21748     67.721    6.36795    9.10043  0.000e+00
        853     26.494     38.426   3223.935   8893.288    10.9440   3.445568     1.3114     0.0073     0.1355     0.0085     1.3114     1.1426     26.272    30.4949    23.2794    1.55165    2.21747     67.720    6.36795    9.10043  0.000e+00
        854     26.404     38.296   3224.062   8893.288    10.9459   3.445568     1.3114     0.0073     0.1355     0.0085     1.3114     1.1426     26.183    30.4934    23.2779    1.55159    2.21738     67.718    6.36775    9.10015  0.000e+00
        855     26.360     38.231   3223.935   8893.101    10.9440   3.445406     1.3101     0.0061     0.1343     0.0085     1.3101     1.1220     26.138    30.4934    23.2782    1.54889    2.21353     67.600    6.36801    9.10052  0.000e+00
