unitTesting/processed_seabird_noalign/ORCA1_CAST0004.cnv
* Sea-Bird SBE 19 Data File:
* FileName =
* Software Version 4.234
* Temperature SN = 2835
* Conductivity SN = 2835
* System UpLoad Time = Wed Jan 19 23:48:47 2005

** Ship: ORCA
** Cruise: Mooring
** Station: Twanoh
** Latitude: 47 22.5
** Longitude: 123 0.5
# nquan = 22
# nvalues = 914                                   
# units = specified
# name 0 = scan: Scan Count
# name 1 = prSM: Pressure, Strain Gauge [db]
# name 2 = prSE: Pressure, Strain Gauge [psi]
# name 3 = f0: Frequency 0
# name 4 = f1: Frequency 1
# name 5 = t090C: Temperature [ITS-90, deg C]
# name 6 = c0S/m: Conductivity [S/m]
# name 7 = v0: Voltage 0
# name 8 = v1: Voltage 1
# name 9 = v2: Voltage 2
# name 10 = v3: Voltage 3
# name 11 = sbeox0V: Oxygen raw, SBE 43 [V]
# name 12 = wetStar: Fluorescence, WET Labs WETstar [mg/m^3]
# name 13 = depSM: Depth [salt water, m], lat = 47.28
# name 14 = sal00: Salinity, Practical [PSU]
# name 15 = sigma-t00: Density [sigma-t, Kg/m^3 ]
# name 16 = sbeox0ML/L: Oxygen, SBE 43 [ml/l]
# name 17 = sbeox0Mg/L: Oxygen, SBE 43 [mg/l]
# name 18 = sbeox0Mm/Kg: Oxygen, SBE 43 [umol/Kg]
# name 19 = oxsatML/L: Oxygen Saturation, Weiss [ml/l]
# name 20 = oxsatMg/L: Oxygen Saturation, Weiss [mg/l]
# name 21 = flag:  0.000e+00
# span 0 =          1,        914                 
# span 1 =      0.996,     29.627                 
# span 2 =      1.444,     42.970                 
# span 3 =   3030.109,   3232.936                 
# span 4 =   7390.124,   8910.182                 
# span 5 =     8.0657,    11.0747                 
# span 6 =   2.249542,   3.460282                 
# span 7 =     0.0000,     3.0330                 
# span 8 =     0.0000,     0.0073                 
# span 9 =     0.0000,     0.6300                 
# span 10 =     0.0000,     0.0098                
# span 11 =     0.0000,     3.0330                
# span 12 =    -1.1506,     9.5097                
# span 13 =      0.988,     29.378                
# span 14 =    20.5210,    30.5410                
# span 15 =    15.8913,    23.2952                
# span 16 =   -1.39371,    5.98255                
# span 17 =   -1.99175,    8.54966                
# span 18 =    -60.833,    262.935                
# span 19 =    6.34961,    7.21310                
# span 20 =    9.07423,   10.30824                
# span 21 = 0.0000e+00, 0.0000e+00                
# interval = seconds: 0.5
# start_time = Jan 31 2016 20:27:01 [DatCnv date, localtime]
# bad_flag = -9.990e-29
*END*
[from data line 198]
        199     18.976     27.522   3232.751   8897.379    11.0720   3.449125     1.3321     0.0073     0.1258     0.0085     1.3321     0.9774     18.817    30.4267    23.2044    1.59324    2.27691     69.541    6.35294    9.07899  0.000e+00
        200     18.931     27.458   3232.751   8897.567    11.0720   3.449288     1.3309     0.0061     0.1258     0.0085     1.3309     0.9774     18.773    30.4283    23.2056    1.59048    2.27296     69.420    6.35288    9.07890  0.000e+00
        201     18.931     27.458   3232.624   8897.567    11.0702   3.449289     1.3321     0.0073     0.1270     0.0085     1.3321     0.9980     18.773    30.4298    23.2071    1.59326    2.27693     69.541    6.35307    9.07918  0.000e+00
        202     18.931     27.458   3232.751   8897.382    11.0720   3.449127     1.3333     0.0073     0.1270     0.0085     1.3333     0.9980     18.773    30.4267    23.2044    1.59597    2.28080     69.660    6.35294    9.07899  0.000e+00
        203     18.931     27.458   3232.814   8897.569    11.0729   3.449290     1.3321     0.0073     0.1270     0.0085     1.3321     0.9980     18.773    30.4276    23.2049    1.59320    2.27684     69.538    6.35278    9.07876  0.000e+00
        204     18.931     27.458   3232.751   8897.570    11.0720   3.449291     1.3321     0.0073     0.1270     0.0085     1.3321     0.9980     18.773    30.4283    23.2056    1.59322    2.27687     69.539    6.35288    9.07890  0.000e+00
        205     18.931     27.458   3232.751   8897.570    11.0720   3.449292     1.3321     0.0073     0.1258     0.0085     1.3321     0.9774     18.773    30.4283    23.2056    1.59322    2.27687     69.539    6.35288    9.07890  0.000e+00
        206     18.931     27.458   3232.688   8897.571    11.0711   3.449292     1.3309     0.0073     0.1270     0.0085     1.3309     0.9980     18.773    30.4291    23.2064    1.59050    2.27299     69.421    6.35297    9.07904  0.000e+00
        207     18.931     27.458   3232.751   8897.572    11.0720   3.449293     1.3321     0.0073     0.1258     0.0085     1.3321     0.9774     18.773    30.4284    23.2057    1.59322    2.27687     69.539    6.35288    9.07890  0.000e+00
        208     18.931     27.458   3232.688   8897.573    11.0711   3.449294     1.3321     0.0073     0.1270     0.0085     1.3321     0.9980     18.773    30.4291    23.2064    1.59324    2.27690     69.540    6.35297    9.07903  0.000e+00
        209     18.931     27.458   3232.751   8897.574    11.0720   3.449294     1.3321     0.0073     0.1258     0.0085     1.3321     0.9774     18.773    30.4284    23.2057    1.59322    2.27687     69.539    6.35288    9.07890  0.000e+00
        210     18.931     27.458   3232.815   8897.388    11.0729   3.449133     1.3333     0.0073     0.1258     0.0085     1.3333     0.9774     18.773    30.4260    23.2037    1.59595    2.28077     69.659    6.35284    9.07885  0.000e+00
        211     18.931     27.458   3232.751   8897.575    11.0720   3.449296     1.3321     0.0073     0.1258     0.0085     1.3321     0.9774     18.773    30.4284    23.2057    1.59322    2.27687     69.539    6.35288    9.07890  0.000e+00
        212     18.931     27.458   3232.688   8897.389    11.0711   3.449134     1.3321     0.0073     0.1270     0.0085     1.3321     0.9980     18.773    30.4276    23.2052    1.59326    2.27692     69.541    6.35304    9.07912  0.000e+00
        213     18.931     27.458   3232.815   8897.390    11.0729   3.449135     1.3321     0.0073     0.1282     0.0085     1.3321     1.0187     18.773    30.4260    23.2037    1.59321    2.27686     69.539    6.35284    9.07885  0.000e+00
        214     18.931     27.458   3232.752   8897.577    11.0720   3.449298     1.3333     0.0073     0.1258     0.0085     1.3333     0.9774     18.773    30.4284    23.2057    1.59596    2.28078     69.659    6.35288    9.07889  0.000e+00
        215     18.931     27.458   3232.752   8897.392    11.0720   3.449136     1.3321     0.0073     0.1282     0.0085     1.3321     1.0187     18.773    30.4268    23.2045    1.59323    2.27689     69.540    6.35294    9.07898  0.000e+00
        216     18.931     27.458   3232.689   8897.579    11.0711   3.449299     1.3321     0.0061     0.1270     0.0085     1.3321     0.9980     18.773    30.4292    23.2064    1.59324    2.27690     69.540    6.35297    9.07903  0.000e+00
        217     18.931     27.458   3232.752   8897.580    11.0720   3.449300     1.3321     0.0073     0.1282     0.0085     1.3321     1.0187     18.773    30.4284    23.2057    1.59322    2.27687     69.539    6.35287    9.07889  0.000e+00
        218     18.931     27.458   3232.689   8897.394    11.0711   3.449138     1.3309     0.0073     0.1245     0.0085     1.3309     0.9567     18.773    30.4276    23.2052    1.59052    2.27301     69.422    6.35303    9.07912  0.000e+00
        219     18.931     27.458   3232.752   8897.581    11.0720   3.449301     1.3309     0.0073     0.1270     0.0085     1.3309     0.9980     18.773    30.4284    23.2057    1.59048    2.27295     69.420    6.35287    9.07889  0.000e+00
        220     18.931     27.458   3232.752   8897.582    11.0720   3.449302     1.3297     0.0073     0.1258     0.0085     1.3297     0.9774     18.773    30.4284    23.2057    1.58774    2.26904     69.300    6.35287    9.07889  0.000e+00
        221     18.931     27.458   3232.689   8897.583    11.0711   3.449302     1.3297     0.0073     0.1319     0.0085     1.3297     1.0806     18.773    30.4292    23.2065    1.58776    2.26907     69.301    6.35297    9.07903  0.000e+00
        222     18.931     27.458   3232.752   8897.584    11.0720   3.449303     1.3297     0.0073     0.1270     0.0098     1.3297     0.9980     18.773    30.4284    23.2057    1.58774    2.26904     69.300    6.35287    9.07889  0.000e+00
        223     18.976     27.522   3232.689   8897.584    11.0711   3.449304     1.3284     0.0073     0.1258     0.0085     1.3284     0.9774     18.817    30.4292    23.2065    1.58504    2.26517     69.182    6.35297    9.07903  0.000e+00
        224     18.931     27.458   3232.689   8897.585    11.0711   3.449304     1.3272     0.0073     0.1282     0.0085     1.3272     1.0187     18.773    30.4292    23.2065    1.58229    2.26125     69.062    6.35297    9.07903  0.000e+00
        225     18.931     27.458   3232.752   8897.586    11.0720   3.449305     1.3297     0.0073     0.1258     0.0085     1.3297     0.9774     18.773    30.4285    23.2057    1.58774    2.26904     69.300    6.35287    9.07889  0.000e+00
        226     18.931     27.458   3232.752   8897.587    11.0720   3.449306     1.3272     0.0073     0.1282     0.0085     1.3272     1.0187     18.773    30.4285    23.2057    1.58227    2.26122     69.061    6.35287    9.07889  0.000e+00
        227     18.931     27.458   3232.689   8897.587    11.0711   3.449306     1.3284     0.0073     0.1258     0.0085     1.3284     0.9774     18.773    30.4292    23.2065    1.58503    2.26516     69.182    6.35297    9.07902  0.000e+00
        228     18.931     27.458   3232.689   8897.775    11.0711   3.449469     1.3309     0.0073     0.1270     0.0098     1.3309     0.9980     18.773    30.4308    23.2077    1.59048    2.27296     69.420    6.35290    9.07893  0.000e+00
        229     18.931     27.458   3232.753   8897.589    11.0720   3.449308     1.3309     0.0073     0.1258     0.0085     1.3309     0.9774     18.773    30.4285    23.2058    1.59048    2.27295     69.420    6.35287    9.07889  0.000e+00
        230     18.931     27.458   3232.689   8897.776    11.0711   3.449471     1.3321     0.0073     0.1270     0.0085     1.3321     0.9980     18.773    30.4308    23.2077    1.59322    2.27687     69.539    6.35290    9.07893  0.000e+00
        231     18.931     27.458   3232.753   8897.777    11.0720   3.449471     1.3321     0.0073     0.1258     0.0085     1.3321     0.9774     18.773    30.4301    23.2070    1.59320    2.27684     69.539    6.35281    9.07879  0.000e+00
        232     18.976     27.522   3232.753   8897.591    11.0720   3.449310     1.3309     0.0073     0.1258     0.0085     1.3309     0.9774     18.817    30.4285    23.2058    1.59049    2.27297     69.420    6.35287    9.07889  0.000e+00
        233     18.931     27.458   3232.690   8897.778    11.0711   3.449473     1.3309     0.0073     0.1270     0.0098     1.3309     0.9980     18.773    30.4308    23.2078    1.59048    2.27296     69.420    6.35290    9.07893  0.000e+00
        234     18.931     27.458   3232.753   8897.779    11.0720   3.449473     1.3297     0.0073     0.1270     0.0085     1.3297     0.9980     18.773    30.4301    23.2070    1.58772    2.26902     69.300    6.35280    9.07879  0.000e+00
        235     18.931     27.458   3232.753   8897.780    11.0720   3.449474     1.3297     0.0073     0.1258     0.0085     1.3297     0.9774     18.773    30.4301    23.2070    1.58772    2.26902     69.300    6.35280    9.07879  0.000e+00
        236     18.931     27.458   3232.753   8897.781    11.0720   3.449475     1.3297     0.0073     0.1270     0.0098     1.3297     0.9980     18.773    30.4301    23.2070    1.58772    2.26902     69.300    6.35280    9.07879  0.000e+00
        237     18.976     27.522   3232.690   8897.595    11.0711   3.449313     1.3284     0.0073     0.1270     0.0085     1.3284     0.9980     18.817    30.4293    23.2065    1.58503    2.26517     69.182    6.35296    9.07902  0.000e+00
        238     18.931     27.458   3232.690   8897.782    11.0711   3.449476     1.3297     0.0073     0.1270     0.0085     1.3297     0.9980     18.773    30.4309    23.2078    1.58775    2.26905     69.300    6.35290    9.07893  0.000e+00
        239     18.931     27.458   3232.690   8897.783    11.0711   3.449477     1.3297     0.0073     0.1258     0.0085     1.3297     0.9774     18.773    30.4309    23.2078    1.58775    2.26905     69.300    6.35290    9.07893  0.000e+00
        240     18.976     27.522   3232.753   8897.784    11.0720   3.449477     1.3297     0.0061     0.1258     0.0085     1.3297     0.9774     18.817    30.4301    23.2070    1.58773    2.26903     69.300    6.35280    9.07879  0.000e+00
        241     18.931     27.458   3232.690   8897.785    11.0711   3.449478     1.3309     0.0073     0.1270     0.0098     1.3309     0.9980     18.773    30.4309    23.2078    1.59048    2.27296     69.420    6.35290    9.07893  0.000e+00
        242     18.931     27.458   3232.753   8897.785    11.0720   3.449479     1.3297     0.0073     0.1258     0.0085     1.3297     0.9774     18.773    30.4301    23.2070    1.58772    2.26902     69.299    6.35280    9.07879  0.000e+00
        243     18.976     27.522   3232.690   8897.786    11.0711   3.449479     1.3321     0.0073     0.1429     0.0085     1.3321     1.2666     18.817    30.4309    23.2078    1.59323    2.27689     69.540    6.35290    9.07893  0.000e+00
        244     18.931     27.458   3232.690   8897.787    11.0711   3.449480     1.3321     0.0073     0.1282     0.0098     1.3321     1.0187     18.773    30.4309    23.2078    1.59322    2.27687     69.539    6.35290    9.07893  0.000e+00
        245     18.931     27.458   3232.627   8897.725    11.0702   3.449426     1.3321     0.0073     0.1258     0.0085     1.3321     0.9774     18.773    30.4311    23.2081    1.59325    2.27691     69.541    6.35301    9.07909  0.000e+00
        246     18.976     27.522   3232.564   8897.663    11.0693   3.449372     1.3321     0.0073     0.1270     0.0085     1.3321     0.9980     18.817    30.4314    23.2085    1.59329    2.27696     69.542    6.35313    9.07926  0.000e+00
        247     18.976     27.522   3232.501   8897.601    11.0684   3.449318     1.3333     0.0073     0.1270     0.0085     1.3333     0.9980     18.817    30.4316    23.2088    1.59605    2.28092     69.663    6.35325    9.07943  0.000e+00
        248     18.931     27.458   3232.691   8897.788    11.0711   3.449480     1.3321     0.0073     0.1282     0.0098     1.3321     1.0187     18.773    30.4309    23.2078    1.59322    2.27687     69.539    6.35290    9.07892  0.000e+00
        249     18.931     27.458   3232.691   8897.601    11.0711   3.449318     1.3333     0.0073     0.1270     0.0085     1.3333     0.9980     18.773    30.4293    23.2066    1.59597    2.28081     69.660    6.35296    9.07902  0.000e+00
        250     18.931     27.458   3232.691   8897.601    11.0711   3.449318     1.3321     0.0073     0.1282     0.0085     1.3321     1.0187     18.773    30.4293    23.2066    1.59324    2.27689     69.540    6.35296    9.07901  0.000e+00
        251     18.931     27.458   3232.754   8897.601    11.0720   3.449318     1.3333     0.0073     0.1270     0.0085     1.3333     0.9980     18.773    30.4286    23.2058    1.59595    2.28078     69.659    6.35286    9.07888  0.000e+00
        252     18.931     27.458   3232.628   8897.601    11.0702   3.449318     1.3333     0.0073     0.1270     0.0085     1.3333     0.9980     18.773    30.4301    23.2073    1.59600    2.28084     69.661    6.35306    9.07915  0.000e+00
        253     18.931     27.458   3232.691   8897.601    11.0711   3.449318     1.3333     0.0061     0.1282     0.0085     1.3333     1.0187     18.773    30.4293    23.2066    1.59597    2.28081     69.660    6.35296    9.07901  0.000e+00
        254     18.931     27.458   3232.691   8897.601    11.0711   3.449318     1.3346     0.0073     0.1270     0.0098     1.3346     0.9980     18.773    30.4293    23.2066    1.59871    2.28472     69.779    6.35296    9.07901  0.000e+00
        255     18.931     27.458   3232.691   8897.601    11.0711   3.449318     1.3346     0.0061     0.1258     0.0085     1.3346     0.9774     18.773    30.4293    23.2066    1.59871    2.28472     69.779    6.35296    9.07901  0.000e+00
        256     18.931     27.458   3232.691   8897.415    11.0711   3.449156     1.3346     0.0073     0.1282     0.0085     1.3346     1.0187     18.773    30.4277    23.2053    1.59873    2.28474     69.780    6.35302    9.07911  0.000e+00
        257     18.931     27.458   3232.691   8897.415    11.0711   3.449156     1.3346     0.0073     0.1294     0.0085     1.3346     1.0393     18.773    30.4277    23.2053    1.59873    2.28474     69.780    6.35302    9.07911  0.000e+00
        258     18.931     27.458   3232.628   8897.601    11.0702   3.449318     1.3333     0.0073     0.1270     0.0085     1.3333     0.9980     18.773    30.4301    23.2073    1.59600    2.28084     69.661    6.35306    9.07915  0.000e+00
        259     18.931     27.458   3232.691   8897.414    11.0711   3.449156     1.3346     0.0073     0.1270     0.0085     1.3346     0.9980     18.773    30.4277    23.2053    1.59873    2.28474     69.780    6.35302    9.07910  0.000e+00
        260     18.931     27.458   3232.628   8897.414    11.0702   3.449156     1.3333     0.0073     0.1258     0.0085     1.3333     0.9774     18.773    30.4285    23.2061    1.59601    2.28086     69.661    6.35312    9.07924  0.000e+00
        261     18.931     27.458   3232.628   8897.414    11.0702   3.449156     1.3333     0.0073     0.1270     0.0085     1.3333     0.9980     18.773    30.4285    23.2061    1.59601    2.28086     69.661    6.35312    9.07924  0.000e+00
        262     18.976     27.522   3232.628   8897.414    11.0702   3.449156     1.3333     0.0073     0.1306     0.0085     1.3333     1.0600     18.817    30.4285    23.2061    1.59602    2.28088     69.662    6.35312    9.07924  0.000e+00
        263     18.931     27.458   3232.628   8897.414    11.0702   3.449156     1.3321     0.0073     0.1282     0.0085     1.3321     1.0187     18.773    30.4285    23.2061    1.59327    2.27695     69.542    6.35312    9.07924  0.000e+00
