unitTesting/processed_seabird_noalign/ORCA1_CAST0038.cnv
* Sea-Bird SBE 19 Data File:
* FileName =
* Software Version 4.234
* Temperature SN = 2835
* Conductivity SN = 2835
* System UpLoad Time = Fri Jan 28 12:07:02 2005

** Ship: ORCA
** Cruise: Mooring
** Station: Twanoh
** Latitude: 47 22.5
** Longitude: 123 0.5
# nquan = 22
# nvalues = 916                                   
# units = specified
# name 0 = scan: Scan Count
# name 1 = prSM: Pressure, Strain Gauge [db]
# name 2 = prSE: Pressure, Strain Gauge [psi]
# name 3 = f0: Frequency 0
# name 4 = f1: Frequency 1
# name 5 = t090C: Temperature [ITS-90, deg C]
# name 6 = c0S/m: Conductivity [S/m]
# name 7 = v0: Voltage 0
# name 8 = v1: Voltage 1
# name 9 = v2: Voltage 2
# name 10 = v3: Voltage 3
# name 11 = sbeox0V: Oxygen raw, SBE 43 [V]
# name 12 = wetStar: Fluorescence, WET Labs WETstar [mg/m^3]
# name 13 = depSM: Depth [salt water, m], lat = 47.28
# name 14 = sal00: Salinity, Practical [PSU]
# name 15 = sigma-t00: Density [sigma-t, Kg/m^3 ]
# name 16 = sbeox0ML/L: Oxygen, SBE 43 [ml/l]
# name 17 = sbeox0Mg/L: Oxygen, SBE 43 [mg/l]
# name 18 = sbeox0Mm/Kg: Oxygen, SBE 43 [umol/Kg]
# name 19 = oxsatML/L: Oxygen Saturation, Weiss [ml/l]
# name 20 = oxsatMg/L: Oxygen Saturation, Weiss [mg/l]
# name 21 = flag:  0.000e+00
# span 0 =          1,        916                 
# span 1 =      0.951,     29.716                 
# span 2 =      1.380,     43.100                 
# span 3 =   3134.977,   3233.163                 
# span 4 =   7715.957,   8899.936                 
# span 5 =     9.6386,    11.0780                 
# span 6 =   2.489807,   3.451355                 
# span 7 =     0.0000,     2.6557                 
# span 8 =     0.0000,     0.0073                 
# span 9 =     0.0000,     0.3150                 
# span 10 =     0.0000,     0.0098                
# span 11 =     0.0000,     2.6557                
# span 12 =    -1.1506,     4.1795                
# span 13 =      0.943,     29.467                
# span 14 =    22.0975,    30.4765                
# span 15 =    16.9499,    23.2498                
# span 16 =   -1.39672,    4.86033                
# span 17 =   -1.99605,    6.94589                
# span 18 =    -60.977,    213.437                
# span 19 =    6.35634,    6.91379                
# span 20 =    9.08384,    9.88050                
# span 21 = 0.0000e+00, 0.0000e+00                
# interval = seconds: 0.5
# start_time = Jan 31 2016 20:27:30 [DatCnv date, localtime]
# bad_flag = -9.990e-29
*END*
[from data line 396]
        397      8.330     12.081   3202.996   8749.437    10.6391   3.321425     1.3663     0.0073     0.1709     0.0085     1.3663     1.7417      8.260    29.5313    22.5814    1.69188    2.41786     73.891    6.44973    9.21731  0.000e+00
        398      8.240     11.951   3201.352   8752.283    10.6151   3.323862     1.3687     0.0073     0.1746     0.0085     1.3687     1.8037      8.171    29.5747    22.6192    1.69778    2.42629     74.146    6.45136    9.21964  0.000e+00
        399      8.151     11.822   3201.353   8748.495    10.6151   3.320620     1.3724     0.0073     0.1709     0.0085     1.3724     1.7417      8.083    29.5428    22.5944    1.70642    2.43865     74.525    6.45266    9.22150  0.000e+00
        400      8.017     11.627   3200.341   8741.481    10.6003   3.314620     1.3724     0.0073     0.1734     0.0085     1.3724     1.7831      7.950    29.4957    22.5602    1.70742    2.44007     74.571    6.45668    9.22725  0.000e+00
        401      7.972     11.562   3199.077   8741.294    10.5818   3.314460     1.3712     0.0061     0.1722     0.0085     1.3712     1.7624      7.905    29.5090    22.5736    1.70514    2.43681     74.470    6.45876    9.23021  0.000e+00
        402      7.838     11.368   3198.824   8740.728    10.5782   3.313976     1.3700     0.0073     0.1746     0.0085     1.3700     1.8037      7.772    29.5073    22.5729    1.70248    2.43301     74.354    6.45936    9.23107  0.000e+00
        403      7.748     11.238   3198.508   8738.833    10.5735   3.312356     1.3675     0.0073     0.1722     0.0085     1.3675     1.7624      7.684    29.4951    22.5641    1.69719    2.42546     74.124    6.46051    9.23272  0.000e+00
        404      7.614     11.043   3197.624   8732.001    10.5606   3.306519     1.3639     0.0073     0.1758     0.0085     1.3639     1.8244      7.550    29.4480    22.5296    1.68978    2.41487     73.803    6.46427    9.23810  0.000e+00
        405      7.525     10.913   3196.549   8730.105    10.5449   3.304899     1.3590     0.0073     0.1722     0.0085     1.3590     1.7624      7.462    29.4447    22.5297    1.67922    2.39978     73.342    6.46664    9.24148  0.000e+00
        406      7.435     10.784   3195.664   8723.266    10.5320   3.299062     1.3553     0.0073     0.1709     0.0085     1.3553     1.7417      7.373    29.3976    22.4951    1.67181    2.38918     73.020    6.47042    9.24687  0.000e+00
        407      7.346     10.654   3193.325   8722.889    10.4978   3.298740     1.3516     0.0073     0.1709     0.0085     1.3516     1.7417      7.284    29.4221    22.5198    1.66436    2.37854     72.693    6.47429    9.25241  0.000e+00
        408      7.212     10.459   3192.567   8722.512    10.4867   3.298418     1.3480     0.0061     0.1709     0.0085     1.3480     1.7417      7.151    29.4279    22.5262    1.65630    2.36701     72.341    6.47564    9.25433  0.000e+00
        409      7.122     10.330   3191.745   8717.760    10.4746   3.294365     1.3455     0.0061     0.1709     0.0085     1.3455     1.7417      7.063    29.3976    22.5045    1.65144    2.36007     72.130    6.47860    9.25856  0.000e+00
        410      7.033     10.200   3190.291   8714.909    10.4534   3.291935     1.3431     0.0073     0.1746     0.0085     1.3431     1.8037      6.974    29.3908    22.5027    1.64664    2.35321     71.921    6.48192    9.26331  0.000e+00
        411      6.898     10.005   3188.015   8700.436    10.4200   3.279609     1.3419     0.0073     0.1746     0.0085     1.3419     1.8037      6.841    29.2958    22.4342    1.64595    2.35222     71.895    6.49059    9.27570  0.000e+00
        412      6.809      9.876   3184.475   8695.672    10.3682   3.275556     1.3394     0.0073     0.1746     0.0085     1.3394     1.8037      6.752    29.2974    22.4440    1.64209    2.34671     71.726    6.49796    9.28623  0.000e+00
        413      6.720      9.746   3182.515   8697.582    10.3394   3.277181     1.3394     0.0073     0.1746     0.0085     1.3394     1.8037      6.664    29.3367    22.4793    1.64264    2.34750     71.747    6.50047    9.28982  0.000e+00
        414      6.585      9.551   3182.831   8714.159    10.3441   3.291297     1.3394     0.0061     0.1795     0.0085     1.3394     1.8864      6.530    29.4730    22.5846    1.64103    2.34520     71.670    6.49419    9.28085  0.000e+00
        415      6.496      9.422   3185.993   8708.451    10.3904   3.286432     1.3443     0.0073     0.1758     0.0085     1.3443     1.8244      6.442    29.3873    22.5103    1.65149    2.36015     72.132    6.49107    9.27639  0.000e+00
        416      6.407      9.292   3186.309   8702.548    10.3950   3.281406     1.3480     0.0061     0.1783     0.0085     1.3480     1.8657      6.353    29.3339    22.4680    1.66024    2.37265     72.517    6.49260    9.27858  0.000e+00
        417      6.317      9.162   3184.349   8693.016    10.3663   3.273298     1.3529     0.0073     0.1770     0.0085     1.3529     1.8450      6.264    29.2768    22.4282    1.67298    2.39086     73.076    6.49907    9.28783  0.000e+00
        418      6.138      8.903   3180.935   8675.831    10.3163   3.258701     1.3614     0.0061     0.1770     0.0085     1.3614     1.8450      6.087    29.1725    22.3551    1.69537    2.42285     74.060    6.51057    9.30426  0.000e+00
        419      5.959      8.643   3176.447   8671.628    10.2504   3.255135     1.3724     0.0073     0.1783     0.0085     1.3724     1.8657      5.910    29.1901    22.3795    1.72267    2.46186     75.250    6.51934    9.31679  0.000e+00
        420      5.870      8.514   3174.803   8672.969    10.2262   3.256274     1.3822     0.0061     0.1807     0.0085     1.3822     1.9070      5.821    29.2208    22.4073    1.74559    2.49462     76.249    6.52156    9.31996  0.000e+00
        421      5.780      8.384   3174.297   8664.171    10.2188   3.248814     1.3956     0.0073     0.1832     0.0085     1.3956     1.9483      5.732    29.1527    22.3555    1.77743    2.54012     77.644    6.52545    9.32552  0.000e+00
        422      5.646      8.189   3173.096   8659.770    10.2012   3.245086     1.4115     0.0061     0.1807     0.0085     1.4115     1.9070      5.599    29.1299    22.3406    1.81477    2.59349     79.276    6.52895    9.33052  0.000e+00
        423      5.602      8.124   3171.073   8654.026    10.1714   3.240222     1.4249     0.0073     0.1832     0.0085     1.4249     1.9483      5.555    29.1055    22.3263    1.84704    2.63960     80.687    6.53427    9.33812  0.000e+00
        424      5.467      7.930   3170.125   8655.945    10.1575   3.241847     1.4371     0.0061     0.1819     0.0085     1.4371     1.9277      5.422    29.1329    22.3499    1.87529    2.67998     81.920    6.53515    9.33938  0.000e+00
        425      5.378      7.800   3170.568   8652.498    10.1640   3.238930     1.4481     0.0073     0.1832     0.0098     1.4481     1.9483      5.333    29.0987    22.3222    1.90069    2.71628     83.031    6.53562    9.34006  0.000e+00
        426      5.244      7.605   3169.746   8645.214    10.1519   3.232768     1.4591     0.0061     0.1905     0.0085     1.4591     2.0723      5.200    29.0471    22.2840    1.92704    2.75393     84.186    6.53951    9.34562  0.000e+00
        427      5.154      7.476   3168.292   8649.437    10.1305   3.236340     1.4737     0.0073     0.1893     0.0085     1.4737     2.0516      5.111    29.0999    22.3285    1.96094    2.80238     85.663    6.54043    9.34693  0.000e+00
        428      5.020      7.281   3170.568   8680.257    10.1640   3.262458     1.4908     0.0061     0.1954     0.0085     1.4908     2.1549      4.978    29.3329    22.5046    1.99589    2.85233     87.175    6.52592    9.32619  0.000e+00
        429      4.931      7.151   3177.017   8677.011    10.2588   3.259702     1.5092     0.0073     0.1929     0.0098     1.5092     2.1136      4.890    29.2291    22.4085    2.03525    2.90858     88.902    6.51652    9.31276  0.000e+00
        430      4.797      6.957   3177.523   8677.396    10.2662   3.260029     1.5263     0.0061     0.1941     0.0085     1.5263     2.1343      4.757    29.2264    22.4052    2.07412    2.96413     90.600    6.51556    9.31139  0.000e+00
        431      4.707      6.827   3177.207   8677.208    10.2616   3.259869     1.5458     0.0073     0.2027     0.0085     1.5458     2.2789      4.668    29.2286    22.4077    2.11906    3.02835     92.563    6.51614    9.31222  0.000e+00
        432      4.618      6.697   3177.397   8676.829    10.2643   3.259547     1.5641     0.0073     0.1978     0.0085     1.5641     2.1963      4.579    29.2232    22.4030    2.16097    3.08824     94.394    6.51596    9.31196  0.000e+00
        433      4.484      6.503   3176.449   8657.121    10.2504   3.242842     1.5836     0.0073     0.2002     0.0085     1.5836     2.2376      4.446    29.0686    22.2849    2.20852    3.15619     96.482    6.52436    9.32396  0.000e+00
        434      4.394      6.373   3172.972   8647.348    10.1993   3.234572     1.6032     0.0061     0.2051     0.0085     1.6032     2.3202      4.358    29.0274    22.2611    2.25631    3.22450     98.573    6.53346    9.33696  0.000e+00
        435      4.260      6.179   3170.569   8643.898    10.1640   3.231655     1.6215     0.0073     0.2088     0.0085     1.6215     2.3822      4.224    29.0268    22.2662    2.30007    3.28702    100.484    6.53860    9.34432  0.000e+00
        436      4.171      6.049   3169.242   8640.830    10.1445   3.229062     1.6398     0.0061     0.2137     0.0085     1.6398     2.4648      4.136    29.0167    22.2614    2.34326    3.34876    102.371    6.54186    9.34897  0.000e+00
        437      4.036      5.854   3168.673   8643.520    10.1361   3.231336     1.6557     0.0073     0.2161     0.0085     1.6557     2.5061      4.003    29.0460    22.2856    2.37972    3.40086    103.961    6.54185    9.34896  0.000e+00
        438      3.947      5.725   3168.926   8628.351    10.1399   3.218523     1.6654     0.0061     0.2161     0.0085     1.6654     2.5061      3.914    28.9157    22.1835    2.40397    3.43551    105.031    6.54672    9.35592  0.000e+00
        439      3.813      5.530   3166.334   8620.469    10.1017   3.211876     1.6740     0.0073     0.2161     0.0085     1.6740     2.5061      3.781    28.8800    22.1618    2.42608    3.46711    105.999    6.55375    9.36597  0.000e+00
        440      3.723      5.400   3164.690   8613.158    10.0775   3.205715     1.6777     0.0073     0.2125     0.0085     1.6777     2.4442      3.692    28.8380    22.1330    2.43637    3.48181    106.452    6.55903    9.37351  0.000e+00
        441      3.634      5.271   3163.299   8606.997    10.0570   3.200527     1.6813     0.0073     0.2100     0.0085     1.6813     2.4028      3.604    28.8027    22.1087    2.44638    3.49612    106.892    6.56349    9.37988  0.000e+00
        442      3.545      5.141   3161.845   8623.171    10.0356   3.214155     1.6825     0.0061     0.2088     0.0085     1.6825     2.3822      3.515    28.9556    22.2312    2.44789    3.49827    106.945    6.56024    9.37524  0.000e+00
        443      3.589      5.206   3163.552   8613.552    10.0608   3.206047     1.6862     0.0073     0.2161     0.0085     1.6862     2.5061      3.559    28.8547    22.1486    2.45664    3.51078    107.336    6.56078    9.37600  0.000e+00
        444      3.455      5.011   3161.719   8593.313    10.0338   3.189018     1.6899     0.0061     0.2076     0.0085     1.6899     2.3615      3.426    28.7067    22.0376    2.46875    3.52809    107.877    6.57089    9.39046  0.000e+00
        445      3.232      4.687   3157.293   8586.172     9.9685   3.183020     1.6960     0.0073     0.2149     0.0085     1.6960     2.4855      3.205    28.6988    22.0417    2.48629    3.55316    108.643    6.58077    9.40458  0.000e+00
        446      3.142      4.557   3153.942   8569.933     9.9191   3.169398     1.7021     0.0073     0.2247     0.0085     1.7021     2.6508      3.116    28.6021    21.9741    2.50451    3.57919    109.446    6.59208    9.42074  0.000e+00
        447      3.053      4.428   3149.010   8543.575     9.8463   3.147343     1.7106     0.0073     0.2125     0.0085     1.7106     2.4442      3.027    28.4394    21.8587    2.53075    3.61670    110.606    6.60964    9.44583  0.000e+00
        448      2.963      4.298   3143.509   8543.967     9.7650   3.147671     1.7216     0.0061     0.2149     0.0085     1.7216     2.4855      2.939    28.5070    21.9239    2.55952    3.65781    111.856    6.61882    9.45896  0.000e+00
        449      2.874      4.168   3142.877   8547.269     9.7556   3.150431     1.7326     0.0073     0.2125     0.0085     1.7326     2.4442      2.850    28.5420    21.9527    2.58499    3.69420    112.966    6.61873    9.45883  0.000e+00
        450      2.740      3.974   3144.268   8558.907     9.7762   3.160164     1.7436     0.0061     0.2210     0.0085     1.7436     2.5888      2.717    28.6233    22.0128    2.60803    3.72713    113.966    6.61226    9.44959  0.000e+00
        451      2.695      3.909   3147.366   8557.553     9.8220   3.159031     1.7546     0.0073     0.2344     0.0085     1.7546     2.8160      2.673    28.5756    21.9686    2.63183    3.76114    115.011    6.60750    9.44278  0.000e+00
        452      2.561      3.714   3148.062   8557.168     9.8323   3.158709     1.7668     0.0073     0.2234     0.0085     1.7668     2.6301      2.539    28.5643    21.9582    2.65976    3.80106    116.232    6.60646    9.44129  0.000e+00
        453      2.471      3.584   3148.758   8568.018     9.8426   3.167794     1.7790     0.0073     0.2271     0.0085     1.7790     2.6921      2.451    28.6470    22.0211    2.68609    3.83869    117.376    6.60147    9.43416  0.000e+00
        454      2.382      3.455   3149.959   8564.923     9.8603   3.165201     1.7912     0.0061     0.2393     0.0085     1.7912     2.8987      2.362    28.6071    21.9871    2.71407    3.87868    118.603    6.60053    9.43281  0.000e+00
        455      2.248      3.260   3149.706   8558.921     9.8566   3.160175     1.8071     0.0073     0.2283     0.0085     1.8071     2.7127      2.229    28.5598    21.9509    2.75189    3.93273    120.260    6.60306    9.43643  0.000e+00
        456      2.158      3.130   3148.885   8541.466     9.8444   3.145581     1.8217     0.0073     0.2418     0.0085     1.8217     2.9400      2.140    28.4236    21.8467    2.78899    3.98575    121.893    6.61057    9.44717  0.000e+00
        457      2.024      2.936   3147.241   8533.504     9.8201   3.138934     1.8400     0.0073     0.2393     0.0085     1.8400     2.8987      2.007    28.3764    21.8136    2.83379    4.04977    123.855    6.61615    9.45514  0.000e+00
        458      1.935      2.806   3146.925   8516.970     9.8155   3.125150     1.8584     0.0061     0.2442     0.0085     1.8584     2.9813      1.919    28.2424    21.7099    2.87908    4.11450    125.848    6.62248    9.46419  0.000e+00
        459      1.845      2.677   3147.747   8507.230     9.8276   3.117043     1.8816     0.0073     0.2576     0.0085     1.8816     3.2086      1.830    28.1520    21.6376    2.93399    4.19296    128.257    6.62449    9.46706  0.000e+00
        460      1.756      2.547   3148.063   8498.651     9.8323   3.109910     1.9023     0.0073     0.2564     0.0085     1.9023     3.1879      1.741    28.0772    21.5785    2.98341    4.26359    130.425    6.62695    9.47057  0.000e+00
