unitTesting/processed_seabird_noalign/ORCA1_CAST0024.cnv
* Sea-Bird SBE 19 Data File:
* FileName =
* Software Version 4.234
* Temperature SN = 2835
* Conductivity SN = 2835
* System UpLoad Time = Mon Jan 24 23:59:15 2005

** Ship: ORCA
** Cruise: Mooring
** Station: Twanoh
** Latitude: 47 22.5
** Longitude: 123 0.5
# nquan = 22
# nvalues = 885                                   
# units = specified
# name 0 = scan: Scan Count
# name 1 = prSM: Pressure, Strain Gauge [db]
# name 2 = prSE: Pressure, Strain Gauge [psi]
# name 3 = f0: Frequency 0
# name 4 = f1: Frequency 1
# name 5 = t090C: Temperature [ITS-90, deg C]
# name 6 = c0S/m: Conductivity [S/m]
# name 7 = v0: Voltage 0
# name 8 = v1: Voltage 1
# name 9 = v2: Voltage 2
# name 10 = v3: Voltage 3
# name 11 = sbeox0V: Oxygen raw, SBE 43 [V]
# name 12 = wetStar: Fluorescence, WET Labs WETstar [mg/m^3]
# name 13 = depSM: Depth [salt water, m], lat = 47.28
# name 14 = sal00: Salinity, Practical [PSU]
# name 15 = sigma-t00: Density [sigma-t, Kg/m^3 ]
# name 16 = sbeox0ML/L: Oxygen, SBE 43 [ml/l]
# name 17 = sbeox0Mg/L: Oxygen, SBE 43 [mg/l]
# name 18 = sbeox0Mm/Kg: Oxygen, SBE 43 [umol/Kg]
# name 19 = oxsatML/L: Oxygen Saturation, Weiss [ml/l]
# name 20 = oxsatMg/L: Oxygen Saturation, Weiss [mg/l]
# name 21 = flag:  0.000e+00
# span 0 =          1,        885                 
# span 1 =      0.951,     29.672                 
# span 2 =      1.380,     43.035                 
# span 3 =   3100.721,   3232.833                 
# span 4 =   6479.830,   8901.075                 
# span 5 =     9.1290,    11.0732                 
# span 6 =   1.633893,   3.452347                 
# span 7 =     0.0000,     3.0745                 
# span 8 =     0.0000,     0.0073                 
# span 9 =     0.0000,     0.2894                 
# span 10 =     0.0000,     0.0098                
# span 11 =     0.0000,     3.0745                
# span 12 =    -1.1506,     3.7457                
# span 13 =      0.943,     29.422                
# span 14 =    14.1213,    30.4581                
# span 15 =    10.7963,    23.2297                
# span 16 =   -1.39500,    6.23319                
# span 17 =   -1.99359,    8.90786                
# span 18 =    -60.895,    275.398                
# span 19 =    6.35238,    7.34695                
# span 20 =    9.07819,   10.49953                
# span 21 = 0.0000e+00, 0.0000e+00                
# interval = seconds: 0.5
# start_time = Jan 31 2016 20:27:19 [DatCnv date, localtime]
# bad_flag = -9.990e-29
*END*
[from data line 66]
         67     18.887     27.393   3231.959   8885.162    11.0605   3.438498     0.0000     0.0000     0.0000     0.0012     0.0000    -1.1506     18.728    30.3322    23.1329   -1.39459   -1.99300    -60.874    6.35832    9.08667  0.000e+00
         68     18.887     27.393   3231.833   8884.039    11.0587   3.437522     0.0000     0.0000     0.0000     0.0012     0.0000    -1.1506     18.728    30.3242    23.1270   -1.39471   -1.99318    -60.880    6.35889    9.08749  0.000e+00
         69     18.887     27.393   3232.086   8885.156    11.0624   3.438493     0.0000     0.0000     0.0000     0.0012     0.0000    -1.1506     18.728    30.3307    23.1314   -1.39455   -1.99295    -60.872    6.35813    9.08640  0.000e+00
         70     18.887     27.393   3231.643   8885.340    11.0559   3.438652     0.0000     0.0000     0.0000     0.0000     0.0000    -1.1506     18.728    30.3375    23.1378   -1.39467   -1.99312    -60.877    6.35874    9.08727  0.000e+00
         71     18.887     27.393   3231.643   8886.084    11.0559   3.439299     0.0012     0.0012     0.0000     0.0012     0.0012    -1.1506     18.728    30.3438    23.1427   -1.39188   -1.98913    -60.755    6.35849    9.08691  0.000e+00
         72     18.887     27.393   3231.833   8885.148    11.0587   3.438485     0.0000     0.0000     0.0000     0.0000     0.0000    -1.1506     18.728    30.3336    23.1343   -1.39463   -1.99306    -60.876    6.35852    9.08695  0.000e+00
         73     18.842     27.328   3231.959   8885.332    11.0605   3.438645     0.0000     0.0000     0.0000     0.0012     0.0000    -1.1506     18.684    30.3337    23.1341   -1.39457   -1.99297    -60.873    6.35826    9.08659  0.000e+00
         74     18.887     27.393   3231.896   8885.142    11.0596   3.438480     0.0012     0.0012     0.0000     0.0012     0.0012    -1.1506     18.728    30.3328    23.1335   -1.39187   -1.98912    -60.755    6.35842    9.08682  0.000e+00
         75     18.887     27.393   3231.896   8885.326    11.0596   3.438640     0.0000     0.0000     0.0000     0.0000     0.0000    -1.1506     18.728    30.3344    23.1348   -1.39459   -1.99302    -60.874    6.35836    9.08673  0.000e+00
         76     18.887     27.393   3231.896   8885.323    11.0596   3.438637     0.0000     0.0000     0.0000     0.0012     0.0000    -1.1506     18.728    30.3344    23.1347   -1.39459   -1.99302    -60.874    6.35836    9.08673  0.000e+00
         77     18.842     27.328   3231.896   8885.320    11.0596   3.438635     0.0000     0.0000     0.0000     0.0012     0.0000    -1.1506     18.684    30.3343    23.1347   -1.39459   -1.99300    -60.874    6.35836    9.08673  0.000e+00
         78     18.887     27.393   3231.959   8885.131    11.0605   3.438470     0.0000     0.0000     0.0000     0.0000     0.0000    -1.1506     18.728    30.3320    23.1327   -1.39459   -1.99301    -60.874    6.35833    9.08669  0.000e+00
         79     18.887     27.393   3231.959   8885.314    11.0605   3.438630     0.0000     0.0000     0.0000     0.0000     0.0000    -1.1506     18.728    30.3335    23.1339   -1.39458   -1.99299    -60.874    6.35827    9.08660  0.000e+00
         80     18.887     27.393   3231.895   8885.312    11.0596   3.438627     0.0000     0.0000     0.0000     0.0012     0.0000    -1.1506     18.728    30.3343    23.1347   -1.39460   -1.99302    -60.874    6.35836    9.08674  0.000e+00
         81     18.842     27.328   3231.895   8885.309    11.0596   3.438625     0.0000     0.0000     0.0000     0.0012     0.0000    -1.1506     18.684    30.3343    23.1347   -1.39459   -1.99300    -60.874    6.35836    9.08674  0.000e+00
         82     18.887     27.393   3231.895   8885.306    11.0596   3.438622     0.0000     0.0000     0.0000     0.0000     0.0000    -1.1506     18.728    30.3342    23.1346   -1.39460   -1.99302    -60.874    6.35837    9.08674  0.000e+00
         83     18.842     27.328   3231.895   8884.370    11.0596   3.437809     0.0000     0.0012     0.0000     0.0012     0.0000    -1.1506     18.684    30.3263    23.1285   -1.39466   -1.99311    -60.877    6.35868    9.08720  0.000e+00
         84     18.842     27.328   3232.148   8885.860    11.0633   3.439104     0.0000     0.0000     0.0000     0.0012     0.0000    -1.1506     18.684    30.3359    23.1353   -1.39447   -1.99284    -60.869    6.35779    9.08592  0.000e+00
         85     18.842     27.328   3232.148   8878.762    11.0633   3.432936     0.0000     0.0012     0.0000     0.0012     0.0000    -1.1506     18.684    30.2756    23.0884   -1.39500   -1.99359    -60.895    6.36021    9.08937  0.000e+00
         86     18.887     27.393   3232.780   8883.428    11.0724   3.436990     0.9463     0.0073     0.0000     0.0073     0.9463    -1.1506     18.728    30.3077    23.1118    0.72870    1.04139     31.809    6.35765    9.08572  0.000e+00
         87     18.887     27.393   3231.832   8885.105    11.0587   3.438448     0.9683     0.0073     0.1282     0.0085     0.9683     1.0187     18.728    30.3333    23.1340    0.77811    1.11199     33.965    6.35853    9.08698  0.000e+00
         88     18.887     27.393   3232.274   8883.982    11.0651   3.437472     0.9695     0.0061     0.1319     0.0085     0.9695     1.0806     18.728    30.3184    23.1214    0.78082    1.11587     34.083    6.35824    9.08656  0.000e+00
         89     18.887     27.393   3232.148   8884.166    11.0633   3.437631     0.9768     0.0073     0.1331     0.0085     0.9768     1.1013     18.728    30.3215    23.1241    0.79727    1.13938     34.801    6.35837    9.08674  0.000e+00
         90     18.887     27.393   3232.211   8884.163    11.0642   3.437629     0.9829     0.0061     0.1319     0.0085     0.9829     1.0806     18.728    30.3207    23.1233    0.81096    1.15894     35.399    6.35827    9.08661  0.000e+00
         91     18.887     27.393   3232.211   8884.160    11.0642   3.437626     0.9902     0.0073     0.1319     0.0085     0.9902     1.0806     18.728    30.3207    23.1233    0.82740    1.18244     36.116    6.35827    9.08661  0.000e+00
         92     18.842     27.328   3232.148   8884.157    11.0632   3.437624     0.9963     0.0061     0.1306     0.0085     0.9963     1.0600     18.684    30.3214    23.1241    0.84110    1.20202     36.715    6.35837    9.08675  0.000e+00
         93     18.887     27.393   3232.211   8883.968    11.0642   3.437459     1.0000     0.0073     0.1343     0.0085     1.0000     1.1220     18.728    30.3191    23.1221    0.84933    1.21377     37.074    6.35834    9.08670  0.000e+00
         94     18.887     27.393   3232.274   8883.965    11.0651   3.437457     1.0012     0.0073     0.1343     0.0085     1.0012     1.1220     18.728    30.3183    23.1213    0.85205    1.21767     37.193    6.35824    9.08657  0.000e+00
         95     18.842     27.328   3232.211   8884.148    11.0642   3.437616     1.0037     0.0061     0.1343     0.0085     1.0037     1.1220     18.684    30.3206    23.1233    0.85753    1.22550     37.432    6.35828    9.08661  0.000e+00
         96     18.887     27.393   3232.211   8884.146    11.0642   3.437614     1.0061     0.0061     0.1319     0.0085     1.0061     1.0806     18.728    30.3206    23.1232    0.86302    1.23334     37.671    6.35828    9.08662  0.000e+00
         97     18.887     27.393   3232.147   8883.956    11.0632   3.437449     1.0134     0.0073     0.1331     0.0085     1.0134     1.1013     18.728    30.3197    23.1227    0.87948    1.25686     38.390    6.35844    9.08685  0.000e+00
         98     18.887     27.393   3232.274   8883.953    11.0651   3.437447     1.0208     0.0073     0.1368     0.0085     1.0208     1.1633     18.728    30.3182    23.1212    0.89589    1.28032     39.106    6.35825    9.08657  0.000e+00
         99     18.887     27.393   3232.147   8883.204    11.0632   3.436795     1.0269     0.0073     0.1355     0.0085     1.0269     1.1426     18.728    30.3133    23.1178    0.90965    1.29998     39.707    6.35870    9.08721  0.000e+00
        100     18.887     27.393   3232.526   8884.694    11.0687   3.438091     1.0342     0.0073     0.1355     0.0085     1.0342     1.1426     18.728    30.3215    23.1231    0.92594    1.32326     40.418    6.35761    9.08566  0.000e+00
        101     18.887     27.393   3232.084   8884.691    11.0623   3.438088     1.0427     0.0061     0.1343     0.0085     1.0427     1.1220     18.728    30.3267    23.1283    0.94521    1.35080     41.259    6.35829    9.08663  0.000e+00
        102     18.887     27.393   3232.273   8883.195    11.0651   3.436788     1.0513     0.0073     0.1453     0.0085     1.0513     1.3079     18.728    30.3117    23.1162    0.96443    1.37826     42.098    6.35851    9.08694  0.000e+00
        103     18.887     27.393   3232.084   8884.312    11.0623   3.437759     1.0586     0.0061     0.1392     0.0085     1.0586     1.2046     18.728    30.3235    23.1258    0.98085    1.40173     42.814    6.35842    9.08681  0.000e+00
        104     18.842     27.328   3232.210   8884.123    11.0642   3.437594     1.0659     0.0061     0.1380     0.0085     1.0659     1.1839     18.684    30.3204    23.1231    0.99726    1.42519     43.531    6.35829    9.08663  0.000e+00
        105     18.887     27.393   3232.210   8884.120    11.0642   3.437591     1.0733     0.0061     0.1368     0.0085     1.0733     1.1633     18.728    30.3204    23.1231    1.01371    1.44869     44.249    6.35829    9.08663  0.000e+00
        106     18.887     27.393   3232.273   8884.117    11.0651   3.437589     1.0781     0.0073     0.1355     0.0085     1.0781     1.1426     18.728    30.3196    23.1223    1.02465    1.46433     44.727    6.35819    9.08649  0.000e+00
        107     18.887     27.393   3232.273   8884.114    11.0651   3.437586     1.0830     0.0073     0.1343     0.0085     1.0830     1.1220     18.728    30.3196    23.1223    1.03561    1.47999     45.205    6.35819    9.08650  0.000e+00
        108     18.887     27.393   3232.273   8884.111    11.0651   3.437584     1.0879     0.0073     0.1331     0.0085     1.0879     1.1013     18.728    30.3195    23.1223    1.04657    1.49566     45.684    6.35820    9.08650  0.000e+00
        109     18.887     27.393   3232.273   8884.108    11.0651   3.437581     1.0916     0.0073     0.1331     0.0085     1.0916     1.1013     18.728    30.3195    23.1223    1.05479    1.50740     46.042    6.35820    9.08650  0.000e+00
        110     18.887     27.393   3232.399   8883.919    11.0669   3.437417     1.0977     0.0061     0.1343     0.0085     1.0977     1.1220     18.728    30.3164    23.1195    1.06847    1.52695     46.640    6.35807    9.08631  0.000e+00
        111     18.842     27.328   3232.273   8883.916    11.0651   3.437414     1.1013     0.0073     0.1343     0.0085     1.1013     1.1220     18.684    30.3179    23.1210    1.07671    1.53873     46.999    6.35826    9.08659  0.000e+00
        112     18.887     27.393   3232.210   8884.100    11.0642   3.437574     1.1038     0.0073     0.1392     0.0085     1.1038     1.2046     18.728    30.3202    23.1229    1.08220    1.54658     47.239    6.35830    9.08664  0.000e+00
        113     18.842     27.328   3232.273   8883.910    11.0651   3.437409     1.1050     0.0061     0.1343     0.0085     1.1050     1.1220     18.684    30.3178    23.1210    1.08493    1.55048     47.358    6.35826    9.08659  0.000e+00
        114     18.887     27.393   3232.336   8883.907    11.0660   3.437407     1.1087     0.0061     0.1343     0.0085     1.1087     1.1220     18.728    30.3170    23.1202    1.09314    1.56221     47.717    6.35817    9.08646  0.000e+00
        115     18.887     27.393   3232.273   8883.531    11.0651   3.437080     1.1099     0.0073     0.1331     0.0085     1.1099     1.1013     18.728    30.3146    23.1184    1.09592    1.56618     47.838    6.35839    9.08678  0.000e+00
        116     18.887     27.393   3232.462   8884.648    11.0678   3.438051     1.1111     0.0061     0.1319     0.0085     1.1111     1.0806     18.728    30.3218    23.1236    1.09855    1.56994     47.952    6.35772    9.08582  0.000e+00
        117     18.887     27.393   3232.209   8882.965    11.0641   3.436588     1.1136     0.0061     0.1331     0.0085     1.1136     1.1013     18.728    30.3105    23.1155    1.10419    1.57800     48.199    6.35868    9.08719  0.000e+00
        118     18.887     27.393   3232.525   8884.642    11.0687   3.438046     1.1136     0.0061     0.1331     0.0085     1.1136     1.1013     18.728    30.3210    23.1228    1.10401    1.57775     48.191    6.35763    9.08569  0.000e+00
        119     18.887     27.393   3232.462   8884.640    11.0678   3.438043     1.1148     0.0061     0.1331     0.0085     1.1148     1.1013     18.728    30.3218    23.1235    1.10677    1.58168     48.311    6.35773    9.08583  0.000e+00
        120     18.887     27.393   3232.462   8883.890    11.0678   3.437392     1.1172     0.0061     0.1343     0.0085     1.1172     1.1220     18.728    30.3154    23.1186    1.11229    1.58958     48.553    6.35798    9.08619  0.000e+00
        121     18.887     27.393   3232.336   8883.887    11.0660   3.437389     1.1172     0.0073     0.1368     0.0085     1.1172     1.1633     18.728    30.3169    23.1201    1.11232    1.58962     48.554    6.35818    9.08647  0.000e+00
        122     18.887     27.393   3232.336   8883.884    11.0660   3.437387     1.1184     0.0061     0.1343     0.0085     1.1184     1.1220     18.728    30.3169    23.1200    1.11506    1.59354     48.673    6.35818    9.08647  0.000e+00
        123     18.887     27.393   3232.335   8883.881    11.0660   3.437384     1.1197     0.0061     0.1343     0.0085     1.1197     1.1220     18.728    30.3168    23.1200    1.11780    1.59745     48.793    6.35818    9.08647  0.000e+00
        124     18.887     27.393   3232.335   8883.879    11.0660   3.437382     1.1197     0.0061     0.1355     0.0085     1.1197     1.1426     18.728    30.3168    23.1200    1.11780    1.59745     48.793    6.35818    9.08647  0.000e+00
        125     18.887     27.393   3232.188   8883.878    11.0638   3.437381     1.1209     0.0061     0.1331     0.0085     1.1209     1.1013     18.728    30.3186    23.1217    1.12058    1.60142     48.914    6.35840    9.08680  0.000e+00
        126     18.887     27.393   3232.041   8883.877    11.0617   3.437380     1.1197     0.0061     0.1343     0.0085     1.1197     1.1220     18.728    30.3203    23.1235    1.11788    1.59756     48.796    6.35863    9.08712  0.000e+00
        127     18.931     27.458   3231.894   8883.877    11.0596   3.437380     1.1221     0.0073     0.1355     0.0085     1.1221     1.1426     18.773    30.3221    23.1252    1.12340    1.60545     49.037    6.35885    9.08744  0.000e+00
        128     18.887     27.393   3232.274   8884.064    11.0651   3.437543     1.1245     0.0073     0.1343     0.0098     1.1245     1.1220     18.728    30.3191    23.1220    1.12877    1.61312     49.271    6.35821    9.08652  0.000e+00
        129     18.842     27.328   3232.212   8884.065    11.0642   3.437544     1.1233     0.0073     0.1331     0.0085     1.1233     1.1013     18.684    30.3199    23.1227    1.12604    1.60922     49.152    6.35830    9.08665  0.000e+00
        130     18.887     27.393   3232.276   8883.879    11.0651   3.437382     1.1245     0.0073     0.1368     0.0098     1.1245     1.1633     18.728    30.3175    23.1207    1.12878    1.61314     49.272    6.35827    9.08660  0.000e+00
        131     18.887     27.393   3232.403   8884.066    11.0669   3.437545     1.1245     0.0073     0.1331     0.0085     1.1245     1.1013     18.728    30.3176    23.1204    1.12874    1.61308     49.270    6.35801    9.08624  0.000e+00
