unitTesting/processed_seabird_noalign/ORCA1_CAST0002.cnv
* Sea-Bird SBE 19 Data File:
* FileName =
* Software Version 4.234
* Temperature SN = 2835
* Conductivity SN = 2835
* System UpLoad Time = Wed Jan 19 11:48:56 2005

** Ship: ORCA
** Cruise: Mooring
** Station: Twanoh
** Latitude: 47 22.5
** Longitude: 123 0.5
# nquan = 22
# nvalues = 911                                   
# units = specified
# name 0 = scan: Scan Count
# name 1 = prSM: Pressure, Strain Gauge [db]
# name 2 = prSE: Pressure, Strain Gauge [psi]
# name 3 = f0: Frequency 0
# name 4 = f1: Frequency 1
# name 5 = t090C: Temperature [ITS-90, deg C]
# name 6 = c0S/m: Conductivity [S/m]
# name 7 = v0: Voltage 0
# name 8 = v1: Voltage 1
# name 9 = v2: Voltage 2
# name 10 = v3: Voltage 3
# name 11 = sbeox0V: Oxygen raw, SBE 43 [V]
# name 12 = wetStar: Fluorescence, WET Labs WETstar [mg/m^3]
# name 13 = depSM: Depth [salt water, m], lat = 47.28
# name 14 = sal00: Salinity, Practical [PSU]
# name 15 = sigma-t00: Density [sigma-t, Kg/m^3 ]
# name 16 = sbeox0ML/L: Oxygen, SBE 43 [ml/l]
# name 17 = sbeox0Mg/L: Oxygen, SBE 43 [mg/l]
# name 18 = sbeox0Mm/Kg: Oxygen, SBE 43 [umol/Kg]
# name 19 = oxsatML/L: Oxygen Saturation, Weiss [ml/l]
# name 20 = oxsatMg/L: Oxygen Saturation, Weiss [mg/l]
# name 21 = flag:  0.000e+00
# span 0 =          1,        911                 
# span 1 =      0.996,     29.672                 
# span 2 =      1.444,     43.035                 
# span 3 =   3000.188,   3234.552                 
# span 4 =   7386.109,   8925.680                 
# span 5 =     7.6099,    11.0981                 
# span 6 =   2.246650,   3.473804                 
# span 7 =     0.0000,     3.0611                 
# span 8 =     0.0000,     0.0073                 
# span 9 =     0.0000,     0.5690                 
# span 10 =     0.0000,     0.0098                
# span 11 =     0.0000,     3.0611                
# span 12 =    -1.1506,     8.4767                
# span 13 =      0.988,     29.422                
# span 14 =    20.6960,    30.6715                
# span 15 =    16.0689,    23.3962                
# span 16 =   -1.39548,    6.20272                
# span 17 =   -1.99428,    8.86430                
# span 18 =    -60.917,    272.416                
# span 19 =    6.34439,    7.25824                
# span 20 =    9.06677,   10.37274                
# span 21 = 0.0000e+00, 0.0000e+00                
# interval = seconds: 0.5
# start_time = Jan 31 2016 20:26:59 [DatCnv date, localtime]
# bad_flag = -9.990e-29
*END*
[from data line 856]
        857     24.211     35.116   3232.619   8903.454    11.0701   3.454417     1.3675     0.0073     0.1294     0.0098     1.3675     1.0393     24.008    30.4780    23.2446    1.67334    2.39137     73.034    6.35116    9.07644  0.000e+00
        858     24.122     34.986   3232.556   8904.199    11.0692   3.455066     1.3663     0.0073     0.1282     0.0098     1.3663     1.0187     23.920    30.4851    23.2503    1.67054    2.38737     72.911    6.35100    9.07621  0.000e+00
        859     24.032     34.856   3232.556   8903.082    11.0692   3.454092     1.3663     0.0073     0.1270     0.0085     1.3663     0.9980     23.831    30.4756    23.2429    1.67062    2.38748     72.915    6.35138    9.07675  0.000e+00
        860     23.943     34.726   3232.619   8903.082    11.0701   3.454092     1.3651     0.0061     0.1282     0.0085     1.3651     1.0187     23.742    30.4749    23.2422    1.66784    2.38350     72.794    6.35128    9.07661  0.000e+00
        861     23.853     34.596   3232.492   8903.640    11.0683   3.454579     1.3651     0.0073     0.1270     0.0085     1.3651     0.9980     23.653    30.4812    23.2474    1.66781    2.38347     72.792    6.35128    9.07661  0.000e+00
        862     23.764     34.467   3232.556   8903.454    11.0692   3.454417     1.3651     0.0073     0.1294     0.0085     1.3651     1.0393     23.565    30.4789    23.2454    1.66778    2.38343     72.791    6.35125    9.07657  0.000e+00
        863     23.674     34.337   3232.619   8902.150    11.0701   3.453281     1.3639     0.0073     0.1294     0.0085     1.3639     1.0393     23.476    30.4671    23.2361    1.66512    2.37962     72.675    6.35159    9.07706  0.000e+00
        864     23.585     34.207   3232.619   8902.336    11.0701   3.453443     1.3639     0.0073     0.1282     0.0098     1.3639     1.0187     23.387    30.4687    23.2373    1.66508    2.37957     72.674    6.35153    9.07697  0.000e+00
        865     23.495     34.077   3232.492   8902.150    11.0683   3.453281     1.3651     0.0061     0.1294     0.0085     1.3651     1.0393     23.298    30.4687    23.2376    1.66786    2.38354     72.795    6.35178    9.07733  0.000e+00
        866     23.406     33.947   3232.492   8903.454    11.0683   3.454417     1.3651     0.0061     0.1282     0.0085     1.3651     1.0187     23.210    30.4798    23.2463    1.66773    2.38335     72.789    6.35134    9.07669  0.000e+00
        867     23.227     33.688   3232.429   8902.150    11.0673   3.453281     1.3639     0.0073     0.1270     0.0085     1.3639     0.9980     23.032    30.4695    23.2385    1.66509    2.37957     72.674    6.35187    9.07746  0.000e+00
        868     23.137     33.558   3232.935   8901.405    11.0747   3.452632     1.3663     0.0073     0.1294     0.0085     1.3663     1.0393     22.943    30.4571    23.2276    1.67042    2.38720     72.908    6.35136    9.07672  0.000e+00
        869     23.048     33.428   3232.429   8902.336    11.0673   3.453443     1.3639     0.0073     0.1282     0.0085     1.3639     1.0187     22.855    30.4712    23.2398    1.66503    2.37949     72.671    6.35181    9.07737  0.000e+00
        870     22.958     33.298   3232.556   8901.405    11.0692   3.452632     1.3639     0.0073     0.1282     0.0085     1.3639     1.0187     22.766    30.4618    23.2321    1.66504    2.37952     72.673    6.35193    9.07755  0.000e+00
        871     22.824     33.104   3232.556   8902.150    11.0692   3.453281     1.3626     0.0073     0.1282     0.0085     1.3626     1.0187     22.633    30.4682    23.2371    1.66221    2.37546     72.548    6.35168    9.07718  0.000e+00
        872     22.779     33.039   3232.429   8901.777    11.0673   3.452956     1.3626     0.0073     0.1294     0.0085     1.3626     1.0393     22.588    30.4665    23.2361    1.66228    2.37556     72.551    6.35199    9.07764  0.000e+00
        873     22.645     32.844   3232.429   8902.150    11.0673   3.453281     1.3614     0.0061     0.1270     0.0085     1.3614     0.9980     22.455    30.4698    23.2386    1.65948    2.37156     72.429    6.35187    9.07745  0.000e+00
        874     22.600     32.779   3232.492   8901.591    11.0683   3.452794     1.3614     0.0073     0.1282     0.0098     1.3614     1.0187     22.411    30.4643    23.2342    1.65949    2.37158     72.430    6.35196    9.07758  0.000e+00
        875     22.466     32.584   3232.492   8901.219    11.0683   3.452469     1.3614     0.0073     0.1294     0.0085     1.3614     1.0393     22.278    30.4611    23.2318    1.65949    2.37158     72.430    6.35208    9.07776  0.000e+00
        876     22.511     32.649   3232.556   8901.591    11.0692   3.452794     1.3602     0.0073     0.1343     0.0085     1.3602     1.1220     22.322    30.4635    23.2335    1.65671    2.36760     72.309    6.35186    9.07745  0.000e+00
        877     22.377     32.455   3232.429   8900.473    11.0673   3.451820     1.3602     0.0073     0.1270     0.0085     1.3602     0.9980     22.189    30.4556    23.2276    1.65683    2.36777     72.314    6.35243    9.07826  0.000e+00
        878     22.287     32.325   3232.556   8900.101    11.0692   3.451495     1.3602     0.0061     0.1270     0.0085     1.3602     0.9980     22.100    30.4509    23.2237    1.65679    2.36772     72.313    6.35237    9.07817  0.000e+00
        879     22.198     32.195   3232.556   8900.473    11.0692   3.451820     1.3614     0.0073     0.1294     0.0085     1.3614     1.0393     22.012    30.4541    23.2262    1.65948    2.37156     72.430    6.35224    9.07798  0.000e+00
        880     22.063     32.000   3232.556   8900.660    11.0692   3.451982     1.3626     0.0073     0.1282     0.0085     1.3626     1.0187     21.879    30.4558    23.2275    1.66217    2.37540     72.547    6.35217    9.07789  0.000e+00
        881     21.974     31.870   3232.492   8900.660    11.0683   3.451982     1.3626     0.0073     0.1306     0.0098     1.3626     1.0600     21.790    30.4566    23.2282    1.66217    2.37541     72.547    6.35227    9.07802  0.000e+00
        882     21.929     31.806   3232.492   8900.660    11.0683   3.451982     1.3614     0.0073     0.1319     0.0085     1.3614     1.0806     21.745    30.4566    23.2282    1.65942    2.37148     72.427    6.35227    9.07802  0.000e+00
        883     21.795     31.611   3232.745   8901.032    11.0719   3.452307     1.3602     0.0061     0.1282     0.0085     1.3602     1.0187     21.612    30.4568    23.2278    1.65653    2.36734     72.301    6.35175    9.07729  0.000e+00
        884     21.705     31.481   3232.492   8901.405    11.0683   3.452631     1.3602     0.0073     0.1270     0.0085     1.3602     0.9980     21.524    30.4630    23.2333    1.65657    2.36740     72.302    6.35201    9.07766  0.000e+00
        885     21.661     31.416   3232.429   8899.169    11.0673   3.450684     1.3602     0.0073     0.1294     0.0085     1.3602     1.0393     21.479    30.4447    23.2192    1.65678    2.36770     72.313    6.35287    9.07888  0.000e+00
        886     21.526     31.221   3232.303   8899.355    11.0655   3.450846     1.3602     0.0073     0.1282     0.0085     1.3602     1.0187     21.346    30.4479    23.2220    1.65678    2.36770     72.312    6.35299    9.07906  0.000e+00
        887     21.437     31.092   3232.176   8899.355    11.0637   3.450846     1.3614     0.0073     0.1282     0.0085     1.3614     1.0187     21.257    30.4494    23.2235    1.65954    2.37165     72.433    6.35319    9.07934  0.000e+00
        888     21.347     30.962   3232.176   8899.355    11.0637   3.450846     1.3602     0.0073     0.1282     0.0085     1.3602     1.0187     21.169    30.4495    23.2235    1.65678    2.36771     72.313    6.35318    9.07934  0.000e+00
        889     21.258     30.832   3232.176   8899.355    11.0637   3.450846     1.3602     0.0073     0.1282     0.0085     1.3602     1.0187     21.080    30.4495    23.2236    1.65676    2.36768     72.312    6.35318    9.07933  0.000e+00
        890     21.168     30.702   3231.924   8898.610    11.0600   3.450197     1.3590     0.0073     0.1282     0.0085     1.3590     1.0187     20.991    30.4462    23.2216    1.65416    2.36396     72.198    6.35382    9.08025  0.000e+00
        891     21.079     30.572   3232.050   8897.305    11.0618   3.449061     1.3590     0.0061     0.1270     0.0085     1.3590     0.9980     20.902    30.4336    23.2115    1.65421    2.36403     72.201    6.35407    9.08060  0.000e+00
        892     20.990     30.443   3231.987   8896.932    11.0609   3.448737     1.3578     0.0061     0.1282     0.0085     1.3578     1.0187     20.814    30.4313    23.2098    1.65151    2.36017     72.083    6.35429    9.08092  0.000e+00
        893     20.900     30.313   3231.987   8898.051    11.0609   3.449710     1.3578     0.0073     0.1306     0.0098     1.3578     1.0600     20.725    30.4408    23.2173    1.65139    2.36000     72.078    6.35391    9.08037  0.000e+00
        894     20.811     30.183   3232.050   8896.559    11.0618   3.448412     1.3578     0.0073     0.1343     0.0085     1.3578     1.1220     20.636    30.4274    23.2067    1.65148    2.36013     72.082    6.35432    9.08096  0.000e+00
        895     20.721     30.053   3231.797   8897.864    11.0582   3.449548     1.3565     0.0073     0.1319     0.0085     1.3565     1.0806     20.547    30.4416    23.2183    1.64869    2.35615     71.960    6.35426    9.08088  0.000e+00
        896     20.632     29.924   3231.987   8899.169    11.0609   3.450684     1.3553     0.0061     0.1282     0.0085     1.3553     1.0187     20.459    30.4505    23.2248    1.64575    2.35194     71.831    6.35353    9.07982  0.000e+00
        897     20.497     29.729   3232.176   8896.373    11.0637   3.448250     1.3553     0.0073     0.1294     0.0085     1.3553     1.0393     20.326    30.4244    23.2040    1.64590    2.35215     71.839    6.35419    9.08077  0.000e+00
        898     20.318     29.469   3232.050   8896.000    11.0618   3.447925     1.3541     0.0073     0.1282     0.0085     1.3541     1.0187     20.148    30.4228    23.2031    1.64320    2.34830     71.721    6.35451    9.08122  0.000e+00
        899     20.274     29.404   3231.608   8895.068    11.0554   3.447114     1.3541     0.0073     0.1294     0.0085     1.3541     1.0393     20.104    30.4202    23.2022    1.64343    2.34863     71.731    6.35550    9.08264  0.000e+00
        900     20.184     29.275   3231.608   8895.441    11.0554   3.447438     1.3529     0.0073     0.1294     0.0098     1.3529     1.0393     20.015    30.4234    23.2047    1.64064    2.34464     71.609    6.35537    9.08246  0.000e+00
        901     20.050     29.080   3231.671   8895.441    11.0563   3.447438     1.3516     0.0073     0.1331     0.0085     1.3516     1.1013     19.882    30.4227    23.2040    1.63785    2.34065     71.487    6.35527    9.08232  0.000e+00
        902     19.960     28.950   3231.987   8895.441    11.0609   3.447438     1.3504     0.0061     0.1294     0.0085     1.3504     1.0393     19.793    30.4190    23.2003    1.63497    2.33654     71.362    6.35479    9.08163  0.000e+00
        903     19.871     28.820   3231.987   8894.508    11.0609   3.446627     1.3468     0.0073     0.1306     0.0085     1.3468     1.0600     19.705    30.4111    23.1941    1.62682    2.32489     71.007    6.35510    9.08208  0.000e+00
        904     19.781     28.691   3231.671   8893.390    11.0563   3.445653     1.3455     0.0061     0.1294     0.0085     1.3455     1.0393     19.616    30.4054    23.1905    1.62427    2.32125     70.896    6.35597    9.08331  0.000e+00
        905     19.692     28.561   3231.671   8893.576    11.0563   3.445816     1.3443     0.0073     0.1294     0.0085     1.3443     1.0393     19.527    30.4070    23.1917    1.62150    2.31728     70.775    6.35590    9.08322  0.000e+00
        906     19.558     28.366   3231.418   8893.576    11.0527   3.445816     1.3431     0.0073     0.1306     0.0098     1.3431     1.0600     19.394    30.4101    23.1948    1.61882    2.31345     70.657    6.35629    9.08377  0.000e+00
        907     19.513     28.301   3231.481   8891.898    11.0536   3.444355     1.3419     0.0073     0.1294     0.0098     1.3419     1.0393     19.350    30.3950    23.1829    1.61619    2.30970     70.544    6.35676    9.08445  0.000e+00
        908     19.379     28.106   3231.608   8893.017    11.0554   3.445329     1.3394     0.0073     0.1294     0.0085     1.3394     1.0393     19.216    30.4031    23.1889    1.61054    2.30162     70.297    6.35618    9.08362  0.000e+00
        909     19.289     27.977   3231.608   8893.390    11.0554   3.445653     1.3370     0.0061     0.1294     0.0085     1.3370     1.0393     19.128    30.4063    23.1914    1.60501    2.29372     70.055    6.35606    9.08344  0.000e+00
        910     19.200     27.847   3231.355   8892.457    11.0517   3.444842     1.3358     0.0073     0.1331     0.0085     1.3358     1.1013     19.039    30.4014    23.1882    1.60242    2.29002     69.942    6.35676    9.08444  0.000e+00
        911     19.110     27.717   3231.418   8890.592    11.0527   3.443219     1.3333     0.0061     0.1355     0.0085     1.3333     1.1426     18.950    30.3848    23.1752    1.59706    2.28236     69.709    6.35730    9.08521  0.000e+00
