unitTesting/processed_seabird_noalign/ORCA1_CAST0040.cnv
* Sea-Bird SBE 19 Data File:
* FileName =
* Software Version 4.234
* Temperature SN = 2835
* Conductivity SN = 2835
* System UpLoad Time = Sat Jan 29 00:08:08 2005

** Ship: ORCA
** Cruise: Mooring
** Station: Twanoh
** Latitude: 47 22.5
** Longitude: 123 0.5
# nquan = 22
# nvalues = 933                                   
# units = specified
# name 0 = scan: Scan Count
# name 1 = prSM: Pressure, Strain Gauge [db]
# name 2 = prSE: Pressure, Strain Gauge [psi]
# name 3 = f0: Frequency 0
# name 4 = f1: Frequency 1
# name 5 = t090C: Temperature [ITS-90, deg C]
# name 6 = c0S/m: Conductivity [S/m]
# name 7 = v0: Voltage 0
# name 8 = v1: Voltage 1
# name 9 = v2: Voltage 2
# name 10 = v3: Voltage 3
# name 11 = sbeox0V: Oxygen raw, SBE 43 [V]
# name 12 = wetStar: Fluorescence, WET Labs WETstar [mg/m^3]
# name 13 = depSM: Depth [salt water, m], lat = 47.28
# name 14 = sal00: Salinity, Practical [PSU]
# name 15 = sigma-t00: Density [sigma-t, Kg/m^3 ]
# name 16 = sbeox0ML/L: Oxygen, SBE 43 [ml/l]
# name 17 = sbeox0Mg/L: Oxygen, SBE 43 [mg/l]
# name 18 = sbeox0Mm/Kg: Oxygen, SBE 43 [umol/Kg]
# name 19 = oxsatML/L: Oxygen Saturation, Weiss [ml/l]
# name 20 = oxsatMg/L: Oxygen Saturation, Weiss [mg/l]
# name 21 = flag:  0.000e+00
# span 0 =          1,        933                 
# span 1 =      0.951,     29.582                 
# span 2 =      1.380,     42.905                 
# span 3 =   3085.024,   3233.512                 
# span 4 =   7271.091,   8901.081                 
# span 5 =     8.8941,    11.0830                 
# span 6 =   2.164380,   3.452352                 
# span 7 =     0.0000,     2.7863                 
# span 8 =     0.0000,     0.0073                 
# span 9 =     0.0000,     0.3199                 
# span 10 =     0.0000,     0.0098                
# span 11 =     0.0000,     2.7863                
# span 12 =    -1.1506,     4.2622                
# span 13 =      0.943,     29.334                
# span 14 =    19.3519,    30.4666                
# span 15 =    14.9082,    23.2380                
# span 16 =   -1.39674,    5.41874                
# span 17 =   -1.99608,    7.74392                
# span 18 =    -60.979,    238.436                
# span 19 =    6.35344,    7.15679                
# span 20 =    9.07971,   10.22777                
# span 21 = 0.0000e+00, 0.0000e+00                
# interval = seconds: 0.5
# start_time = Jan 31 2016 20:27:32 [DatCnv date, localtime]
# bad_flag = -9.990e-29
*END*
[from data line 396]
        397      8.822     12.795   3169.946   8647.879    10.1549   3.235023     1.4249     0.0073     0.1941     0.0085     1.4249     2.1343      8.748    29.0658    22.2980    1.84894    2.64233     80.773    6.53831    9.34390  0.000e+00
        398      8.732     12.665   3168.555   8643.853    10.1344   3.231618     1.4322     0.0073     0.1929     0.0085     1.4322     2.1136      8.659    29.0484    22.2877    1.86678    2.66782     81.553    6.54201    9.34918  0.000e+00
        399      8.643     12.535   3167.480   8640.209    10.1186   3.228538     1.4408     0.0073     0.1905     0.0085     1.4408     2.0723      8.571    29.0304    22.2763    1.88727    2.69710     82.449    6.54505    9.35353  0.000e+00
        400      8.553     12.405   3166.089   8633.682    10.0981   3.223025     1.4518     0.0073     0.1929     0.0098     1.4518     2.1136      8.482    28.9920    22.2496    1.91385    2.73508     83.612    6.54962    9.36007  0.000e+00
        401      8.464     12.276   3164.319   8629.072    10.0721   3.219134     1.4628     0.0073     0.1917     0.0085     1.4628     2.0930      8.393    28.9741    22.2398    1.94043    2.77306     84.774    6.55416    9.36655  0.000e+00
        402      8.374     12.146   3162.739   8623.883    10.0488   3.214757     1.4750     0.0073     0.1941     0.0085     1.4750     2.1343      8.304    28.9492    22.2241    1.96983    2.81509     86.060    6.55859    9.37288  0.000e+00
        403      8.240     11.951   3161.790   8621.577    10.0348   3.212812     1.4908     0.0073     0.1917     0.0098     1.4908     2.0930      8.171    28.9410    22.2199    2.00712    2.86837     87.689    6.56097    9.37628  0.000e+00
        404      8.195     11.886   3161.095   8617.154    10.0246   3.209083     1.5043     0.0073     0.1978     0.0085     1.5043     2.1963      8.127    28.9120    22.1990    2.03893    2.91383     89.081    6.56367    9.38014  0.000e+00
        405      8.061     11.692   3160.336   8615.038    10.0134   3.207301     1.5177     0.0073     0.2002     0.0098     1.5177     2.2376      7.994    28.9033    22.1939    2.07051    2.95896     90.461    6.56567    9.38300  0.000e+00
        406      7.972     11.562   3159.957   8611.382    10.0078   3.204221     1.5348     0.0061     0.2039     0.0085     1.5348     2.2995      7.905    28.8771    22.1744    2.11057    3.01622     92.213    6.56758    9.38573  0.000e+00
        407      7.882     11.432   3159.830   8608.880    10.0060   3.202114     1.5531     0.0073     0.2051     0.0085     1.5531     2.3202      7.817    28.8576    22.1595    2.15322    3.07717     94.078    6.56867    9.38728  0.000e+00
        408      7.793     11.303   3160.147   8605.028    10.0106   3.198871     1.5751     0.0073     0.2100     0.0085     1.5751     2.4028      7.728    28.8216    22.1307    2.20428    3.15014     96.312    6.56949    9.38845  0.000e+00
        409      7.703     11.173   3160.969   8604.837    10.0227   3.198711     1.5922     0.0073     0.2186     0.0085     1.5922     2.5475      7.639    28.8104    22.1201    2.24336    3.20599     98.020    6.56818    9.38659  0.000e+00
        410      7.569     10.978   3161.474   8603.875    10.0302   3.197901     1.6105     0.0061     0.2259     0.0085     1.6105     2.6714      7.506    28.7964    22.1080    2.28550    3.26620     99.862    6.56767    9.38586  0.000e+00
        411      7.480     10.849   3161.791   8601.757    10.0348   3.196119     1.6276     0.0073     0.2283     0.0085     1.6276     2.7127      7.417    28.7750    22.0906    2.32506    3.32274    101.593    6.56789    9.38617  0.000e+00
        412      7.390     10.719   3162.233   8598.480    10.0414   3.193363     1.6471     0.0061     0.2198     0.0085     1.6471     2.5681      7.329    28.7424    22.0642    2.37035    3.38746    103.574    6.56829    9.38675  0.000e+00
        413      7.301     10.589   3162.929   8595.203    10.0516   3.190607     1.6679     0.0073     0.2283     0.0085     1.6679     2.7127      7.240    28.7069    22.0349    2.41832    3.45602    105.674    6.56828    9.38673  0.000e+00
        414      7.167     10.395   3163.877   8594.433    10.0656   3.189960     1.6874     0.0073     0.2357     0.0085     1.6874     2.8367      7.107    28.6894    22.0191    2.46298    3.51985    107.627    6.56696    9.38485  0.000e+00
        415      7.122     10.330   3164.383   8594.435    10.0730   3.189962     1.7094     0.0073     0.2247     0.0085     1.7094     2.6508      7.063    28.6836    22.0134    2.51345    3.59197    109.833    6.56612    9.38364  0.000e+00
        416      6.988     10.135   3164.510   8592.507    10.0749   3.188341     1.7289     0.0061     0.2418     0.0085     1.7289     2.9400      6.930    28.6660    21.9994    2.55873    3.65668    111.813    6.56658    9.38430  0.000e+00
        417      6.898     10.005   3164.952   8589.999    10.0814   3.186234     1.7460     0.0061     0.2454     0.0085     1.7460     3.0020      6.841    28.6400    21.9781    2.59827    3.71319    113.543    6.56671    9.38449  0.000e+00
        418      6.764      9.811   3165.458   8586.525    10.0888   3.183316     1.7607     0.0061     0.2491     0.0085     1.7607     3.0639      6.708    28.6051    21.9498    2.63225    3.76175    115.031    6.56708    9.38501  0.000e+00
        419      6.675      9.681   3165.521   8586.141    10.0898   3.182994     1.7753     0.0073     0.2527     0.0085     1.7753     3.1259      6.619    28.6012    21.9466    2.66609    3.81010    116.510    6.56711    9.38505  0.000e+00
        420      6.585      9.551   3165.205   8580.346    10.0851   3.178130     1.7875     0.0073     0.2479     0.0085     1.7875     3.0433      6.530    28.5566    21.9125    2.69529    3.85184    117.791    6.56965    9.38868  0.000e+00
        421      6.496      9.422   3165.142   8581.508    10.0842   3.179104     1.7985     0.0073     0.2479     0.0085     1.7985     3.0433      6.442    28.5670    21.9208    2.72053    3.88791    118.893    6.56935    9.38825  0.000e+00
        422      6.407      9.292   3164.763   8576.290    10.0786   3.174727     1.8071     0.0073     0.2479     0.0085     1.8071     3.0433      6.353    28.5280    21.8913    2.74125    3.91752    119.802    6.57179    9.39175  0.000e+00
        423      6.272      9.097   3164.320   8571.069    10.0721   3.170349     1.8144     0.0073     0.2491     0.0085     1.8144     3.0639      6.220    28.4896    21.8625    2.75919    3.94315    120.589    6.57434    9.39539  0.000e+00
        424      6.093      8.838   3163.815   8562.165    10.0646   3.162890     1.8205     0.0061     0.2564     0.0085     1.8205     3.1879      6.043    28.4214    21.8105    2.77487    3.96557    121.281    6.57828    9.40102  0.000e+00
        425      6.004      8.708   3162.929   8558.874    10.0516   3.160135     1.8266     0.0073     0.2491     0.0085     1.8266     3.0639      5.954    28.4043    21.7992    2.79003    3.98723    121.944    6.58090    9.40477  0.000e+00
        426      5.870      8.514   3162.424   8556.744    10.0442   3.158352     1.8266     0.0073     0.2552     0.0085     1.8266     3.1672      5.821    28.3925    21.7912    2.79062    3.98808    121.971    6.58249    9.40704  0.000e+00
        427      5.780      8.384   3161.918   8556.164    10.0367   3.157868     1.8291     0.0073     0.2491     0.0085     1.8291     3.0639      5.732    28.3936    21.7932    2.79666    3.99670    122.235    6.58354    9.40853  0.000e+00
        428      5.691      8.254   3161.855   8555.391    10.0358   3.157221     1.8315     0.0073     0.2503     0.0085     1.8315     3.0846      5.644    28.3879    21.7889    2.80244    4.00496    122.488    6.58391    9.40907  0.000e+00
        429      5.602      8.124   3161.665   8550.933    10.0330   3.153492     1.8327     0.0073     0.2552     0.0085     1.8327     3.1672      5.555    28.3531    21.7622    2.80601    4.01007    122.647    6.58578    9.41174  0.000e+00
        430      5.467      7.930   3160.527   8538.513    10.0162   3.143114     1.8339     0.0073     0.2491     0.0085     1.8339     3.0639      5.422    28.2631    21.6948    2.81138    4.01774    122.890    6.59200    9.42063  0.000e+00
        431      5.378      7.800   3159.073   8541.234     9.9948   3.145386     1.8352     0.0073     0.2650     0.0085     1.8352     3.3325      5.333    28.3024    21.7288    2.81473    4.02254    123.033    6.59350    9.42278  0.000e+00
        432      5.289      7.670   3159.073   8536.574     9.9948   3.141495     1.8364     0.0073     0.2686     0.0085     1.8364     3.3945      5.244    28.2638    21.6987    2.81822    4.02752    123.189    6.59512    9.42509  0.000e+00
        433      5.154      7.476   3158.061   8524.911     9.9799   3.131766     1.8364     0.0061     0.2540     0.0085     1.8364     3.1466      5.111    28.1787    21.6347    2.82057    4.03088    123.299    6.60088    9.43332  0.000e+00
        434      5.065      7.346   3156.607   8520.242     9.9584   3.127876     1.8413     0.0061     0.2601     0.0085     1.8413     3.2499      5.023    28.1567    21.6210    2.83355    4.04942    123.868    6.60496    9.43915  0.000e+00
        435      4.975      7.216   3155.785   8518.492     9.9463   3.126418     1.8462     0.0061     0.2589     0.0085     1.8462     3.2292      4.934    28.1517    21.6189    2.84567    4.06675    124.398    6.60696    9.44201  0.000e+00
        436      4.841      7.022   3155.342   8510.118     9.9398   3.119446     1.8523     0.0073     0.2515     0.0085     1.8523     3.1053      4.801    28.0874    21.5699    2.86136    4.08917    125.090    6.61062    9.44724  0.000e+00
        437      4.752      6.892   3154.394   8503.491     9.9258   3.113933     1.8584     0.0061     0.2662     0.0085     1.8584     3.3532      4.712    28.0435    21.5378    2.87717    4.11176    125.785    6.61454    9.45283  0.000e+00
        438      4.662      6.762   3153.509   8492.173     9.9127   3.104529     1.8681     0.0073     0.2613     0.0085     1.8681     3.2705      4.624    27.9600    21.4748    2.90218    4.14751    126.887    6.61997    9.46061  0.000e+00
        439      4.528      6.568   3152.561   8487.095     9.8987   3.100314     1.8767     0.0061     0.2711     0.0085     1.8767     3.4358      4.491    27.9290    21.4528    2.92346    4.17792    127.820    6.62335    9.46543  0.000e+00
        440      4.439      6.438   3151.802   8475.951     9.8875   3.091072     1.8864     0.0073     0.2698     0.0098     1.8864     3.4152      4.402    27.8457    21.3896    2.94843    4.21360    128.919    6.62852    9.47282  0.000e+00
        441      4.349      6.308   3150.980   8469.297     9.8754   3.085560     1.8950     0.0073     0.2711     0.0085     1.8950     3.4358      4.313    27.8002    21.3561    2.96993    4.24433    129.864    6.63224    9.47813  0.000e+00
        442      4.260      6.179   3150.348   8465.186     9.8660   3.082156     1.9011     0.0073     0.2821     0.0085     1.9011     3.6217      4.224    27.7735    21.3367    2.98522    4.26618    130.535    6.63475    9.48172  0.000e+00
        443      4.126      5.984   3149.968   8457.347     9.8604   3.075671     1.9096     0.0061     0.2759     0.0085     1.9096     3.5185      4.091    27.7133    21.2907    3.00661    4.29675    131.476    6.63812    9.48653  0.000e+00
        444      4.036      5.854   3149.715   8454.603     9.8567   3.073402     1.9170     0.0073     0.2796     0.0085     1.9170     3.5804      4.003    27.6937    21.2759    3.02429    4.32201    132.251    6.63950    9.48851  0.000e+00
        445      3.947      5.725   3149.905   8447.540     9.8595   3.067566     1.9267     0.0061     0.2650     0.0085     1.9267     3.3325      3.914    27.6335    21.2286    3.04804    4.35596    133.296    6.64163    9.49155  0.000e+00
        446      3.858      5.595   3149.715   8437.916     9.8567   3.059621     1.9389     0.0073     0.2759     0.0098     1.9389     3.5185      3.825    27.5566    21.1692    3.07820    4.39906    134.623    6.64529    9.49678  0.000e+00
        447      3.723      5.400   3149.399   8430.642     9.8520   3.053623     1.9512     0.0073     0.2698     0.0085     1.9512     3.4152      3.692    27.5006    21.1262    3.10809    4.44177    135.935    6.64835    9.50116  0.000e+00
        448      3.634      5.271   3148.957   8432.808     9.8455   3.055408     1.9658     0.0073     0.2637     0.0098     1.9658     3.3119      3.604    27.5233    21.1450    3.14227    4.49062    137.428    6.64836    9.50118  0.000e+00
        449      3.589      5.206   3149.083   8430.449     9.8474   3.053464     1.9780     0.0061     0.2637     0.0085     1.9780     3.3119      3.559    27.5026    21.1285    3.17109    4.53180    138.691    6.64896    9.50203  0.000e+00
        450      3.455      5.011   3148.767   8418.639     9.8427   3.043736     1.9902     0.0073     0.2735     0.0098     1.9902     3.4771      3.426    27.4094    21.0567    3.20178    4.57567    140.043    6.65360    9.50866  0.000e+00
        451      3.276      4.752   3148.135   8418.838     9.8334   3.043900     2.0024     0.0061     0.2662     0.0085     2.0024     3.3532      3.249    27.4182    21.0649    3.23072    4.61702    141.307    6.65462    9.51011  0.000e+00
        452      3.142      4.557   3148.135   8422.385     9.8334   3.046820     2.0147     0.0073     0.2772     0.0085     2.0147     3.5391      3.116    27.4473    21.0876    3.25862    4.65690    142.525    6.65339    9.50835  0.000e+00
        453      3.053      4.428   3148.388   8419.827     9.8371   3.044714     2.0256     0.0061     0.2808     0.0085     2.0256     3.6011      3.027    27.4236    21.0685    3.28453    4.69392    143.660    6.65383    9.50899  0.000e+00
        454      2.963      4.298   3148.325   8403.661     9.8362   3.031419     2.0391     0.0073     0.2772     0.0098     2.0391     3.5391      2.939    27.2921    20.9663    3.31874    4.74281    145.171    6.65954    9.51715  0.000e+00
        455      2.874      4.168   3147.503   8383.705     9.8240   3.015043     2.0488     0.0061     0.2723     0.0085     2.0488     3.4565      2.850    27.1386    20.8485    3.34569    4.78132    146.367    6.66786    9.52903  0.000e+00
        456      2.784      4.038   3146.491   8364.694     9.8091   2.999478     2.0586     0.0073     0.2772     0.0085     2.0586     3.5391      2.761    26.9952    20.7391    3.37268    4.81989    147.563    6.67618    9.54092  0.000e+00
        457      2.695      3.909   3145.732   8349.811     9.7978   2.987319     2.0684     0.0061     0.2808     0.0085     2.0684     3.6011      2.673    26.8829    20.6532    3.39879    4.85721    148.718    6.68263    9.55015  0.000e+00
        458      2.561      3.714   3145.037   8263.556     9.7876   2.917280     2.0781     0.0073     0.2784     0.0085     2.0781     3.5598      2.539    26.1960    20.1198    3.43740    4.91238    150.486    6.71344    9.59418  0.000e+00
        459      2.516      3.649   3141.369   8212.016     9.7333   2.875780     2.0879     0.0061     0.2821     0.0085     2.0879     3.6217      2.495    25.8244    19.8384    3.47259    4.96268    152.069    6.73755    9.62863  0.000e+00
        460      2.427      3.520   3138.714   8170.712     9.6940   2.842713     2.0965     0.0073     0.2845     0.0085     2.0965     3.6631      2.406    25.5253    19.6112    3.50235    5.00521    153.406    6.75637    9.65552  0.000e+00
