unitTesting/processed_seabird_noalign/ORCA1_CAST0050.cnv
* Sea-Bird SBE 19 Data File:
* FileName =
* Software Version 4.234
* Temperature SN = 2835
* Conductivity SN = 2835
* System UpLoad Time = Mon Jan 31 12:12:59 2005

** Ship: ORCA
** Cruise: Mooring
** Station: Twanoh
** Latitude: 47 22.5
** Longitude: 123 0.5
# nquan = 22
# nvalues = 862                                   
# units = specified
# name 0 = scan: Scan Count
# name 1 = prSM: Pressure, Strain Gauge [db]
# name 2 = prSE: Pressure, Strain Gauge [psi]
# name 3 = f0: Frequency 0
# name 4 = f1: Frequency 1
# name 5 = t090C: Temperature [ITS-90, deg C]
# name 6 = c0S/m: Conductivity [S/m]
# name 7 = v0: Voltage 0
# name 8 = v1: Voltage 1
# name 9 = v2: Voltage 2
# name 10 = v3: Voltage 3
# name 11 = sbeox0V: Oxygen raw, SBE 43 [V]
# name 12 = wetStar: Fluorescence, WET Labs WETstar [mg/m^3]
# name 13 = depSM: Depth [salt water, m], lat = 47.28
# name 14 = sal00: Salinity, Practical [PSU]
# name 15 = sigma-t00: Density [sigma-t, Kg/m^3 ]
# name 16 = sbeox0ML/L: Oxygen, SBE 43 [ml/l]
# name 17 = sbeox0Mg/L: Oxygen, SBE 43 [mg/l]
# name 18 = sbeox0Mm/Kg: Oxygen, SBE 43 [umol/Kg]
# name 19 = oxsatML/L: Oxygen Saturation, Weiss [ml/l]
# name 20 = oxsatMg/L: Oxygen Saturation, Weiss [mg/l]
# name 21 = flag:  0.000e+00
# span 0 =          1,        862                 
# span 1 =      0.906,     29.716                 
# span 2 =      1.315,     43.100                 
# span 3 =   3159.511,   3225.453                 
# span 4 =   8220.766,   8893.973                 
# span 5 =    10.0012,    10.9661                 
# span 6 =   2.882805,   3.446166                 
# span 7 =     0.0000,     2.2930                 
# span 8 =     0.0000,     0.0073                 
# span 9 =     0.0000,     0.2405                 
# span 10 =     0.0000,     0.0098                
# span 11 =     0.0000,     2.2930                
# span 12 =    -1.1506,     2.9193                
# span 13 =      0.899,     29.467                
# span 14 =    25.6840,    30.4979                
# span 15 =    19.6850,    23.2814                
# span 16 =   -1.39792,    3.92789                
# span 17 =   -1.99777,    5.61335                
# span 18 =    -61.020,    172.030                
# span 19 =    6.36703,    6.69950                
# span 20 =    9.09912,    9.57426                
# span 21 = 0.0000e+00, 0.0000e+00                
# interval = seconds: 0.5
# start_time = Jan 31 2016 20:27:41 [DatCnv date, localtime]
# bad_flag = -9.990e-29
*END*
[from data line 725]
        726     29.716     43.100   3224.284   8893.060    10.9491   3.445371     1.2833     0.0073     0.1343     0.0085     1.2833     1.1220     29.467    30.4875    23.2727    1.48905    2.12800     64.989    6.36754    9.09985  0.000e+00
        727     29.716     43.100   3224.326   8893.059    10.9497   3.445370     1.2845     0.0073     0.1368     0.0085     1.2845     1.1633     29.467    30.4869    23.2722    1.49179    2.13191     65.108    6.36748    9.09976  0.000e+00
        728     29.672     43.035   3224.262   8893.245    10.9488   3.445532     1.2845     0.0073     0.1368     0.0085     1.2845     1.1633     29.422    30.4893    23.2742    1.49178    2.13191     65.108    6.36751    9.09981  0.000e+00
        729     29.672     43.035   3224.262   8893.058    10.9488   3.445369     1.2845     0.0073     0.1355     0.0085     1.2845     1.1426     29.422    30.4877    23.2730    1.49180    2.13193     65.108    6.36757    9.09990  0.000e+00
        730     29.716     43.100   3224.262   8893.244    10.9488   3.445531     1.2857     0.0073     0.1355     0.0085     1.2857     1.1426     29.467    30.4893    23.2742    1.49454    2.13585     65.228    6.36751    9.09981  0.000e+00
        731     29.716     43.100   3224.199   8893.057    10.9479   3.445368     1.2845     0.0073     0.1343     0.0085     1.2845     1.1220     29.467    30.4885    23.2737    1.49183    2.13197     65.110    6.36767    9.10004  0.000e+00
        732     29.672     43.035   3224.262   8893.243    10.9488   3.445530     1.2857     0.0073     0.1343     0.0085     1.2857     1.1220     29.422    30.4893    23.2742    1.49453    2.13583     65.228    6.36751    9.09981  0.000e+00
        733     29.672     43.035   3224.262   8893.242    10.9488   3.445530     1.2857     0.0073     0.1355     0.0085     1.2857     1.1426     29.422    30.4893    23.2742    1.49453    2.13583     65.228    6.36751    9.09981  0.000e+00
        734     29.672     43.035   3224.198   8893.055    10.9479   3.445367     1.2845     0.0073     0.1355     0.0085     1.2845     1.1426     29.422    30.4885    23.2737    1.49182    2.13196     65.109    6.36767    9.10004  0.000e+00
        735     29.716     43.100   3224.262   8893.241    10.9488   3.445529     1.2857     0.0073     0.1343     0.0085     1.2857     1.1220     29.467    30.4893    23.2742    1.49454    2.13585     65.228    6.36751    9.09981  0.000e+00
        736     29.672     43.035   3224.198   8893.427    10.9478   3.445691     1.2857     0.0073     0.1355     0.0085     1.2857     1.1426     29.422    30.4916    23.2762    1.49454    2.13584     65.228    6.36754    9.09986  0.000e+00
        737     29.672     43.035   3224.135   8893.240    10.9469   3.445528     1.2869     0.0073     0.1355     0.0098     1.2869     1.1426     29.422    30.4908    23.2757    1.49732    2.13982     65.349    6.36771    9.10009  0.000e+00
        738     29.672     43.035   3224.198   8893.426    10.9478   3.445690     1.2869     0.0073     0.1368     0.0085     1.2869     1.1633     29.422    30.4916    23.2762    1.49728    2.13977     65.348    6.36755    9.09986  0.000e+00
        739     29.716     43.100   3224.135   8893.239    10.9469   3.445527     1.2882     0.0073     0.1343     0.0085     1.2882     1.1220     29.467    30.4908    23.2757    1.50008    2.14376     65.470    6.36771    9.10009  0.000e+00
        740     29.672     43.035   3224.008   8893.425    10.9451   3.445689     1.2882     0.0073     0.1355     0.0085     1.2882     1.1426     29.422    30.4939    23.2785    1.50009    2.14378     65.470    6.36784    9.10028  0.000e+00
        741     29.672     43.035   3224.071   8893.425    10.9460   3.445688     1.2882     0.0073     0.1355     0.0085     1.2882     1.1426     29.422    30.4932    23.2777    1.50007    2.14375     65.469    6.36774    9.10014  0.000e+00
        742     29.672     43.035   3224.071   8893.424    10.9460   3.445688     1.2882     0.0073     0.1368     0.0085     1.2882     1.1633     29.422    30.4931    23.2777    1.50007    2.14375     65.469    6.36774    9.10014  0.000e+00
        743     29.672     43.035   3224.071   8893.610    10.9460   3.445850     1.2882     0.0073     0.1368     0.0085     1.2882     1.1633     29.422    30.4947    23.2789    1.50006    2.14373     65.469    6.36768    9.10005  0.000e+00
        744     29.672     43.035   3224.071   8893.423    10.9460   3.445687     1.2882     0.0073     0.1343     0.0085     1.2882     1.1220     29.422    30.4931    23.2777    1.50007    2.14375     65.469    6.36774    9.10014  0.000e+00
        745     29.672     43.035   3224.071   8893.423    10.9460   3.445686     1.2882     0.0073     0.1355     0.0098     1.2882     1.1426     29.422    30.4931    23.2777    1.50007    2.14375     65.469    6.36774    9.10014  0.000e+00
        746     29.716     43.100   3224.134   8893.422    10.9469   3.445686     1.2894     0.0073     0.1355     0.0085     1.2894     1.1426     29.467    30.4924    23.2769    1.50281    2.14766     65.589    6.36765    9.10000  0.000e+00
        747     29.672     43.035   3224.071   8893.421    10.9460   3.445685     1.2906     0.0073     0.1355     0.0085     1.2906     1.1426     29.422    30.4931    23.2777    1.50557    2.15161     65.709    6.36774    9.10014  0.000e+00
        748     29.672     43.035   3224.134   8893.607    10.9469   3.445847     1.2918     0.0073     0.1368     0.0085     1.2918     1.1633     29.422    30.4940    23.2782    1.50828    2.15548     65.827    6.36758    9.09991  0.000e+00
        749     29.672     43.035   3224.070   8893.420    10.9460   3.445685     1.2918     0.0073     0.1343     0.0085     1.2918     1.1220     29.422    30.4931    23.2777    1.50832    2.15553     65.829    6.36774    9.10014  0.000e+00
        750     29.672     43.035   3224.070   8893.420    10.9460   3.445684     1.2943     0.0073     0.1343     0.0098     1.2943     1.1220     29.422    30.4931    23.2777    1.51381    2.16339     66.069    6.36774    9.10014  0.000e+00
        751     29.672     43.035   3224.070   8893.419    10.9460   3.445684     1.2955     0.0073     0.1343     0.0085     1.2955     1.1220     29.422    30.4931    23.2777    1.51656    2.16731     66.189    6.36774    9.10014  0.000e+00
        752     29.672     43.035   3224.070   8893.605    10.9460   3.445845     1.2955     0.0073     0.1343     0.0085     1.2955     1.1220     29.422    30.4947    23.2789    1.51654    2.16729     66.188    6.36768    9.10005  0.000e+00
        753     29.672     43.035   3224.133   8893.418    10.9469   3.445683     1.2955     0.0073     0.1355     0.0085     1.2955     1.1426     29.422    30.4923    23.2769    1.51654    2.16728     66.188    6.36765    9.10001  0.000e+00
        754     29.672     43.035   3224.133   8893.418    10.9469   3.445682     1.2955     0.0073     0.1355     0.0085     1.2955     1.1426     29.422    30.4923    23.2769    1.51654    2.16728     66.188    6.36765    9.10001  0.000e+00
        755     29.672     43.035   3224.007   8893.417    10.9451   3.445682     1.2967     0.0073     0.1343     0.0085     1.2967     1.1220     29.422    30.4939    23.2784    1.51933    2.17127     66.310    6.36784    9.10028  0.000e+00
        756     29.672     43.035   3224.133   8893.603    10.9469   3.445844     1.2967     0.0073     0.1343     0.0085     1.2967     1.1220     29.422    30.4939    23.2782    1.51927    2.17119     66.307    6.36758    9.09992  0.000e+00
        757     29.672     43.035   3224.070   8893.603    10.9460   3.445843     1.2967     0.0073     0.1343     0.0085     1.2967     1.1220     29.422    30.4947    23.2789    1.51929    2.17122     66.308    6.36768    9.10005  0.000e+00
        758     29.672     43.035   3224.133   8893.416    10.9469   3.445680     1.2979     0.0073     0.1355     0.0085     1.2979     1.1426     29.422    30.4923    23.2769    1.52203    2.17514     66.428    6.36765    9.10001  0.000e+00
        759     29.672     43.035   3224.069   8893.601    10.9460   3.445842     1.2979     0.0073     0.1380     0.0085     1.2979     1.1839     29.422    30.4947    23.2789    1.52204    2.17515     66.428    6.36768    9.10006  0.000e+00
        760     29.672     43.035   3224.006   8893.414    10.9451   3.445679     1.2979     0.0073     0.1355     0.0085     1.2979     1.1426     29.422    30.4939    23.2784    1.52208    2.17520     66.429    6.36784    9.10029  0.000e+00
        761     29.672     43.035   3224.069   8893.973    10.9460   3.446166     1.2967     0.0073     0.1355     0.0085     1.2967     1.1426     29.422    30.4979    23.2814    1.51926    2.17118     66.306    6.36756    9.09987  0.000e+00
        762     29.627     42.970   3224.132   8893.413    10.9469   3.445678     1.2979     0.0073     0.1343     0.0085     1.2979     1.1220     29.378    30.4923    23.2769    1.52202    2.17512     66.427    6.36765    9.10001  0.000e+00
        763     29.537     42.840   3224.069   8893.413    10.9460   3.445678     1.2967     0.0073     0.1343     0.0085     1.2967     1.1220     29.289    30.4931    23.2777    1.51928    2.17120     66.307    6.36775    9.10015  0.000e+00
        764     29.448     42.710   3224.132   8893.412    10.9469   3.445677     1.2967     0.0061     0.1343     0.0085     1.2967     1.1220     29.200    30.4924    23.2770    1.51924    2.17114     66.306    6.36765    9.10001  0.000e+00
        765     29.313     42.516   3224.069   8893.225    10.9460   3.445515     1.2979     0.0073     0.1343     0.0085     1.2979     1.1220     29.067    30.4916    23.2765    1.52199    2.17508     66.426    6.36781    9.10023  0.000e+00
        766     29.269     42.451   3224.069   8893.225    10.9460   3.445514     1.2991     0.0061     0.1355     0.0085     1.2991     1.1426     29.023    30.4916    23.2765    1.52473    2.17900     66.546    6.36781    9.10023  0.000e+00
        767     29.179     42.321   3224.195   8893.224    10.9478   3.445514     1.2979     0.0073     0.1355     0.0085     1.2979     1.1426     28.934    30.4901    23.2751    1.52192    2.17498     66.423    6.36761    9.09995  0.000e+00
        768     28.955     41.996   3224.195   8893.224    10.9478   3.445513     1.2967     0.0073     0.1343     0.0085     1.2967     1.1220     28.712    30.4902    23.2751    1.51913    2.17099     66.301    6.36761    9.09995  0.000e+00
        769     28.866     41.866   3224.132   8893.037    10.9469   3.445350     1.2979     0.0061     0.1343     0.0085     1.2979     1.1220     28.624    30.4894    23.2747    1.52190    2.17494     66.422    6.36777    9.10018  0.000e+00
        770     28.776     41.737   3224.195   8893.036    10.9478   3.445350     1.2991     0.0073     0.1343     0.0085     1.2991     1.1220     28.535    30.4887    23.2739    1.52460    2.17881     66.540    6.36767    9.10004  0.000e+00
        771     28.687     41.607   3224.258   8893.036    10.9487   3.445349     1.2967     0.0073     0.1368     0.0085     1.2967     1.1633     28.446    30.4880    23.2732    1.51907    2.17090     66.299    6.36757    9.09990  0.000e+00
        772     28.553     41.412   3224.194   8893.035    10.9478   3.445349     1.2979     0.0073     0.1355     0.0085     1.2979     1.1426     28.313    30.4888    23.2740    1.52181    2.17482     66.418    6.36767    9.10003  0.000e+00
        773     28.508     41.347   3224.258   8893.034    10.9487   3.445348     1.2991     0.0073     0.1355     0.0085     1.2991     1.1426     28.269    30.4880    23.2733    1.52453    2.17870     66.537    6.36757    9.09989  0.000e+00
        774     28.374     41.152   3224.321   8893.034    10.9496   3.445348     1.2979     0.0061     0.1368     0.0085     1.2979     1.1633     28.135    30.4873    23.2725    1.52173    2.17470     66.415    6.36747    9.09975  0.000e+00
        775     28.284     41.023   3224.194   8892.847    10.9478   3.445185     1.2991     0.0073     0.1355     0.0085     1.2991     1.1426     28.047    30.4873    23.2728    1.52452    2.17868     66.536    6.36773    9.10012  0.000e+00
        776     28.195     40.893   3224.257   8893.033    10.9487   3.445347     1.2991     0.0073     0.1355     0.0098     1.2991     1.1426     27.958    30.4882    23.2734    1.52446    2.17861     66.534    6.36757    9.09989  0.000e+00
        777     28.105     40.763   3224.131   8892.846    10.9469   3.445184     1.2991     0.0061     0.1343     0.0085     1.2991     1.1220     27.869    30.4881    23.2736    1.52450    2.17866     66.536    6.36782    9.10026  0.000e+00
        778     27.971     40.568   3224.320   8892.845    10.9496   3.445184     1.2979     0.0073     0.1355     0.0085     1.2979     1.1426     27.736    30.4859    23.2714    1.52166    2.17461     66.412    6.36753    9.09984  0.000e+00
        779     27.881     40.438   3224.257   8892.845    10.9487   3.445183     1.2979     0.0073     0.1355     0.0085     1.2979     1.1426     27.647    30.4867    23.2722    1.52166    2.17461     66.412    6.36763    9.09997  0.000e+00
        780     27.792     40.308   3224.320   8892.658    10.9496   3.445020     1.2979     0.0073     0.1343     0.0085     1.2979     1.1220     27.558    30.4843    23.2702    1.52164    2.17457     66.411    6.36759    9.09993  0.000e+00
        781     27.657     40.114   3224.320   8892.657    10.9496   3.445020     1.2967     0.0073     0.1343     0.0085     1.2967     1.1220     27.425    30.4844    23.2703    1.51886    2.17061     66.290    6.36759    9.09992  0.000e+00
        782     27.613     40.049   3224.446   8892.470    10.9515   3.444857     1.2955     0.0073     0.1355     0.0085     1.2955     1.1426     27.381    30.4813    23.2676    1.51608    2.16663     66.169    6.36746    9.09974  0.000e+00
        783     27.523     39.919   3224.446   8892.470    10.9515   3.444857     1.2943     0.0073     0.1343     0.0085     1.2943     1.1220     27.292    30.4813    23.2676    1.51332    2.16268     66.048    6.36746    9.09974  0.000e+00
        784     27.389     39.724   3224.446   8892.656    10.9515   3.445018     1.2955     0.0073     0.1355     0.0085     1.2955     1.1426     27.159    30.4830    23.2689    1.51602    2.16654     66.166    6.36739    9.09964  0.000e+00
        785     27.255     39.529   3224.383   8892.282    10.9505   3.444693     1.2943     0.0073     0.1343     0.0085     1.2943     1.1220     27.026    30.4806    23.2672    1.51330    2.16265     66.047    6.36762    9.09996  0.000e+00
        786     27.210     39.465   3224.446   8892.282    10.9514   3.444693     1.2955     0.0073     0.1355     0.0085     1.2955     1.1426     26.982    30.4799    23.2664    1.51601    2.16653     66.166    6.36752    9.09982  0.000e+00
        787     27.076     39.270   3224.572   8892.281    10.9533   3.444692     1.2943     0.0073     0.1343     0.0085     1.2943     1.1220     26.848    30.4784    23.2650    1.51320    2.16251     66.043    6.36732    9.09954  0.000e+00
        788     26.986     39.140   3224.572   8891.907    10.9533   3.444367     1.2943     0.0061     0.1343     0.0085     1.2943     1.1220     26.760    30.4752    23.2625    1.51321    2.16253     66.043    6.36745    9.09972  0.000e+00
        789     26.897     39.010   3224.572   8892.093    10.9533   3.444529     1.2943     0.0073     0.1355     0.0085     1.2943     1.1426     26.671    30.4768    23.2638    1.51317    2.16248     66.042    6.36738    9.09963  0.000e+00
        790     26.897     39.010   3224.572   8892.093    10.9533   3.444529     1.2930     0.0061     0.1343     0.0085     1.2930     1.1220     26.671    30.4768    23.2638    1.51043    2.15855     65.922    6.36739    9.09963  0.000e+00
