unitTesting/processed_seabird_noalign/ORCA1_CAST0041.cnv
* Sea-Bird SBE 19 Data File:
* FileName =
* Software Version 4.234
* Temperature SN = 2835
* Conductivity SN = 2835
* System UpLoad Time = Sat Jan 29 06:08:41 2005

** Ship: ORCA
** Cruise: Mooring
** Station: Twanoh
** Latitude: 47 22.5
** Longitude: 123 0.5
# nquan = 22
# nvalues = 931                                   
# units = specified
# name 0 = scan: Scan Count
# name 1 = prSM: Pressure, Strain Gauge [db]
# name 2 = prSE: Pressure, Strain Gauge [psi]
# name 3 = f0: Frequency 0
# name 4 = f1: Frequency 1
# name 5 = t090C: Temperature [ITS-90, deg C]
# name 6 = c0S/m: Conductivity [S/m]
# name 7 = v0: Voltage 0
# name 8 = v1: Voltage 1
# name 9 = v2: Voltage 2
# name 10 = v3: Voltage 3
# name 11 = sbeox0V: Oxygen raw, SBE 43 [V]
# name 12 = wetStar: Fluorescence, WET Labs WETstar [mg/m^3]
# name 13 = depSM: Depth [salt water, m], lat = 47.28
# name 14 = sal00: Salinity, Practical [PSU]
# name 15 = sigma-t00: Density [sigma-t, Kg/m^3 ]
# name 16 = sbeox0ML/L: Oxygen, SBE 43 [ml/l]
# name 17 = sbeox0Mg/L: Oxygen, SBE 43 [mg/l]
# name 18 = sbeox0Mm/Kg: Oxygen, SBE 43 [umol/Kg]
# name 19 = oxsatML/L: Oxygen Saturation, Weiss [ml/l]
# name 20 = oxsatMg/L: Oxygen Saturation, Weiss [mg/l]
# name 21 = flag:  0.000e+00
# span 0 =          1,        931                 
# span 1 =      0.996,     29.582                 
# span 2 =      1.444,     42.905                 
# span 3 =   3079.141,   3232.227                 
# span 4 =   7327.216,   8900.359                 
# span 5 =     8.8059,    11.0644                 
# span 6 =   2.204359,   3.451723                 
# span 7 =     0.0000,     2.7534                 
# span 8 =     0.0000,     0.0073                 
# span 9 =     0.0000,     0.3199                 
# span 10 =     0.0000,     0.0098                
# span 11 =     0.0000,     2.7534                
# span 12 =    -1.1506,     4.2622                
# span 13 =      0.988,     29.334                
# span 14 =    19.7942,    30.4885                
# span 15 =    15.2645,    23.2608                
# span 16 =   -1.39799,    5.28881                
# span 17 =   -1.99787,    7.55824                
# span 18 =    -61.035,    232.643                
# span 19 =    6.35590,    7.15191                
# span 20 =    9.08322,   10.22079                
# span 21 = 0.0000e+00, 0.0000e+00                
# interval = seconds: 0.5
# start_time = Jan 31 2016 20:27:33 [DatCnv date, localtime]
# bad_flag = -9.990e-29
*END*
[from data line 593]
        594     10.029     14.546   3160.094   8608.804    10.0098   3.202051     1.9963     0.0073     0.2564     0.0085     1.9963     3.1879      9.945    28.8530    22.1553    3.17839    4.54224    138.870    6.56829    9.38674  0.000e+00
        595     10.163     14.741   3160.474   8615.927    10.0154   3.208050     1.9939     0.0061     0.2918     0.0085     1.9939     3.7870     10.078    28.9083    22.1975    3.17132    4.53213    138.556    6.56516    9.38228  0.000e+00
        596     10.253     14.870   3160.663   8620.351    10.0182   3.211779     1.9890     0.0073     0.2698     0.0085     1.9890     3.4152     10.167    28.9432    22.2243    3.15919    4.51480    138.022    6.56330    9.37961  0.000e+00
        597     10.342     15.000   3161.422   8627.080    10.0294   3.217454     1.9866     0.0061     0.2650     0.0085     1.9866     3.3325     10.256    28.9908    22.2596    3.15190    4.50438    137.699    6.55969    9.37445  0.000e+00
        598     10.476     15.195   3163.129   8639.948    10.0546   3.228319     1.9841     0.0073     0.2674     0.0098     1.9841     3.3738     10.389    29.0789    22.3242    3.14291    4.49153    137.297    6.55235    9.36397  0.000e+00
        599     10.611     15.389   3167.492   8648.387    10.1188   3.235454     1.9805     0.0073     0.2515     0.0085     1.9805     3.1053     10.522    29.0983    22.3292    3.12994    4.47300    136.730    6.54220    9.34946  0.000e+00
        600     10.700     15.519   3171.475   8660.075    10.1773   3.245346     1.9780     0.0073     0.2589     0.0085     1.9780     3.2292     10.611    29.1496    22.3597    3.11954    4.45813    136.272    6.53158    9.33428  0.000e+00
        601     10.790     15.649   3176.154   8670.408    10.2461   3.254102     1.9744     0.0073     0.2589     0.0085     1.9744     3.2292     10.699    29.1814    22.3734    3.10609    4.43891    135.682    6.52032    9.31819  0.000e+00
        602     10.924     15.843   3179.315   8675.186    10.2925   3.258155     1.9707     0.0073     0.2613     0.0098     1.9707     3.2705     10.832    29.1842    22.3681    3.09470    4.42264    135.185    6.51351    9.30846  0.000e+00
        603     11.013     15.973   3180.643   8676.522    10.3120   3.259288     1.9670     0.0073     0.2527     0.0085     1.9670     3.1259     10.921    29.1798    22.3615    3.08518    4.40903    134.770    6.51089    9.30471  0.000e+00
        604     11.147     16.168   3181.275   8676.711    10.3212   3.259449     1.9621     0.0073     0.2479     0.0085     1.9621     3.0433     11.054    29.1739    22.3554    3.07356    4.39242    134.264    6.50979    9.30315  0.000e+00
        605     11.282     16.362   3180.853   8678.430    10.3151   3.260908     1.9597     0.0073     0.2625     0.0098     1.9597     3.2912     11.187    29.1933    22.3715    3.06803    4.38452    134.020    6.50989    9.30328  0.000e+00
        606     11.416     16.557   3180.432   8680.149    10.3089   3.262367     1.9536     0.0061     0.2747     0.0085     1.9536     3.4978     11.320    29.2126    22.3876    3.05411    4.36462    133.410    6.50998    9.30341  0.000e+00
        607     11.505     16.687   3180.011   8681.868    10.3027   3.263827     1.9512     0.0073     0.2491     0.0085     1.9512     3.0639     11.409    29.2320    22.4037    3.04856    4.35670    133.165    6.51007    9.30354  0.000e+00
        608     11.595     16.817   3179.947   8682.441    10.3018   3.264313     1.9426     0.0073     0.2442     0.0085     1.9426     2.9813     11.498    29.2376    22.4082    3.02895    4.32868    132.308    6.50997    9.30340  0.000e+00
        609     11.729     17.011   3179.694   8683.587    10.2981   3.265287     1.9328     0.0073     0.3053     0.0085     1.9328     4.0143     11.631    29.2502    22.4186    3.00660    4.29674    131.331    6.50999    9.30342  0.000e+00
        610     11.863     17.206   3179.821   8686.642    10.2999   3.267882     1.9194     0.0073     0.2589     0.0085     1.9194     3.2292     11.764    29.2744    22.4371    2.97529    4.25199    129.961    6.50872    9.30161  0.000e+00
        611     12.042     17.465   3179.821   8687.215    10.2999   3.268369     1.9048     0.0073     0.2723     0.0098     1.9048     3.4565     11.941    29.2791    22.4408    2.94169    4.20396    128.492    6.50853    9.30133  0.000e+00
        612     12.131     17.595   3179.821   8685.305    10.2999   3.266747     1.8864     0.0061     0.2552     0.0085     1.8864     3.1672     12.030    29.2630    22.4283    2.90003    4.14444    126.674    6.50919    9.30228  0.000e+00
        613     12.266     17.790   3180.011   8699.615    10.3027   3.278913     1.8657     0.0073     0.2332     0.0085     1.8657     2.7954     12.163    29.3814    22.5200    2.85019    4.07321    124.486    6.50391    9.29474  0.000e+00
        614     12.355     17.919   3183.488   8711.046    10.3537   3.288646     1.8462     0.0073     0.2259     0.0085     1.8462     2.6714     12.252    29.4366    22.5547    2.80153    4.00367    122.357    6.49431    9.28102  0.000e+00
        615     12.534     18.179   3186.143   8716.756    10.3926   3.293512     1.8291     0.0073     0.2210     0.0085     1.8291     2.5888     12.429    29.4533    22.5613    2.75998    3.94429    120.541    6.48804    9.27206  0.000e+00
        616     12.623     18.309   3187.976   8720.180    10.4195   3.296432     1.8107     0.0073     0.2271     0.0085     1.8107     2.6921     12.518    29.4604    22.5625    2.71652    3.88218    118.643    6.48391    9.26615  0.000e+00
        617     12.758     18.503   3189.430   8726.074    10.4408   3.301461     1.7924     0.0061     0.2247     0.0085     1.7924     2.6508     12.651    29.4929    22.5843    2.67301    3.82000    116.740    6.47953    9.25989  0.000e+00
        618     12.847     18.633   3190.442   8733.673    10.4556   3.307949     1.7766     0.0073     0.2247     0.0098     1.7766     2.6508     12.740    29.5450    22.6224    2.63513    3.76586    115.081    6.47527    9.25381  0.000e+00
        619     12.981     18.828   3192.971   8737.280    10.4926   3.311031     1.7619     0.0061     0.2149     0.0085     1.7619     2.4855     12.873    29.5455    22.6167    2.59976    3.71531    113.537    6.46998    9.24624  0.000e+00
        620     13.115     19.022   3194.551   8740.127    10.5157   3.313465     1.7509     0.0073     0.2112     0.0085     1.7509     2.4235     13.006    29.5507    22.6170    2.57344    3.67770    112.388    6.46647    9.24123  0.000e+00
        621     13.205     19.152   3195.942   8742.593    10.5360   3.315573     1.7399     0.0073     0.2039     0.0085     1.7399     2.2995     13.095    29.5550    22.6170    2.54729    3.64033    111.246    6.46340    9.23684  0.000e+00
        622     13.339     19.347   3196.764   8746.007    10.5480   3.318493     1.7302     0.0073     0.2112     0.0098     1.7302     2.4235     13.228    29.5741    22.6298    2.52416    3.60728    110.234    6.46091    9.23329  0.000e+00
        623     13.473     19.541   3198.218   8756.999    10.5693   3.327903     1.7192     0.0073     0.2063     0.0085     1.7192     2.3409     13.361    29.6497    22.6851    2.49690    3.56832    109.038    6.45480    9.22456  0.000e+00
        624     13.563     19.671   3201.252   8763.814    10.6136   3.333743     1.7082     0.0073     0.2100     0.0085     1.7082     2.4028     13.449    29.6712    22.6945    2.46934    3.52893    107.833    6.44763    9.21431  0.000e+00
        625     13.652     19.801   3203.718   8775.351    10.6496   3.343639     1.6984     0.0073     0.2015     0.0085     1.6984     2.2582     13.538    29.7395    22.7416    2.44431    3.49316    106.735    6.43976    9.20306  0.000e+00
        626     13.786     19.996   3207.068   8781.396    10.6985   3.348830     1.6874     0.0073     0.2039     0.0085     1.6874     2.2995     13.671    29.7508    22.7423    2.41681    3.45386    105.534    6.43239    9.19253  0.000e+00
        627     13.921     20.190   3209.028   8782.529    10.7271   3.349803     1.6752     0.0073     0.2002     0.0085     1.6752     2.2376     13.804    29.7371    22.7268    2.38797    3.41265    104.277    6.42892    9.18757  0.000e+00
        628     14.010     20.320   3209.660   8782.718    10.7363   3.349965     1.6606     0.0073     0.2015     0.0085     1.6606     2.2582     13.893    29.7311    22.7207    2.35444    3.36473    102.813    6.42786    9.18605  0.000e+00
        629     14.144     20.515   3209.913   8783.474    10.7400   3.350614     1.6447     0.0073     0.1990     0.0085     1.6447     2.2169     14.026    29.7345    22.7226    2.31829    3.31306    101.234    6.42720    9.18512  0.000e+00
        630     14.234     20.644   3210.166   8784.040    10.7437   3.351101     1.6276     0.0073     0.1905     0.0085     1.6276     2.0723     14.115    29.7362    22.7234    2.27939    3.25747     99.536    6.42661    9.18427  0.000e+00
        631     14.368     20.839   3210.166   8781.396    10.7437   3.348829     1.6105     0.0073     0.1917     0.0085     1.6105     2.0930     14.248    29.7139    22.7060    2.24102    3.20264     97.862    6.42752    9.18557  0.000e+00
        632     14.457     20.969   3210.355   8784.418    10.7464   3.351425     1.5922     0.0061     0.1893     0.0085     1.5922     2.0516     14.337    29.7371    22.7236    2.19909    3.14273     96.029    6.42619    9.18367  0.000e+00
        633     14.547     21.099   3210.419   8785.173    10.7473   3.352074     1.5739     0.0073     0.1905     0.0098     1.5739     2.0723     14.425    29.7427    22.7278    2.15751    3.08330     94.213    6.42583    9.18316  0.000e+00
        634     14.681     21.293   3210.861   8788.948    10.7538   3.355319     1.5507     0.0073     0.1844     0.0085     1.5507     1.9690     14.558    29.7693    22.7474    2.10436    3.00734     91.890    6.42384    9.18032  0.000e+00
        635     14.860     21.553   3211.683   8793.098    10.7658   3.358888     1.5299     0.0073     0.1832     0.0085     1.5299     1.9483     14.736    29.7946    22.7651    2.05657    2.93904     89.802    6.42113    9.17644  0.000e+00
        636     14.950     21.683   3212.631   8794.230    10.7796   3.359861     1.5092     0.0073     0.1819     0.0085     1.5092     1.9277     14.825    29.7929    22.7614    2.00905    2.87114     87.727    6.41926    9.17376  0.000e+00
        637     15.084     21.877   3213.074   8795.173    10.7860   3.360673     1.4860     0.0073     0.1807     0.0085     1.4860     1.9070     14.958    29.7955    22.7624    1.95629    2.79573     85.423    6.41824    9.17231  0.000e+00
        638     15.173     22.007   3213.074   8797.435    10.7860   3.362619     1.4628     0.0073     0.1783     0.0085     1.4628     1.8657     15.046    29.8146    22.7772    1.90358    2.72041     83.121    6.41747    9.17121  0.000e+00
        639     15.263     22.137   3213.327   8796.492    10.7897   3.361808     1.4408     0.0073     0.1746     0.0085     1.4408     1.8037     15.135    29.8036    22.7681    1.85386    2.64935     80.950    6.41740    9.17110  0.000e+00
        640     15.397     22.331   3213.516   8797.624    10.7925   3.362782     1.4212     0.0073     0.1758     0.0085     1.4212     1.8244     15.268    29.8109    22.7733    1.80950    2.58596     79.013    6.41672    9.17013  0.000e+00
        641     15.486     22.461   3213.200   8797.624    10.7879   3.362782     1.3980     0.0073     0.1734     0.0085     1.3980     1.7831     15.357    29.8146    22.7769    1.75716    2.51116     76.727    6.41721    9.17084  0.000e+00
        642     15.576     22.591   3213.074   8798.755    10.7860   3.363755     1.3810     0.0073     0.1685     0.0098     1.3810     1.7004     15.446    29.8256    22.7858    1.71844    2.45583     75.036    6.41702    9.17057  0.000e+00
        643     15.665     22.721   3212.947   8798.943    10.7842   3.363918     1.3639     0.0073     0.1685     0.0085     1.3639     1.7004     15.534    29.8287    22.7885    1.67982    2.40063     73.349    6.41716    9.17076  0.000e+00
        644     15.800     22.915   3212.631   8798.943    10.7796   3.363918     1.3492     0.0073     0.1685     0.0085     1.3492     1.7004     15.667    29.8324    22.7921    1.64681    2.35345     71.908    6.41766    9.17147  0.000e+00
        645     15.889     23.045   3212.125   8801.016    10.7722   3.365702     1.3333     0.0073     0.1661     0.0085     1.3333     1.6591     15.756    29.8559    22.8117    1.61091    2.30215     70.339    6.41774    9.17159  0.000e+00
        646     15.978     23.175   3212.378   8805.726    10.7759   3.369759     1.3187     0.0073     0.1673     0.0085     1.3187     1.6798     15.845    29.8927    22.8397    1.57729    2.25410     68.869    6.41573    9.16872  0.000e+00
        647     16.068     23.305   3213.390   8809.492    10.7906   3.373003     1.3053     0.0073     0.1734     0.0085     1.3053     1.7831     15.934    29.9126    22.8526    1.54626    2.20976     67.513    6.41286    9.16461  0.000e+00
        648     16.157     23.434   3214.528   8814.574    10.8072   3.377384     1.2930     0.0073     0.1636     0.0085     1.2930     1.6178     16.022    29.9420    22.8728    1.51787    2.16918     66.272    6.40934    9.15958  0.000e+00
        649     16.247     23.564   3215.792   8816.831    10.8256   3.379330     1.2845     0.0073     0.1661     0.0085     1.2845     1.6591     16.111    29.9461    22.8728    1.49796    2.14074     65.403    6.40659    9.15566  0.000e+00
        650     16.381     23.759   3216.867   8818.524    10.8412   3.380791     1.2759     0.0061     0.1624     0.0085     1.2759     1.5971     16.244    29.9476    22.8713    1.47819    2.11248     64.540    6.40434    9.15244  0.000e+00
        651     16.471     23.889   3217.372   8821.533    10.8486   3.383386     1.2698     0.0073     0.1624     0.0085     1.2698     1.5971     16.333    29.9670    22.8852    1.46402    2.09223     63.920    6.40252    9.14984  0.000e+00
        652     16.560     24.018   3218.194   8822.097    10.8606   3.383873     1.2650     0.0061     0.1600     0.0085     1.2650     1.5558     16.422    29.9620    22.8793    1.45270    2.07605     63.426    6.40105    9.14774  0.000e+00
        653     16.650     24.148   3218.510   8823.036    10.8652   3.384684     1.2625     0.0073     0.1600     0.0085     1.2625     1.5558     16.510    29.9662    22.8817    1.44703    2.06795     63.179    6.40024    9.14658  0.000e+00
        654     16.784     24.343   3218.637   8822.848    10.8670   3.384522     1.2613     0.0073     0.1648     0.0085     1.2613     1.6385     16.643    29.9630    22.8790    1.44427    2.06401     63.058    6.40011    9.14640  0.000e+00
        655     16.873     24.473   3218.321   8822.285    10.8624   3.384035     1.2613     0.0073     0.1600     0.0085     1.2613     1.5558     16.732    29.9620    22.8789    1.44444    2.06424     63.066    6.40079    9.14738  0.000e+00
        656     17.007     24.667   3217.878   8827.547    10.8560   3.388578     1.2601     0.0061     0.1612     0.0085     1.2601     1.5765     16.865    30.0118    22.9187    1.44144    2.05996     62.932    6.39968    9.14579  0.000e+00
        657     17.097     24.797   3219.016   8840.125    10.8725   3.399449     1.2601     0.0061     0.1624     0.0085     1.2601     1.5971     16.954    30.1049    22.9884    1.44012    2.05808     62.871    6.39361    9.13711  0.000e+00
        658     17.231     24.992   3221.292   8842.376    10.9056   3.401396     1.2589     0.0061     0.1636     0.0085     1.2589     1.6178     17.087    30.0968    22.9764    1.43650    2.05290     62.713    6.38931    9.13097  0.000e+00
