unitTesting/processed_seabird_noalign/ORCA1_CAST0019.cnv
* Sea-Bird SBE 19 Data File:
* FileName =
* Software Version 4.234
* Temperature SN = 2835
* Conductivity SN = 2835
* System UpLoad Time = Sun Jan 23 17:56:53 2005

** Ship: ORCA
** Cruise: Mooring
** Station: Twanoh
** Latitude: 47 22.5
** Longitude: 123 0.5
# nquan = 22
# nvalues = 916                                   
# units = specified
# name 0 = scan: Scan Count
# name 1 = prSM: Pressure, Strain Gauge [db]
# name 2 = prSE: Pressure, Strain Gauge [psi]
# name 3 = f0: Frequency 0
# name 4 = f1: Frequency 1
# name 5 = t090C: Temperature [ITS-90, deg C]
# name 6 = c0S/m: Conductivity [S/m]
# name 7 = v0: Voltage 0
# name 8 = v1: Voltage 1
# name 9 = v2: Voltage 2
# name 10 = v3: Voltage 3
# name 11 = sbeox0V: Oxygen raw, SBE 43 [V]
# name 12 = wetStar: Fluorescence, WET Labs WETstar [mg/m^3]
# name 13 = depSM: Depth [salt water, m], lat = 47.28
# name 14 = sal00: Salinity, Practical [PSU]
# name 15 = sigma-t00: Density [sigma-t, Kg/m^3 ]
# name 16 = sbeox0ML/L: Oxygen, SBE 43 [ml/l]
# name 17 = sbeox0Mg/L: Oxygen, SBE 43 [mg/l]
# name 18 = sbeox0Mm/Kg: Oxygen, SBE 43 [umol/Kg]
# name 19 = oxsatML/L: Oxygen Saturation, Weiss [ml/l]
# name 20 = oxsatMg/L: Oxygen Saturation, Weiss [mg/l]
# name 21 = flag:  0.000e+00
# span 0 =          1,        916                 
# span 1 =      0.951,     29.672                 
# span 2 =      1.380,     43.035                 
# span 3 =   3069.993,   3234.459                 
# span 4 =   7212.979,   8905.950                 
# span 5 =     8.6684,    11.0968                 
# span 6 =   2.123315,   3.456593                 
# span 7 =     0.0000,     3.2063                 
# span 8 =     0.0000,     0.0073                 
# span 9 =     0.0000,     0.3895                 
# span 10 =     0.0000,     0.0098                
# span 11 =     0.0000,     3.2063                
# span 12 =    -1.1506,     5.4398                
# span 13 =      0.943,     29.422                
# span 14 =    18.9857,    30.5002                
# span 15 =    14.6307,    23.2625                
# span 16 =   -1.39503,    6.44322                
# span 17 =   -1.99364,    9.20800                
# span 18 =    -60.898,    283.425                
# span 19 =    6.35078,    7.19011                
# span 20 =    9.07590,   10.27538                
# span 21 = 0.0000e+00, 0.0000e+00                
# interval = seconds: 0.5
# start_time = Jan 31 2016 20:27:15 [DatCnv date, localtime]
# bad_flag = -9.990e-29
*END*
[from data line 659]
        660     19.021     27.587   3232.352   8887.480    11.0662   3.440512     1.1355     0.0073     0.1368     0.0085     1.1355     1.1633     18.862    30.3472    23.1436    1.15322    1.64806     50.338    6.35693    9.08469  0.000e+00
        661     19.155     27.782   3232.352   8887.293    11.0662   3.440350     1.1355     0.0073     0.1343     0.0085     1.1355     1.1220     18.995    30.3455    23.1423    1.15325    1.64811     50.339    6.35700    9.08478  0.000e+00
        662     19.244     27.912   3232.225   8887.666    11.0644   3.440675     1.1355     0.0061     0.1331     0.0085     1.1355     1.1013     19.083    30.3502    23.1462    1.15327    1.64814     50.340    6.35706    9.08488  0.000e+00
        663     19.379     28.106   3232.225   8888.039    11.0644   3.440999     1.1368     0.0061     0.1319     0.0085     1.1368     1.0806     19.216    30.3533    23.1487    1.15601    1.65205     50.459    6.35694    9.08470  0.000e+00
        664     19.468     28.236   3232.162   8888.599    11.0635   3.441486     1.1380     0.0061     0.1306     0.0085     1.1380     1.0600     19.305    30.3588    23.1531    1.15874    1.65596     50.578    6.35685    9.08457  0.000e+00
        665     19.602     28.431   3232.162   8888.972    11.0635   3.441810     1.1380     0.0073     0.1343     0.0098     1.1380     1.1220     19.438    30.3619    23.1555    1.15874    1.65596     50.578    6.35672    9.08439  0.000e+00
        666     19.692     28.561   3232.351   8889.905    11.0662   3.442622     1.1380     0.0061     0.1319     0.0085     1.1380     1.0806     19.527    30.3676    23.1594    1.15865    1.65583     50.574    6.35611    9.08352  0.000e+00
        667     19.826     28.755   3232.351   8890.091    11.0662   3.442784     1.1392     0.0061     0.1331     0.0085     1.1392     1.1013     19.660    30.3691    23.1606    1.16140    1.65976     50.694    6.35605    9.08343  0.000e+00
        668     19.916     28.885   3232.351   8890.091    11.0662   3.442784     1.1404     0.0073     0.1392     0.0085     1.1404     1.2046     19.749    30.3691    23.1606    1.16415    1.66369     50.814    6.35605    9.08344  0.000e+00
        669     20.050     29.080   3232.478   8890.278    11.0680   3.442946     1.1416     0.0073     0.1331     0.0085     1.1416     1.1013     19.882    30.3691    23.1603    1.16687    1.66757     50.933    6.35580    9.08307  0.000e+00
        670     20.139     29.210   3232.478   8890.464    11.0680   3.443108     1.1429     0.0073     0.1319     0.0085     1.1429     1.0806     19.971    30.3706    23.1615    1.16961    1.67149     51.052    6.35574    9.08298  0.000e+00
        671     20.229     29.339   3232.414   8890.837    11.0671   3.443433     1.1453     0.0073     0.1319     0.0085     1.1453     1.0806     20.059    30.3745    23.1647    1.17510    1.67933     51.292    6.35571    9.08294  0.000e+00
        672     20.363     29.534   3232.477   8891.024    11.0680   3.443595     1.1465     0.0073     0.1331     0.0085     1.1465     1.1013     20.193    30.3753    23.1651    1.17783    1.68324     51.411    6.35555    9.08272  0.000e+00
        673     20.542     29.794   3232.541   8890.837    11.0689   3.443433     1.1490     0.0073     0.1319     0.0098     1.1490     1.0806     20.370    30.3729    23.1631    1.18333    1.69110     51.651    6.35552    9.08267  0.000e+00
        674     20.632     29.924   3232.540   8890.837    11.0689   3.443433     1.1502     0.0073     0.1319     0.0085     1.1502     1.0806     20.459    30.3729    23.1631    1.18609    1.69504     51.771    6.35552    9.08268  0.000e+00
        675     20.721     30.053   3232.477   8890.837    11.0680   3.443433     1.1538     0.0073     0.1319     0.0085     1.1538     1.0806     20.547    30.3736    23.1638    1.19434    1.70683     52.131    6.35562    9.08282  0.000e+00
        676     20.855     30.248   3232.477   8891.024    11.0680   3.443595     1.1563     0.0073     0.1331     0.0098     1.1563     1.1013     20.681    30.3751    23.1650    1.19983    1.71467     52.371    6.35556    9.08273  0.000e+00
        677     20.990     30.443   3232.540   8891.210    11.0689   3.443758     1.1575     0.0061     0.1319     0.0085     1.1575     1.0806     20.814    30.3759    23.1654    1.20256    1.71858     52.490    6.35540    9.08250  0.000e+00
        678     21.079     30.572   3232.477   8890.837    11.0680   3.443433     1.1587     0.0073     0.1331     0.0085     1.1587     1.1013     20.902    30.3734    23.1637    1.20535    1.72257     52.612    6.35563    9.08283  0.000e+00
        679     21.168     30.702   3232.414   8891.210    11.0671   3.443758     1.1600     0.0073     0.1319     0.0085     1.1600     1.0806     20.991    30.3773    23.1669    1.20810    1.72650     52.732    6.35560    9.08278  0.000e+00
        680     21.303     30.897   3232.477   8891.210    11.0680   3.443758     1.1612     0.0073     0.1319     0.0085     1.1612     1.0806     21.124    30.3765    23.1661    1.21085    1.73042     52.852    6.35550    9.08265  0.000e+00
        681     21.347     30.962   3232.477   8891.397    11.0680   3.443920     1.1624     0.0073     0.1331     0.0085     1.1624     1.1013     21.169    30.3781    23.1673    1.21358    1.73433     52.971    6.35544    9.08256  0.000e+00
        682     21.437     31.092   3232.540   8891.397    11.0689   3.443920     1.1636     0.0073     0.1331     0.0085     1.1636     1.1013     21.257    30.3773    23.1665    1.21632    1.73824     53.091    6.35535    9.08242  0.000e+00
        683     21.616     31.351   3232.413   8891.583    11.0671   3.444082     1.1624     0.0073     0.1331     0.0085     1.1624     1.1013     21.435    30.3803    23.1692    1.21363    1.73440     52.973    6.35548    9.08261  0.000e+00
        684     21.661     31.416   3232.350   8891.583    11.0662   3.444082     1.1636     0.0073     0.1331     0.0085     1.1636     1.1013     21.479    30.3811    23.1699    1.21639    1.73835     53.094    6.35557    9.08275  0.000e+00
        685     21.750     31.546   3232.350   8891.956    11.0662   3.444407     1.1636     0.0073     0.1306     0.0085     1.1636     1.0600     21.568    30.3842    23.1724    1.21638    1.73833     53.093    6.35545    9.08257  0.000e+00
        686     21.884     31.741   3232.350   8891.770    11.0662   3.444244     1.1636     0.0061     0.1319     0.0085     1.1636     1.0806     21.701    30.3826    23.1711    1.21642    1.73838     53.095    6.35551    9.08267  0.000e+00
        687     21.974     31.870   3232.350   8892.702    11.0662   3.445056     1.1661     0.0073     0.1331     0.0098     1.1661     1.1013     21.790    30.3905    23.1772    1.22185    1.74615     53.332    6.35520    9.08221  0.000e+00
        688     22.063     32.000   3232.413   8892.889    11.0671   3.445218     1.1661     0.0061     0.1380     0.0085     1.1661     1.1839     21.879    30.3913    23.1777    1.22184    1.74613     53.331    6.35504    9.08199  0.000e+00
        689     22.153     32.130   3232.350   8893.448    11.0662   3.445705     1.1673     0.0073     0.1319     0.0085     1.1673     1.0806     21.967    30.3968    23.1821    1.22457    1.75004     53.450    6.35495    9.08186  0.000e+00
        690     22.287     32.325   3232.350   8893.448    11.0662   3.445705     1.1709     0.0073     0.1355     0.0085     1.1709     1.1426     22.100    30.3967    23.1821    1.23281    1.76182     53.810    6.35495    9.08186  0.000e+00
        691     22.377     32.455   3232.413   8893.634    11.0671   3.445867     1.1685     0.0073     0.1319     0.0085     1.1685     1.0806     22.189    30.3975    23.1825    1.22732    1.75396     53.570    6.35479    9.08163  0.000e+00
        692     22.466     32.584   3232.350   8893.821    11.0662   3.446029     1.1697     0.0073     0.1319     0.0085     1.1697     1.0806     22.278    30.3998    23.1845    1.23008    1.75791     53.691    6.35483    9.08168  0.000e+00
        693     22.600     32.779   3232.413   8893.634    11.0671   3.445867     1.1697     0.0073     0.1319     0.0085     1.1697     1.0806     22.411    30.3974    23.1825    1.23010    1.75793     53.691    6.35479    9.08164  0.000e+00
        694     22.735     32.974   3232.476   8893.821    11.0680   3.446029     1.1685     0.0073     0.1331     0.0085     1.1685     1.1013     22.544    30.3982    23.1829    1.22735    1.75401     53.572    6.35464    9.08141  0.000e+00
        695     22.824     33.104   3232.349   8894.194    11.0662   3.446354     1.1673     0.0073     0.1331     0.0098     1.1673     1.1013     22.633    30.4029    23.1868    1.22464    1.75013     53.453    6.35470    9.08151  0.000e+00
        696     22.914     33.233   3232.476   8894.194    11.0680   3.446354     1.1685     0.0073     0.1319     0.0085     1.1685     1.0806     22.722    30.4013    23.1853    1.22736    1.75402     53.572    6.35451    9.08123  0.000e+00
        697     23.003     33.363   3232.413   8894.567    11.0671   3.446678     1.1685     0.0061     0.1319     0.0085     1.1685     1.0806     22.810    30.4052    23.1885    1.22737    1.75403     53.572    6.35448    9.08119  0.000e+00
        698     23.093     33.493   3232.413   8894.567    11.0671   3.446678     1.1685     0.0073     0.1319     0.0098     1.1685     1.0806     22.899    30.4052    23.1885    1.22738    1.75405     53.573    6.35449    9.08119  0.000e+00
        699     23.227     33.688   3232.539   8894.380    11.0689   3.446516     1.1697     0.0073     0.1331     0.0085     1.1697     1.1013     23.032    30.4020    23.1857    1.23012    1.75797     53.692    6.35436    9.08101  0.000e+00
        700     23.406     33.947   3232.476   8894.566    11.0680   3.446678     1.1697     0.0073     0.1319     0.0085     1.1697     1.0806     23.210    30.4043    23.1876    1.23016    1.75802     53.694    6.35439    9.08106  0.000e+00
        701     23.495     34.077   3232.412   8894.566    11.0671   3.446678     1.1709     0.0073     0.1319     0.0085     1.1709     1.0806     23.298    30.4050    23.1884    1.23293    1.76198     53.815    6.35449    9.08120  0.000e+00
        702     23.630     34.272   3232.349   8894.566    11.0662   3.446678     1.1709     0.0073     0.1331     0.0085     1.1709     1.1013     23.432    30.4057    23.1891    1.23297    1.76204     53.816    6.35459    9.08135  0.000e+00
        703     23.719     34.402   3232.475   8894.939    11.0680   3.447003     1.1709     0.0073     0.1319     0.0085     1.1709     1.0806     23.520    30.4073    23.1900    1.23292    1.76197     53.814    6.35427    9.08089  0.000e+00
        704     23.853     34.596   3232.539   8895.126    11.0689   3.447165     1.1746     0.0073     0.1331     0.0085     1.1746     1.1013     23.653    30.4081    23.1905    1.24114    1.77371     54.173    6.35411    9.08066  0.000e+00
        705     23.943     34.726   3232.475   8894.939    11.0680   3.447003     1.1746     0.0073     0.1331     0.0085     1.1746     1.1013     23.742    30.4072    23.1899    1.24118    1.77377     54.175    6.35428    9.08090  0.000e+00
        706     24.032     34.856   3232.475   8894.939    11.0680   3.447003     1.1746     0.0073     0.1319     0.0085     1.1746     1.0806     23.831    30.4072    23.1899    1.24120    1.77380     54.176    6.35428    9.08090  0.000e+00
        707     24.167     35.051   3232.475   8894.939    11.0680   3.447003     1.1758     0.0073     0.1331     0.0085     1.1758     1.1013     23.964    30.4072    23.1899    1.24396    1.77774     54.296    6.35428    9.08090  0.000e+00
        708     24.256     35.181   3232.602   8894.753    11.0698   3.446841     1.1758     0.0061     0.1319     0.0085     1.1758     1.0806     24.053    30.4040    23.1871    1.24395    1.77773     54.296    6.35415    9.08072  0.000e+00
        709     24.390     35.375   3232.475   8894.939    11.0680   3.447003     1.1783     0.0073     0.1331     0.0085     1.1783     1.1013     24.186    30.4071    23.1898    1.24948    1.78563     54.537    6.35428    9.08091  0.000e+00
        710     24.480     35.505   3232.538   8894.939    11.0689   3.447003     1.1770     0.0061     0.1331     0.0085     1.1770     1.1013     24.275    30.4063    23.1890    1.24674    1.78171     54.417    6.35419    9.08077  0.000e+00
        711     24.569     35.635   3232.475   8895.125    11.0680   3.447165     1.1783     0.0073     0.1319     0.0085     1.1783     1.0806     24.363    30.4086    23.1910    1.24950    1.78566     54.538    6.35422    9.08082  0.000e+00
        712     24.704     35.830   3232.538   8895.498    11.0689   3.447490     1.1783     0.0073     0.1319     0.0085     1.1783     1.0806     24.496    30.4110    23.1927    1.24948    1.78563     54.537    6.35400    9.08050  0.000e+00
        713     24.793     35.959   3232.538   8895.312    11.0689   3.447328     1.1783     0.0073     0.1306     0.0085     1.1783     1.0600     24.585    30.4093    23.1914    1.24951    1.78567     54.538    6.35407    9.08060  0.000e+00
        714     24.883     36.089   3232.475   8895.125    11.0680   3.447165     1.1770     0.0073     0.1331     0.0085     1.1770     1.1013     24.674    30.4085    23.1909    1.24681    1.78182     54.421    6.35423    9.08083  0.000e+00
        715     25.017     36.284   3232.475   8895.312    11.0680   3.447328     1.1783     0.0073     0.1319     0.0085     1.1783     1.0806     24.807    30.4100    23.1921    1.24956    1.78575     54.541    6.35417    9.08074  0.000e+00
        716     25.106     36.414   3232.538   8895.685    11.0689   3.447652     1.1770     0.0073     0.1319     0.0085     1.1770     1.0806     24.896    30.4124    23.1938    1.24679    1.78179     54.420    6.35394    9.08042  0.000e+00
        717     25.241     36.608   3232.475   8895.498    11.0680   3.447490     1.1783     0.0061     0.1306     0.0085     1.1783     1.0600     25.029    30.4115    23.1933    1.24959    1.78579     54.542    6.35411    9.08065  0.000e+00
        718     25.330     36.738   3232.348   8895.498    11.0662   3.447490     1.1795     0.0073     0.1368     0.0098     1.1795     1.1633     25.118    30.4130    23.1947    1.25238    1.78977     54.663    6.35430    9.08093  0.000e+00
        719     25.420     36.868   3232.411   8895.498    11.0671   3.447490     1.1795     0.0061     0.1319     0.0085     1.1795     1.0806     25.206    30.4122    23.1939    1.25238    1.78977     54.663    6.35421    9.08080  0.000e+00
        720     25.509     36.998   3232.474   8895.498    11.0680   3.447490     1.1795     0.0073     0.1331     0.0085     1.1795     1.1013     25.295    30.4114    23.1932    1.25237    1.78977     54.663    6.35411    9.08066  0.000e+00
        721     25.643     37.193   3232.474   8895.871    11.0680   3.447814     1.1795     0.0073     0.1331     0.0098     1.1795     1.1013     25.428    30.4145    23.1956    1.25237    1.78977     54.663    6.35399    9.08048  0.000e+00
        722     25.733     37.322   3232.411   8896.244    11.0671   3.448139     1.1807     0.0073     0.1319     0.0085     1.1807     1.0806     25.517    30.4184    23.1988    1.25512    1.79369     54.783    6.35396    9.08044  0.000e+00
        723     25.822     37.452   3232.474   8896.244    11.0680   3.448139     1.1807     0.0073     0.1380     0.0085     1.1807     1.1839     25.606    30.4176    23.1980    1.25512    1.79369     54.783    6.35386    9.08030  0.000e+00
        724     25.912     37.582   3232.474   8896.616    11.0680   3.448463     1.1807     0.0073     0.1343     0.0085     1.1807     1.1220     25.695    30.4208    23.2005    1.25511    1.79368     54.782    6.35374    9.08013  0.000e+00
