unitTesting/processed_seabird_noalign/ORCA1_CAST0006.cnv
* Sea-Bird SBE 19 Data File:
* FileName =
* Software Version 4.234
* Temperature SN = 2835
* Conductivity SN = 2835
* System UpLoad Time = Thu Jan 20 11:49:52 2005

** Ship: ORCA
** Cruise: Mooring
** Station: Twanoh
** Latitude: 47 22.5
** Longitude: 123 0.5
# nquan = 22
# nvalues = 902                                   
# units = specified
# name 0 = scan: Scan Count
# name 1 = prSM: Pressure, Strain Gauge [db]
# name 2 = prSE: Pressure, Strain Gauge [psi]
# name 3 = f0: Frequency 0
# name 4 = f1: Frequency 1
# name 5 = t090C: Temperature [ITS-90, deg C]
# name 6 = c0S/m: Conductivity [S/m]
# name 7 = v0: Voltage 0
# name 8 = v1: Voltage 1
# name 9 = v2: Voltage 2
# name 10 = v3: Voltage 3
# name 11 = sbeox0V: Oxygen raw, SBE 43 [V]
# name 12 = wetStar: Fluorescence, WET Labs WETstar [mg/m^3]
# name 13 = depSM: Depth [salt water, m], lat = 47.28
# name 14 = sal00: Salinity, Practical [PSU]
# name 15 = sigma-t00: Density [sigma-t, Kg/m^3 ]
# name 16 = sbeox0ML/L: Oxygen, SBE 43 [ml/l]
# name 17 = sbeox0Mg/L: Oxygen, SBE 43 [mg/l]
# name 18 = sbeox0Mm/Kg: Oxygen, SBE 43 [umol/Kg]
# name 19 = oxsatML/L: Oxygen Saturation, Weiss [ml/l]
# name 20 = oxsatMg/L: Oxygen Saturation, Weiss [mg/l]
# name 21 = flag:  0.000e+00
# span 0 =          1,        902                 
# span 1 =      0.951,     29.627                 
# span 2 =      1.380,     42.970                 
# span 3 =   3025.585,   3234.050                 
# span 4 =   7427.609,   8912.958                 
# span 5 =     7.9970,    11.0908                 
# span 6 =   2.276652,   3.462702                 
# span 7 =     0.0000,     3.0928                 
# span 8 =     0.0000,     0.0073                 
# span 9 =     0.0000,     0.6398                 
# span 10 =     0.0000,     0.0098                
# span 11 =     0.0000,     3.0928                
# span 12 =    -1.1506,     9.6749                
# span 13 =      0.943,     29.378                
# span 14 =    20.9658,    30.5642                
# span 15 =    16.2729,    23.3131                
# span 16 =   -1.39433,    6.17667                
# span 17 =   -1.99264,    8.82708                
# span 18 =    -60.863,    271.345                
# span 19 =    6.34892,    7.22945                
# span 20 =    9.07324,   10.33161                
# span 21 = 0.0000e+00, 0.0000e+00                
# interval = seconds: 0.5
# start_time = Jan 31 2016 20:27:03 [DatCnv date, localtime]
# bad_flag = -9.990e-29
*END*
[from data line 330]
        331     14.860     21.553   3231.961   8889.740    11.0605   3.442476     1.3114     0.0061     0.1294     0.0085     1.3114     1.0393     14.736    30.3727    23.1644    1.54673    2.21044     67.513    6.35669    9.08435  0.000e+00
        332     14.636     21.228   3231.961   8889.739    11.0605   3.442476     1.3089     0.0073     0.1306     0.0085     1.3089     1.0600     14.514    30.3728    23.1645    1.54121    2.20254     67.272    6.35669    9.08434  0.000e+00
        333     14.547     21.099   3231.961   8889.366    11.0605   3.442151     1.3053     0.0073     0.1294     0.0085     1.3053     1.0393     14.425    30.3697    23.1620    1.53301    2.19082     66.914    6.35681    9.08452  0.000e+00
        334     14.457     20.969   3231.835   8889.366    11.0587   3.442151     1.3040     0.0073     0.1294     0.0098     1.3040     1.0393     14.337    30.3712    23.1636    1.53030    2.18695     66.796    6.35700    9.08479  0.000e+00
        335     14.368     20.839   3231.898   8889.365    11.0596   3.442151     1.3016     0.0073     0.1306     0.0085     1.3016     1.0600     14.248    30.3705    23.1628    1.52478    2.17906     66.555    6.35691    9.08465  0.000e+00
        336     14.279     20.709   3231.835   8888.992    11.0587   3.441826     1.2979     0.0073     0.1282     0.0085     1.2979     1.0187     14.159    30.3681    23.1611    1.51660    2.16737     66.198    6.35713    9.08497  0.000e+00
        337     14.189     20.580   3231.835   8888.992    11.0587   3.441826     1.2967     0.0073     0.1306     0.0085     1.2967     1.0600     14.070    30.3682    23.1612    1.51384    2.16344     66.078    6.35713    9.08497  0.000e+00
        338     14.100     20.450   3231.898   8888.618    11.0596   3.441501     1.2943     0.0073     0.1319     0.0098     1.2943     1.0806     13.982    30.3643    23.1580    1.50836    2.15560     65.839    6.35716    9.08501  0.000e+00
        339     13.965     20.255   3231.835   8888.804    11.0587   3.441663     1.2930     0.0073     0.1306     0.0085     1.2930     1.0600     13.849    30.3666    23.1600    1.50560    2.15165     65.718    6.35719    9.08506  0.000e+00
        340     13.876     20.125   3231.708   8888.617    11.0569   3.441500     1.2906     0.0073     0.1294     0.0085     1.2906     1.0393     13.760    30.3666    23.1603    1.50016    2.14388     65.481    6.35744    9.08542  0.000e+00
        341     13.786     19.996   3231.772   8888.617    11.0578   3.441500     1.2894     0.0073     0.1294     0.0085     1.2894     1.0393     13.671    30.3659    23.1596    1.49739    2.13992     65.360    6.35734    9.08528  0.000e+00
        342     13.697     19.866   3231.835   8888.803    11.0587   3.441662     1.2857     0.0061     0.1294     0.0085     1.2857     1.0393     13.583    30.3667    23.1601    1.48912    2.12810     64.999    6.35718    9.08505  0.000e+00
        343     13.608     19.736   3231.772   8888.617    11.0578   3.441499     1.2845     0.0073     0.1282     0.0098     1.2845     1.0187     13.494    30.3659    23.1596    1.48640    2.12422     64.880    6.35734    9.08528  0.000e+00
        344     13.518     19.606   3231.835   8888.430    11.0587   3.441337     1.2821     0.0073     0.1294     0.0085     1.2821     1.0393     13.405    30.3636    23.1576    1.48090    2.11636     64.640    6.35731    9.08523  0.000e+00
        345     13.429     19.477   3231.835   8888.243    11.0587   3.441174     1.2808     0.0061     0.1331     0.0085     1.2808     1.1013     13.316    30.3621    23.1564    1.47816    2.11244     64.521    6.35737    9.08532  0.000e+00
        346     13.339     19.347   3231.835   8888.429    11.0587   3.441336     1.2772     0.0073     0.1294     0.0085     1.2772     1.0393     13.228    30.3637    23.1577    1.46992    2.10066     64.161    6.35731    9.08522  0.000e+00
        347     13.205     19.152   3231.835   8888.242    11.0587   3.441174     1.2772     0.0073     0.1282     0.0085     1.2772     1.0187     13.095    30.3622    23.1565    1.46990    2.10064     64.160    6.35737    9.08531  0.000e+00
        348     13.115     19.022   3231.772   8888.615    11.0578   3.441498     1.2747     0.0073     0.1306     0.0085     1.2747     1.0600     13.006    30.3661    23.1597    1.46440    2.09278     63.920    6.35733    9.08527  0.000e+00
        349     13.026     18.893   3231.835   8888.428    11.0587   3.441335     1.2723     0.0073     0.1306     0.0085     1.2723     1.0600     12.917    30.3638    23.1578    1.45890    2.08492     63.680    6.35730    9.08522  0.000e+00
        350     12.937     18.763   3231.772   8888.428    11.0578   3.441335     1.2698     0.0073     0.1294     0.0098     1.2698     1.0393     12.828    30.3646    23.1586    1.45343    2.07710     63.441    6.35740    9.08535  0.000e+00
        351     12.847     18.633   3231.709   8888.241    11.0569   3.441173     1.2686     0.0061     0.1306     0.0085     1.2686     1.0600     12.740    30.3638    23.1581    1.45071    2.07321     63.322    6.35755    9.08558  0.000e+00
        352     12.758     18.503   3231.709   8888.241    11.0569   3.441172     1.2674     0.0073     0.1319     0.0098     1.2674     1.0806     12.651    30.3638    23.1581    1.44796    2.06928     63.202    6.35755    9.08558  0.000e+00
        353     12.623     18.309   3231.709   8888.054    11.0569   3.441010     1.2662     0.0061     0.1306     0.0085     1.2662     1.0600     12.518    30.3623    23.1569    1.44521    2.06535     63.082    6.35761    9.08567  0.000e+00
        354     12.534     18.179   3231.772   8888.240    11.0578   3.441172     1.2650     0.0073     0.1294     0.0098     1.2650     1.0393     12.429    30.3632    23.1574    1.44242    2.06136     62.960    6.35745    9.08544  0.000e+00
        355     12.400     17.984   3231.772   8888.240    11.0578   3.441171     1.2625     0.0073     0.1294     0.0085     1.2625     1.0393     12.296    30.3632    23.1575    1.43692    2.05350     62.720    6.35745    9.08543  0.000e+00
        356     12.310     17.855   3231.772   8888.053    11.0578   3.441009     1.2613     0.0073     0.1294     0.0085     1.2613     1.0393     12.207    30.3617    23.1563    1.43418    2.04958     62.601    6.35751    9.08552  0.000e+00
        357     12.221     17.725   3231.709   8887.866    11.0569   3.440846     1.2589     0.0073     0.1294     0.0085     1.2589     1.0393     12.119    30.3609    23.1558    1.42872    2.04178     62.363    6.35767    9.08575  0.000e+00
        358     12.131     17.595   3231.646   8888.052    11.0560   3.441008     1.2576     0.0073     0.1319     0.0085     1.2576     1.0806     12.030    30.3632    23.1578    1.42597    2.03785     62.242    6.35770    9.08579  0.000e+00
        359     11.997     17.400   3231.709   8887.866    11.0569   3.440846     1.2564     0.0073     0.1319     0.0098     1.2564     1.0806     11.897    30.3609    23.1559    1.42320    2.03390     62.122    6.35767    9.08574  0.000e+00
        360     11.908     17.271   3231.772   8887.679    11.0578   3.440683     1.2552     0.0061     0.1331     0.0085     1.2552     1.1013     11.808    30.3586    23.1539    1.42044    2.02995     62.001    6.35763    9.08569  0.000e+00
        361     11.729     17.011   3231.709   8887.865    11.0569   3.440845     1.2540     0.0073     0.1319     0.0098     1.2540     1.0806     11.631    30.3610    23.1559    1.41768    2.02600     61.880    6.35766    9.08574  0.000e+00
        362     11.684     16.946   3231.646   8887.678    11.0560   3.440683     1.2527     0.0073     0.1319     0.0085     1.2527     1.0806     11.586    30.3602    23.1555    1.41496    2.02212     61.762    6.35782    9.08597  0.000e+00
        363     11.550     16.752   3231.709   8887.491    11.0569   3.440520     1.2515     0.0073     0.1319     0.0098     1.2515     1.0806     11.453    30.3579    23.1535    1.41220    2.01817     61.641    6.35779    9.08592  0.000e+00
        364     11.460     16.622   3231.709   8886.931    11.0569   3.440033     1.2503     0.0073     0.1319     0.0085     1.2503     1.0806     11.365    30.3532    23.1499    1.40948    2.01429     61.523    6.35798    9.08619  0.000e+00
        365     11.282     16.362   3231.625   8886.869    11.0557   3.439979     1.2491     0.0073     0.1331     0.0085     1.2491     1.1013     11.187    30.3538    23.1505    1.40674    2.01038     61.404    6.35813    9.08640  0.000e+00
        366     11.237     16.298   3231.541   8886.809    11.0545   3.439927     1.2491     0.0073     0.1343     0.0085     1.2491     1.1220     11.143    30.3543    23.1511    1.40676    2.01041     61.405    6.35827    9.08661  0.000e+00
        367     11.147     16.168   3231.457   8886.752    11.0532   3.439877     1.2479     0.0073     0.1343     0.0085     1.2479     1.1220     11.054    30.3548    23.1517    1.40404    2.00651     61.286    6.35842    9.08682  0.000e+00
        368     11.013     15.973   3231.457   8886.569    11.0532   3.439718     1.2491     0.0073     0.1331     0.0098     1.2491     1.1013     10.921    30.3533    23.1506    1.40677    2.01041     61.405    6.35848    9.08690  0.000e+00
        369     10.879     15.779   3231.584   8886.386    11.0551   3.439559     1.2454     0.0073     0.1306     0.0085     1.2454     1.0600     10.788    30.3503    23.1479    1.39850    1.99860     61.044    6.35835    9.08671  0.000e+00
        370     10.790     15.649   3231.521   8886.017    11.0542   3.439238     1.2466     0.0061     0.1319     0.0085     1.2466     1.0806     10.699    30.3479    23.1462    1.40127    2.00256     61.165    6.35857    9.08703  0.000e+00
        371     10.700     15.519   3231.522   8885.834    11.0542   3.439079     1.2466     0.0073     0.1319     0.0085     1.2466     1.0806     10.611    30.3464    23.1450    1.40127    2.00255     61.165    6.35863    9.08711  0.000e+00
        372     10.566     15.325   3231.459   8885.465    11.0533   3.438758     1.2454     0.0073     0.1294     0.0085     1.2454     1.0393     10.478    30.3441    23.1434    1.39855    1.99867     61.046    6.35885    9.08743  0.000e+00
        373     10.476     15.195   3231.459   8885.095    11.0533   3.438436     1.2454     0.0073     0.1294     0.0085     1.2454     1.0393     10.389    30.3410    23.1410    1.39856    1.99868     61.047    6.35897    9.08761  0.000e+00
        374     10.387     15.065   3231.396   8884.539    11.0524   3.437953     1.2442     0.0061     0.1306     0.0085     1.2442     1.0600     10.300    30.3370    23.1381    1.39587    1.99484     60.930    6.35926    9.08801  0.000e+00
        375     10.298     14.935   3231.397   8884.356    11.0524   3.437794     1.2454     0.0073     0.1319     0.0098     1.2454     1.0806     10.212    30.3355    23.1369    1.39860    1.99874     61.049    6.35932    9.08810  0.000e+00
        376     10.163     14.741   3231.397   8883.800    11.0524   3.437311     1.2442     0.0061     0.1306     0.0085     1.2442     1.0600     10.078    30.3308    23.1332    1.39588    1.99485     60.930    6.35950    9.08837  0.000e+00
        377     10.074     14.611   3231.334   8883.617    11.0515   3.437152     1.2466     0.0073     0.1319     0.0085     1.2466     1.0806      9.990    30.3300    23.1328    1.40137    2.00270     61.170    6.35966    9.08859  0.000e+00
        378      9.940     14.416   3231.208   8883.247    11.0496   3.436830     1.2454     0.0061     0.1306     0.0085     1.2454     1.0600      9.857    30.3285    23.1319    1.39867    1.99885     61.053    6.35998    9.08904  0.000e+00
        379      9.850     14.287   3231.272   8882.691    11.0505   3.436347     1.2442     0.0073     0.1294     0.0085     1.2442     1.0393      9.768    30.3230    23.1275    1.39594    1.99494     60.934    6.36007    9.08917  0.000e+00
        380      9.716     14.092   3231.272   8882.135    11.0505   3.435863     1.2442     0.0061     0.1319     0.0085     1.2442     1.0806      9.635    30.3183    23.1238    1.39596    1.99496     60.934    6.36025    9.08944  0.000e+00
        381      9.627     13.962   3231.146   8882.325    11.0487   3.436029     1.2430     0.0061     0.1294     0.0085     1.2430     1.0393      9.546    30.3215    23.1266    1.39323    1.99106     60.815    6.36038    9.08962  0.000e+00
        382      9.537     13.832   3231.083   8881.209    11.0478   3.435059     1.2418     0.0073     0.1343     0.0085     1.2418     1.1220      9.458    30.3128    23.1200    1.39058    1.98727     60.700    6.36086    9.09030  0.000e+00
        383      9.403     13.638   3231.020   8881.213    11.0469   3.435062     1.2405     0.0073     0.1331     0.0085     1.2405     1.1013      9.324    30.3136    23.1208    1.38783    1.98335     60.580    6.36095    9.09043  0.000e+00
        384      9.358     13.573   3230.957   8880.656    11.0460   3.434579     1.2405     0.0073     0.1331     0.0085     1.2405     1.1013      9.280    30.3097    23.1179    1.38788    1.98342     60.582    6.36123    9.09084  0.000e+00
        385      9.224     13.378   3230.894   8879.913    11.0451   3.433933     1.2405     0.0073     0.1331     0.0085     1.2405     1.1013      9.147    30.3041    23.1138    1.38793    1.98349     60.585    6.36158    9.09134  0.000e+00
        386      9.135     13.249   3230.895   8878.796    11.0451   3.432962     1.2393     0.0073     0.1294     0.0085     1.2393     1.0393      9.058    30.2947    23.1064    1.38526    1.97968     60.469    6.36196    9.09188  0.000e+00
        387      8.956     12.989   3230.832   8877.492    11.0442   3.431830     1.2381     0.0073     0.1331     0.0098     1.2381     1.1013      8.881    30.2844    23.0986    1.38260    1.97588     60.353    6.36250    9.09265  0.000e+00
        388      8.822     12.795   3230.706   8876.001    11.0423   3.430535     1.2369     0.0073     0.1306     0.0085     1.2369     1.0600      8.748    30.2733    23.0903    1.37999    1.97214     60.239    6.36320    9.09365  0.000e+00
        389      8.822     12.795   3230.706   8876.753    11.0423   3.431187     1.2357     0.0073     0.1282     0.0085     1.2357     1.0187      8.748    30.2797    23.0952    1.37720    1.96815     60.117    6.36294    9.09328  0.000e+00
        390      8.687     12.600   3230.580   8876.756    11.0405   3.431191     1.2344     0.0073     0.1306     0.0085     1.2344     1.0600      8.615    30.2813    23.0968    1.37447    1.96426     59.998    6.36313    9.09355  0.000e+00
        391      8.508     12.341   3230.454   8875.079    11.0387   3.429734     1.2332     0.0073     0.1331     0.0085     1.2332     1.1013      8.437    30.2686    23.0872    1.37186    1.96053     59.885    6.36389    9.09464  0.000e+00
        392      8.464     12.276   3230.454   8875.082    11.0387   3.429737     1.2320     0.0073     0.1306     0.0085     1.2320     1.0600      8.393    30.2686    23.0873    1.36911    1.95660     59.765    6.36389    9.09464  0.000e+00
        393      8.330     12.081   3230.202   8876.955    11.0350   3.431363     1.2308     0.0061     0.1294     0.0085     1.2308     1.0393      8.260    30.2876    23.1026    1.36629    1.95256     59.641    6.36364    9.09427  0.000e+00
        394      8.598     12.470   3230.834   8876.211    11.0442   3.430717     1.2295     0.0073     0.1306     0.0085     1.2295     1.0600      8.526    30.2736    23.0902    1.36347    1.94853     59.518    6.36293    9.09326  0.000e+00
        395      8.553     12.405   3230.582   8875.094    11.0405   3.429747     1.2271     0.0073     0.1294     0.0085     1.2271     1.0393      8.482    30.2672    23.0858    1.35814    1.94092     59.286    6.36369    9.09435  0.000e+00
