unitTesting/processed_seabird_noalign/ORCA1_CAST0020.cnv
* Sea-Bird SBE 19 Data File:
* FileName =
* Software Version 4.234
* Temperature SN = 2835
* Conductivity SN = 2835
* System UpLoad Time = Sun Jan 23 23:57:17 2005

** Ship: ORCA
** Cruise: Mooring
** Station: Twanoh
** Latitude: 47 22.5
** Longitude: 123 0.5
# nquan = 22
# nvalues = 908                                   
# units = specified
# name 0 = scan: Scan Count
# name 1 = prSM: Pressure, Strain Gauge [db]
# name 2 = prSE: Pressure, Strain Gauge [psi]
# name 3 = f0: Frequency 0
# name 4 = f1: Frequency 1
# name 5 = t090C: Temperature [ITS-90, deg C]
# name 6 = c0S/m: Conductivity [S/m]
# name 7 = v0: Voltage 0
# name 8 = v1: Voltage 1
# name 9 = v2: Voltage 2
# name 10 = v3: Voltage 3
# name 11 = sbeox0V: Oxygen raw, SBE 43 [V]
# name 12 = wetStar: Fluorescence, WET Labs WETstar [mg/m^3]
# name 13 = depSM: Depth [salt water, m], lat = 47.28
# name 14 = sal00: Salinity, Practical [PSU]
# name 15 = sigma-t00: Density [sigma-t, Kg/m^3 ]
# name 16 = sbeox0ML/L: Oxygen, SBE 43 [ml/l]
# name 17 = sbeox0Mg/L: Oxygen, SBE 43 [mg/l]
# name 18 = sbeox0Mm/Kg: Oxygen, SBE 43 [umol/Kg]
# name 19 = oxsatML/L: Oxygen Saturation, Weiss [ml/l]
# name 20 = oxsatMg/L: Oxygen Saturation, Weiss [mg/l]
# name 21 = flag:  0.000e+00
# span 0 =          1,        908                 
# span 1 =      0.996,     29.627                 
# span 2 =      1.444,     42.970                 
# span 3 =   3071.824,   3233.278                 
# span 4 =   7308.606,   8905.210                 
# span 5 =     8.6960,    11.0796                 
# span 6 =   2.191069,   3.455949                 
# span 7 =     0.0000,     3.1734                 
# span 8 =     0.0000,     0.0073                 
# span 9 =     0.0000,     0.3700                 
# span 10 =     0.0000,     0.0098                
# span 11 =     0.0000,     3.1734                
# span 12 =    -1.1506,     5.1092                
# span 13 =      0.988,     29.378                
# span 14 =    19.7252,    30.4985                
# span 15 =    15.2243,    23.2621                
# span 16 =   -1.39596,    6.29798                
# span 17 =   -1.99497,    9.00045                
# span 18 =    -60.940,    276.868                
# span 19 =    6.35162,    7.17336                
# span 20 =    9.07710,   10.25145                
# span 21 = 0.0000e+00, 0.0000e+00                
# interval = seconds: 0.5
# start_time = Jan 31 2016 20:27:15 [DatCnv date, localtime]
# bad_flag = -9.990e-29
*END*
[from data line 791]
        792     29.627     42.970   3232.104   8897.385    11.0626   3.449134     1.1807     0.0073     0.1331     0.0085     1.1807     1.1013     29.378    30.4303    23.2088    1.25580    1.79467     54.812    6.35410    9.08064  0.000e+00
        793     29.582     42.905   3231.978   8905.210    11.0608   3.455949     1.1819     0.0073     0.1343     0.0085     1.1819     1.1220     29.334    30.4985    23.2621    1.25804    1.79787     54.907    6.35162    9.07710  0.000e+00
        794     29.537     42.840   3231.661   8896.639    11.0562   3.448485     1.1819     0.0073     0.1343     0.0085     1.1819     1.1220     29.289    30.4293    23.2091    1.25870    1.79881     54.938    6.35503    9.08197  0.000e+00
        795     29.448     42.710   3232.104   8897.385    11.0626   3.449134     1.1795     0.0073     0.1343     0.0085     1.1795     1.1220     29.200    30.4304    23.2088    1.25303    1.79070     54.691    6.35410    9.08064  0.000e+00
        796     29.403     42.645   3232.040   8897.199    11.0617   3.448972     1.1807     0.0073     0.1392     0.0085     1.1807     1.2046     29.156    30.4296    23.2084    1.25579    1.79465     54.812    6.35426    9.08087  0.000e+00
        797     29.313     42.516   3231.914   8897.385    11.0599   3.449134     1.1795     0.0073     0.1343     0.0085     1.1795     1.1220     29.067    30.4327    23.2111    1.25306    1.79074     54.692    6.35438    9.08105  0.000e+00
        798     29.224     42.386   3231.977   8897.199    11.0608   3.448972     1.1795     0.0061     0.1343     0.0085     1.1795     1.1220     28.979    30.4304    23.2092    1.25304    1.79072     54.691    6.35435    9.08100  0.000e+00
        799     29.134     42.256   3231.976   8897.386    11.0608   3.449134     1.1795     0.0073     0.1355     0.0098     1.1795     1.1426     28.890    30.4320    23.2104    1.25301    1.79068     54.690    6.35428    9.08091  0.000e+00
        800     28.955     41.996   3231.976   8897.199    11.0608   3.448972     1.1795     0.0061     0.1331     0.0085     1.1795     1.1013     28.712    30.4305    23.2093    1.25299    1.79065     54.689    6.35435    9.08100  0.000e+00
        801     28.866     41.866   3231.913   8897.013    11.0598   3.448810     1.1795     0.0073     0.1343     0.0085     1.1795     1.1220     28.624    30.4297    23.2088    1.25301    1.79067     54.690    6.35450    9.08122  0.000e+00
        802     28.776     41.737   3232.039   8897.013    11.0617   3.448810     1.1795     0.0073     0.1343     0.0085     1.1795     1.1220     28.535    30.4282    23.2073    1.25296    1.79060     54.688    6.35431    9.08095  0.000e+00
        803     28.687     41.607   3232.039   8897.200    11.0617   3.448972     1.1795     0.0073     0.1343     0.0085     1.1795     1.1220     28.446    30.4299    23.2086    1.25293    1.79056     54.687    6.35425    9.08085  0.000e+00
        804     28.597     41.477   3231.975   8897.200    11.0608   3.448972     1.1795     0.0073     0.1343     0.0085     1.1795     1.1220     28.357    30.4307    23.2094    1.25293    1.79056     54.687    6.35434    9.08099  0.000e+00
        805     28.508     41.347   3231.975   8896.827    11.0607   3.448648     1.1783     0.0073     0.1380     0.0085     1.1783     1.1839     28.269    30.4275    23.2070    1.25020    1.78666     54.567    6.35447    9.08117  0.000e+00
        806     28.418     41.217   3232.038   8896.827    11.0617   3.448648     1.1770     0.0073     0.1331     0.0085     1.1770     1.1013     28.180    30.4268    23.2062    1.24742    1.78269     54.446    6.35437    9.08103  0.000e+00
        807     28.374     41.152   3232.038   8896.827    11.0617   3.448648     1.1783     0.0073     0.1331     0.0085     1.1783     1.1013     28.135    30.4268    23.2063    1.25016    1.78660     54.566    6.35437    9.08103  0.000e+00
        808     28.284     41.023   3231.911   8897.014    11.0598   3.448810     1.1783     0.0073     0.1331     0.0085     1.1783     1.1013     28.047    30.4300    23.2090    1.25016    1.78661     54.566    6.35450    9.08121  0.000e+00
        809     28.195     40.893   3231.911   8896.641    11.0598   3.448486     1.1783     0.0073     0.1331     0.0085     1.1783     1.1013     27.958    30.4268    23.2066    1.25017    1.78662     54.566    6.35462    9.08139  0.000e+00
        810     28.105     40.763   3231.911   8896.641    11.0598   3.448486     1.1795     0.0073     0.1343     0.0085     1.1795     1.1220     27.869    30.4269    23.2066    1.25290    1.79052     54.685    6.35462    9.08139  0.000e+00
        811     28.015     40.633   3231.911   8896.455    11.0598   3.448323     1.1807     0.0073     0.1355     0.0085     1.1807     1.1426     27.780    30.4253    23.2054    1.25564    1.79443     54.805    6.35469    9.08148  0.000e+00
        812     27.926     40.503   3231.974   8896.455    11.0607   3.448323     1.1807     0.0061     0.1343     0.0085     1.1807     1.1220     27.692    30.4246    23.2047    1.25561    1.79439     54.804    6.35459    9.08134  0.000e+00
        813     27.836     40.373   3231.974   8896.268    11.0607   3.448161     1.1807     0.0073     0.1343     0.0085     1.1807     1.1220     27.603    30.4230    23.2035    1.25560    1.79438     54.804    6.35465    9.08143  0.000e+00
        814     27.747     40.244   3231.910   8895.896    11.0598   3.447837     1.1819     0.0073     0.1368     0.0085     1.1819     1.1633     27.514    30.4207    23.2018    1.25837    1.79834     54.925    6.35487    9.08175  0.000e+00
        815     27.657     40.114   3231.910   8896.269    11.0598   3.448161     1.1807     0.0073     0.1331     0.0085     1.1807     1.1013     27.425    30.4239    23.2043    1.25559    1.79436     54.803    6.35474    9.08156  0.000e+00
        816     27.568     39.984   3231.910   8896.082    11.0598   3.447999     1.1807     0.0073     0.1331     0.0085     1.1807     1.1013     27.337    30.4223    23.2031    1.25559    1.79436     54.803    6.35481    9.08165  0.000e+00
        817     27.478     39.854   3231.909   8896.455    11.0598   3.448324     1.1807     0.0073     0.1343     0.0085     1.1807     1.1220     27.248    30.4255    23.2056    1.25555    1.79430     54.801    6.35468    9.08147  0.000e+00
        818     27.389     39.724   3231.909   8896.083    11.0598   3.447999     1.1807     0.0061     0.1343     0.0085     1.1807     1.1220     27.159    30.4224    23.2031    1.25556    1.79432     54.802    6.35480    9.08165  0.000e+00
        819     27.344     39.659   3231.909   8895.896    11.0598   3.447837     1.1819     0.0073     0.1343     0.0085     1.1819     1.1220     27.115    30.4208    23.2019    1.25830    1.79824     54.921    6.35487    9.08174  0.000e+00
        820     27.255     39.529   3231.909   8895.710    11.0598   3.447675     1.1832     0.0073     0.1355     0.0085     1.1832     1.1426     27.026    30.4193    23.2007    1.26104    1.80215     55.041    6.35493    9.08183  0.000e+00
        821     27.165     39.400   3231.909   8895.896    11.0598   3.447837     1.1832     0.0061     0.1343     0.0085     1.1832     1.1220     26.937    30.4209    23.2020    1.26101    1.80211     55.040    6.35487    9.08174  0.000e+00
        822     27.076     39.270   3231.845   8895.896    11.0589   3.447837     1.1832     0.0073     0.1343     0.0085     1.1832     1.1220     26.848    30.4217    23.2028    1.26102    1.80212     55.040    6.35496    9.08187  0.000e+00
        823     26.986     39.140   3231.908   8895.710    11.0598   3.447675     1.1856     0.0073     0.1343     0.0085     1.1856     1.1220     26.760    30.4194    23.2008    1.26648    1.80992     55.278    6.35493    9.08183  0.000e+00
        824     26.897     39.010   3231.908   8895.710    11.0598   3.447675     1.1844     0.0073     0.1343     0.0085     1.1844     1.1220     26.671    30.4194    23.2008    1.26372    1.80598     55.158    6.35493    9.08182  0.000e+00
        825     26.807     38.880   3231.908   8895.710    11.0598   3.447675     1.1844     0.0061     0.1331     0.0085     1.1844     1.1013     26.582    30.4195    23.2009    1.26371    1.80596     55.157    6.35492    9.08182  0.000e+00
        826     26.718     38.751   3231.971   8895.710    11.0607   3.447675     1.1844     0.0073     0.1331     0.0085     1.1844     1.1013     26.493    30.4188    23.2002    1.26367    1.80591     55.156    6.35483    9.08168  0.000e+00
        827     26.583     38.556   3231.971   8895.711    11.0607   3.447675     1.1856     0.0061     0.1343     0.0085     1.1856     1.1220     26.360    30.4188    23.2002    1.26639    1.80980     55.275    6.35482    9.08168  0.000e+00
        828     26.539     38.491   3231.907   8895.897    11.0598   3.447838     1.1868     0.0073     0.1355     0.0085     1.1868     1.1426     26.316    30.4212    23.2022    1.26913    1.81371     55.394    6.35486    9.08173  0.000e+00
        829     26.494     38.426   3231.781   8895.524    11.0579   3.447513     1.1868     0.0073     0.1355     0.0085     1.1868     1.1426     26.272    30.4196    23.2012    1.26918    1.81379     55.396    6.35518    9.08218  0.000e+00
        830     26.404     38.296   3231.907   8895.711    11.0598   3.447675     1.1868     0.0073     0.1368     0.0085     1.1868     1.1633     26.183    30.4197    23.2010    1.26912    1.81370     55.394    6.35492    9.08181  0.000e+00
        831     26.315     38.166   3231.970   8895.711    11.0607   3.447675     1.1868     0.0073     0.1343     0.0085     1.1868     1.1220     26.094    30.4189    23.2003    1.26908    1.81365     55.392    6.35482    9.08168  0.000e+00
        832     26.180     37.972   3231.843   8895.338    11.0588   3.447351     1.1868     0.0073     0.1331     0.0098     1.1868     1.1013     25.961    30.4173    23.1994    1.26912    1.81370     55.394    6.35514    9.08213  0.000e+00
        833     26.046     37.777   3231.906   8895.338    11.0597   3.447351     1.1880     0.0073     0.1343     0.0085     1.1880     1.1220     25.828    30.4166    23.1987    1.27182    1.81756     55.512    6.35504    9.08199  0.000e+00
        834     26.001     37.712   3231.843   8895.338    11.0588   3.447351     1.1880     0.0061     0.1331     0.0085     1.1880     1.1013     25.783    30.4174    23.1994    1.27183    1.81757     55.512    6.35514    9.08213  0.000e+00
        835     25.867     37.517   3231.843   8895.338    11.0588   3.447351     1.1893     0.0073     0.1331     0.0098     1.1893     1.1013     25.650    30.4175    23.1995    1.27455    1.82146     55.631    6.35514    9.08212  0.000e+00
        836     25.778     37.387   3231.969   8894.966    11.0607   3.447027     1.1880     0.0073     0.1319     0.0085     1.1880     1.0806     25.561    30.4128    23.1955    1.27178    1.81750     55.510    6.35507    9.08203  0.000e+00
        837     25.688     37.258   3231.905   8895.339    11.0597   3.447351     1.1905     0.0073     0.1319     0.0085     1.1905     1.0806     25.473    30.4168    23.1988    1.27724    1.82531     55.748    6.35504    9.08198  0.000e+00
        838     25.599     37.128   3231.905   8895.152    11.0597   3.447189     1.1893     0.0073     0.1331     0.0085     1.1893     1.1013     25.384    30.4152    23.1976    1.27450    1.82138     55.629    6.35510    9.08207  0.000e+00
        839     25.509     36.998   3231.905   8895.152    11.0597   3.447189     1.1893     0.0073     0.1331     0.0085     1.1893     1.1013     25.295    30.4153    23.1976    1.27448    1.82136     55.628    6.35510    9.08207  0.000e+00
        840     25.420     36.868   3231.905   8895.152    11.0597   3.447189     1.1880     0.0073     0.1343     0.0085     1.1880     1.1220     25.206    30.4153    23.1976    1.27173    1.81742     55.508    6.35510    9.08207  0.000e+00
        841     25.330     36.738   3231.905   8895.153    11.0597   3.447189     1.1893     0.0073     0.1343     0.0085     1.1893     1.1220     25.118    30.4154    23.1977    1.27445    1.82132     55.627    6.35510    9.08207  0.000e+00
        842     25.241     36.608   3231.968   8894.966    11.0606   3.447027     1.1893     0.0073     0.1343     0.0085     1.1893     1.1220     25.029    30.4131    23.1957    1.27443    1.82129     55.626    6.35506    9.08202  0.000e+00
        843     25.151     36.479   3231.967   8894.780    11.0606   3.446865     1.1880     0.0061     0.1331     0.0085     1.1880     1.1013     24.940    30.4115    23.1945    1.27169    1.81737     55.506    6.35512    9.08211  0.000e+00
        844     25.062     36.349   3231.904   8894.593    11.0597   3.446703     1.1880     0.0073     0.1331     0.0085     1.1880     1.1013     24.851    30.4107    23.1941    1.27170    1.81739     55.507    6.35528    9.08234  0.000e+00
        845     24.972     36.219   3231.841   8894.656    11.0588   3.446757     1.1868     0.0073     0.1331     0.0085     1.1868     1.1013     24.763    30.4120    23.1953    1.26896    1.81347     55.387    6.35536    9.08244  0.000e+00
        846     24.927     36.154   3231.777   8894.718    11.0579   3.446811     1.1868     0.0061     0.1343     0.0073     1.1868     1.1220     24.718    30.4133    23.1964    1.26896    1.81348     55.387    6.35543    9.08255  0.000e+00
        847     24.793     35.959   3231.714   8894.780    11.0570   3.446865     1.1868     0.0073     0.1343     0.0085     1.1868     1.1220     24.585    30.4147    23.1976    1.26895    1.81346     55.387    6.35551    9.08265  0.000e+00
        848     24.704     35.830   3231.714   8894.407    11.0570   3.446540     1.1893     0.0073     0.1355     0.0098     1.1893     1.1426     24.496    30.4115    23.1952    1.27445    1.82131     55.626    6.35563    9.08283  0.000e+00
        849     24.614     35.700   3231.714   8894.594    11.0570   3.446703     1.1880     0.0073     0.1331     0.0085     1.1880     1.1013     24.408    30.4132    23.1965    1.27168    1.81735     55.505    6.35557    9.08274  0.000e+00
        850     24.525     35.570   3231.841   8894.407    11.0588   3.446540     1.1893     0.0061     0.1319     0.0085     1.1893     1.0806     24.319    30.4101    23.1937    1.27438    1.82121     55.624    6.35544    9.08255  0.000e+00
        851     24.435     35.440   3231.841   8894.594    11.0588   3.446702     1.1905     0.0073     0.1355     0.0085     1.1905     1.1426     24.230    30.4117    23.1950    1.27709    1.82509     55.742    6.35537    9.08246  0.000e+00
        852     24.346     35.310   3231.714   8894.221    11.0570   3.446378     1.1905     0.0061     0.1355     0.0085     1.1905     1.1426     24.142    30.4101    23.1941    1.27714    1.82515     55.744    6.35569    9.08292  0.000e+00
        853     24.211     35.116   3231.651   8894.221    11.0560   3.446378     1.1917     0.0073     0.1331     0.0085     1.1917     1.1013     24.008    30.4109    23.1949    1.27987    1.82906     55.863    6.35578    9.08305  0.000e+00
        854     24.167     35.051   3231.841   8894.221    11.0588   3.446378     1.1917     0.0073     0.1343     0.0085     1.1917     1.1220     23.964    30.4087    23.1926    1.27981    1.82898     55.861    6.35549    9.08264  0.000e+00
        855     24.077     34.921   3231.714   8894.407    11.0570   3.446540     1.1929     0.0073     0.1319     0.0085     1.1929     1.0806     23.875    30.4118    23.1954    1.28256    1.83290     55.980    6.35562    9.08282  0.000e+00
