unitTesting/processed_seabird_noalign/ORCA1_CAST0039.cnv
* Sea-Bird SBE 19 Data File:
* FileName =
* Software Version 4.234
* Temperature SN = 2835
* Conductivity SN = 2835
* System UpLoad Time = Fri Jan 28 18:07:32 2005

** Ship: ORCA
** Cruise: Mooring
** Station: Twanoh
** Latitude: 47 22.5
** Longitude: 123 0.5
# nquan = 22
# nvalues = 925                                   
# units = specified
# name 0 = scan: Scan Count
# name 1 = prSM: Pressure, Strain Gauge [db]
# name 2 = prSE: Pressure, Strain Gauge [psi]
# name 3 = f0: Frequency 0
# name 4 = f1: Frequency 1
# name 5 = t090C: Temperature [ITS-90, deg C]
# name 6 = c0S/m: Conductivity [S/m]
# name 7 = v0: Voltage 0
# name 8 = v1: Voltage 1
# name 9 = v2: Voltage 2
# name 10 = v3: Voltage 3
# name 11 = sbeox0V: Oxygen raw, SBE 43 [V]
# name 12 = wetStar: Fluorescence, WET Labs WETstar [mg/m^3]
# name 13 = depSM: Depth [salt water, m], lat = 47.28
# name 14 = sal00: Salinity, Practical [PSU]
# name 15 = sigma-t00: Density [sigma-t, Kg/m^3 ]
# name 16 = sbeox0ML/L: Oxygen, SBE 43 [ml/l]
# name 17 = sbeox0Mg/L: Oxygen, SBE 43 [mg/l]
# name 18 = sbeox0Mm/Kg: Oxygen, SBE 43 [umol/Kg]
# name 19 = oxsatML/L: Oxygen Saturation, Weiss [ml/l]
# name 20 = oxsatMg/L: Oxygen Saturation, Weiss [mg/l]
# name 21 = flag:  0.000e+00
# span 0 =          1,        925                 
# span 1 =      0.951,     29.627                 
# span 2 =      1.380,     42.970                 
# span 3 =   3069.976,   3233.284                 
# span 4 =   7083.643,   8897.883                 
# span 5 =     8.6682,    11.0797                 
# span 6 =   2.033118,   3.449568                 
# span 7 =     0.0000,     2.8425                 
# span 8 =     0.0000,     0.0073                 
# span 9 =     0.0000,     0.3065                 
# span 10 =     0.0000,     0.0098                
# span 11 =     0.0000,     2.8425                
# span 12 =    -1.1506,     4.0349                
# span 13 =      0.943,     29.378                
# span 14 =    18.1850,    30.4651                
# span 15 =    14.0246,    23.2422                
# span 16 =   -1.39674,    5.56255                
# span 17 =   -1.99608,    7.94943                
# span 18 =    -60.978,    244.878                
# span 19 =    6.35780,    7.24814                
# span 20 =    9.08594,   10.35832                
# span 21 = 0.0000e+00, 0.0000e+00                
# interval = seconds: 0.5
# start_time = Jan 31 2016 20:27:31 [DatCnv date, localtime]
# bad_flag = -9.990e-29
*END*
[from data line 132]
        133     18.931     27.458   3231.447   8870.683    11.0531   3.425922     0.9988     0.0073     0.1355     0.0085     0.9988     1.1426     18.773    30.2153    23.0433    0.84734    1.21093     36.990    6.36403    9.09484  0.000e+00
        134     18.931     27.458   3231.448   8870.687    11.0531   3.425925     1.0000     0.0073     0.1355     0.0085     1.0000     1.1426     18.773    30.2153    23.0433    0.85008    1.21485     37.109    6.36403    9.09484  0.000e+00
        135     18.976     27.522   3231.448   8870.878    11.0531   3.426090     1.0024     0.0073     0.1343     0.0085     1.0024     1.1220     18.817    30.2169    23.0446    0.85556    1.22268     37.349    6.36397    9.09474  0.000e+00
        136     18.931     27.458   3231.512   8870.694    11.0540   3.425931     1.0024     0.0073     0.1355     0.0085     1.0024     1.1426     18.773    30.2146    23.0426    0.85555    1.22267     37.348    6.36393    9.09469  0.000e+00
        137     18.976     27.522   3231.450   8870.698    11.0531   3.425934     1.0024     0.0073     0.1355     0.0085     1.0024     1.1426     18.817    30.2154    23.0434    0.85557    1.22269     37.349    6.36403    9.09483  0.000e+00
        138     18.976     27.522   3231.387   8870.888    11.0522   3.426099     1.0037     0.0061     0.1343     0.0085     1.0037     1.1220     18.817    30.2177    23.0454    0.85831    1.22661     37.469    6.36406    9.09487  0.000e+00
        139     18.976     27.522   3231.451   8870.892    11.0531   3.426102     1.0049     0.0073     0.1355     0.0085     1.0049     1.1426     18.817    30.2170    23.0446    0.86104    1.23052     37.588    6.36396    9.09473  0.000e+00
        140     18.931     27.458   3231.452   8870.895    11.0532   3.426106     1.0061     0.0073     0.1355     0.0085     1.0061     1.1426     18.773    30.2170    23.0447    0.86378    1.23443     37.707    6.36395    9.09473  0.000e+00
        141     18.931     27.458   3231.452   8870.712    11.0532   3.425946     1.0073     0.0073     0.1355     0.0085     1.0073     1.1426     18.773    30.2155    23.0434    0.86653    1.23836     37.828    6.36402    9.09482  0.000e+00
        142     18.931     27.458   3231.453   8870.902    11.0532   3.426112     1.0073     0.0073     0.1355     0.0085     1.0073     1.1426     18.773    30.2171    23.0447    0.86652    1.23834     37.827    6.36395    9.09472  0.000e+00
        143     18.976     27.522   3231.390   8870.719    11.0523   3.425953     1.0073     0.0061     0.1343     0.0085     1.0073     1.1220     18.817    30.2163    23.0442    0.86655    1.23838     37.828    6.36411    9.09495  0.000e+00
        144     18.976     27.522   3231.391   8870.723    11.0523   3.425956     1.0098     0.0073     0.1368     0.0085     1.0098     1.1633     18.817    30.2163    23.0442    0.87203    1.24622     38.068    6.36411    9.09495  0.000e+00
        145     18.976     27.522   3231.455   8870.726    11.0532   3.425959     1.0085     0.0073     0.1355     0.0085     1.0085     1.1426     18.817    30.2156    23.0435    0.86928    1.24228     37.947    6.36401    9.09480  0.000e+00
        146     18.976     27.522   3231.455   8870.730    11.0532   3.425962     1.0098     0.0073     0.1355     0.0085     1.0098     1.1426     18.817    30.2156    23.0435    0.87202    1.24620     38.067    6.36401    9.09480  0.000e+00
        147     18.976     27.522   3231.393   8870.920    11.0523   3.426127     1.0073     0.0073     0.1355     0.0085     1.0073     1.1426     18.817    30.2179    23.0455    0.86654    1.23837     37.828    6.36404    9.09485  0.000e+00
        148     18.976     27.522   3231.457   8870.924    11.0532   3.426130     1.0098     0.0061     0.1355     0.0085     1.0098     1.1426     18.817    30.2172    23.0448    0.87201    1.24619     38.067    6.36394    9.09470  0.000e+00
        149     18.976     27.522   3231.394   8870.741    11.0523   3.425971     1.0110     0.0073     0.1355     0.0085     1.0110     1.1426     18.817    30.2164    23.0443    0.87477    1.25014     38.187    6.36410    9.09493  0.000e+00
        150     18.931     27.458   3231.458   8870.744    11.0532   3.425974     1.0122     0.0061     0.1453     0.0085     1.0122     1.3079     18.773    30.2157    23.0436    0.87750    1.25403     38.306    6.36400    9.09479  0.000e+00
        151     18.931     27.458   3231.395   8870.935    11.0523   3.426140     1.0122     0.0061     0.1368     0.0085     1.0122     1.1633     18.773    30.2180    23.0456    0.87750    1.25403     38.306    6.36403    9.09483  0.000e+00
        152     18.931     27.458   3231.459   8870.751    11.0533   3.425980     1.0110     0.0073     0.1380     0.0085     1.0110     1.1839     18.773    30.2157    23.0436    0.87475    1.25011     38.187    6.36399    9.09478  0.000e+00
        153     18.931     27.458   3231.460   8870.942    11.0533   3.426146     1.0122     0.0073     0.1355     0.0085     1.0122     1.1426     18.773    30.2173    23.0449    0.87749    1.25402     38.306    6.36393    9.09469  0.000e+00
        154     18.976     27.522   3231.397   8870.945    11.0524   3.426149     1.0122     0.0073     0.1343     0.0085     1.0122     1.1220     18.817    30.2181    23.0456    0.87750    1.25404     38.306    6.36402    9.09482  0.000e+00
        155     18.931     27.458   3231.398   8870.762    11.0524   3.425990     1.0122     0.0061     0.1355     0.0085     1.0122     1.1426     18.773    30.2166    23.0444    0.87751    1.25404     38.307    6.36408    9.09491  0.000e+00
        156     18.931     27.458   3231.335   8870.765    11.0515   3.425993     1.0134     0.0073     0.1343     0.0085     1.0134     1.1220     18.773    30.2173    23.0452    0.88026    1.25798     38.427    6.36418    9.09505  0.000e+00
        157     18.931     27.458   3231.336   8870.769    11.0515   3.425996     1.0134     0.0073     0.1380     0.0085     1.0134     1.1839     18.773    30.2173    23.0452    0.88026    1.25798     38.427    6.36418    9.09504  0.000e+00
        158     18.976     27.522   3231.400   8870.960    11.0524   3.426161     1.0147     0.0073     0.1380     0.0085     1.0147     1.1839     18.817    30.2182    23.0457    0.88299    1.26188     38.546    6.36401    9.09481  0.000e+00
        159     18.976     27.522   3231.337   8870.776    11.0515   3.426002     1.0134     0.0073     0.1355     0.0085     1.0134     1.1426     18.817    30.2174    23.0452    0.88027    1.25799     38.427    6.36417    9.09504  0.000e+00
        160     18.976     27.522   3231.338   8870.780    11.0515   3.426005     1.0147     0.0061     0.1355     0.0085     1.0147     1.1426     18.817    30.2174    23.0452    0.88301    1.26191     38.547    6.36417    9.09503  0.000e+00
        161     18.976     27.522   3231.402   8870.596    11.0524   3.425846     1.0147     0.0073     0.1355     0.0085     1.0147     1.1426     18.817    30.2151    23.0433    0.88300    1.26190     38.547    6.36413    9.09498  0.000e+00
        162     18.931     27.458   3231.276   8870.413    11.0506   3.425687     1.0147     0.0061     0.1380     0.0085     1.0147     1.1839     18.773    30.2150    23.0435    0.88303    1.26194     38.548    6.36439    9.09535  0.000e+00
        163     18.976     27.522   3231.340   8870.603    11.0515   3.425852     1.0147     0.0073     0.1355     0.0085     1.0147     1.1426     18.817    30.2159    23.0440    0.88302    1.26192     38.547    6.36423    9.09512  0.000e+00
        164     18.976     27.522   3231.340   8870.607    11.0515   3.425855     1.0159     0.0073     0.1355     0.0085     1.0159     1.1426     18.817    30.2159    23.0441    0.88576    1.26584     38.667    6.36422    9.09511  0.000e+00
        165     18.976     27.522   3231.341   8870.237    11.0515   3.425534     1.0171     0.0073     0.1368     0.0085     1.0171     1.1633     18.817    30.2128    23.0416    0.88852    1.26978     38.787    6.36435    9.09529  0.000e+00
        166     18.931     27.458   3231.278   8870.427    11.0506   3.425699     1.0159     0.0073     0.1355     0.0085     1.0159     1.1426     18.773    30.2151    23.0436    0.88577    1.26586     38.668    6.36438    9.09533  0.000e+00
        167     18.976     27.522   3231.279   8870.618    11.0506   3.425865     1.0171     0.0073     0.1368     0.0085     1.0171     1.1633     18.817    30.2167    23.0449    0.88851    1.26977     38.787    6.36431    9.09524  0.000e+00
        168     18.976     27.522   3231.343   8870.621    11.0516   3.425868     1.0159     0.0073     0.1380     0.0085     1.0159     1.1839     18.817    30.2160    23.0441    0.88576    1.26583     38.667    6.36422    9.09510  0.000e+00
        169     18.931     27.458   3231.217   8870.625    11.0498   3.425871     1.0159     0.0073     0.1368     0.0085     1.0159     1.1633     18.773    30.2175    23.0456    0.88578    1.26586     38.668    6.36441    9.09537  0.000e+00
        170     18.976     27.522   3231.344   8870.628    11.0516   3.425874     1.0171     0.0073     0.1368     0.0098     1.0171     1.1633     18.817    30.2160    23.0442    0.88850    1.26975     38.787    6.36421    9.09509  0.000e+00
        171     18.976     27.522   3231.218   8870.632    11.0498   3.425877     1.0171     0.0073     0.1392     0.0085     1.0171     1.2046     18.817    30.2176    23.0457    0.88852    1.26979     38.788    6.36440    9.09537  0.000e+00
        172     18.931     27.458   3231.345   8870.636    11.0516   3.425880     1.0183     0.0073     0.1441     0.0085     1.0183     1.2872     18.773    30.2161    23.0442    0.89123    1.27366     38.906    6.36421    9.09509  0.000e+00
        173     18.976     27.522   3231.283   8870.639    11.0507   3.425883     1.0171     0.0073     0.1380     0.0098     1.0171     1.1839     18.817    30.2169    23.0449    0.88851    1.26977     38.787    6.36430    9.09522  0.000e+00
        174     18.976     27.522   3231.283   8870.643    11.0507   3.425886     1.0171     0.0073     0.1355     0.0085     1.0171     1.1426     18.817    30.2169    23.0450    0.88851    1.26977     38.787    6.36430    9.09522  0.000e+00
        175     18.976     27.522   3231.221   8870.646    11.0498   3.425889     1.0171     0.0073     0.1368     0.0085     1.0171     1.1633     18.817    30.2177    23.0457    0.88852    1.26979     38.787    6.36439    9.09536  0.000e+00
        176     18.976     27.522   3231.285   8870.650    11.0507   3.425893     1.0171     0.0073     0.1368     0.0085     1.0171     1.1633     18.817    30.2169    23.0450    0.88851    1.26977     38.787    6.36429    9.09521  0.000e+00
        177     18.976     27.522   3231.222   8870.653    11.0498   3.425896     1.0159     0.0073     0.1368     0.0085     1.0159     1.1633     18.817    30.2177    23.0458    0.88578    1.26587     38.668    6.36439    9.09535  0.000e+00
        178     18.931     27.458   3231.223   8870.657    11.0498   3.425899     1.0171     0.0073     0.1368     0.0085     1.0171     1.1633     18.773    30.2177    23.0458    0.88852    1.26978     38.787    6.36439    9.09535  0.000e+00
        179     18.931     27.458   3231.223   8870.661    11.0498   3.425902     1.0183     0.0073     0.1404     0.0098     1.0183     1.2253     18.773    30.2178    23.0458    0.89126    1.27370     38.907    6.36438    9.09534  0.000e+00
        180     18.976     27.522   3231.224   8870.664    11.0499   3.425905     1.0171     0.0061     0.1368     0.0085     1.0171     1.1633     18.817    30.2178    23.0458    0.88852    1.26978     38.787    6.36438    9.09534  0.000e+00
        181     18.976     27.522   3231.225   8870.855    11.0499   3.426070     1.0183     0.0073     0.1368     0.0085     1.0183     1.1633     18.817    30.2194    23.0471    0.89125    1.27369     38.907    6.36432    9.09525  0.000e+00
        182     18.976     27.522   3231.225   8870.671    11.0499   3.425911     1.0183     0.0073     0.1368     0.0085     1.0183     1.1633     18.817    30.2178    23.0458    0.89126    1.27370     38.907    6.36438    9.09533  0.000e+00
        183     18.931     27.458   3231.226   8870.301    11.0499   3.425590     1.0183     0.0073     0.1355     0.0085     1.0183     1.1426     18.773    30.2147    23.0434    0.89127    1.27372     38.908    6.36450    9.09551  0.000e+00
        184     18.931     27.458   3231.226   8870.491    11.0499   3.425755     1.0195     0.0073     0.1368     0.0085     1.0195     1.1633     18.773    30.2163    23.0446    0.89401    1.27763     39.027    6.36444    9.09542  0.000e+00
        185     18.976     27.522   3231.227   8870.495    11.0499   3.425758     1.0183     0.0073     0.1355     0.0085     1.0183     1.1426     18.817    30.2163    23.0447    0.89127    1.27371     38.907    6.36444    9.09542  0.000e+00
        186     18.931     27.458   3231.101   8870.685    11.0481   3.425923     1.0183     0.0073     0.1355     0.0085     1.0183     1.1426     18.773    30.2194    23.0474    0.89128    1.27373     38.908    6.36456    9.09560  0.000e+00
        187     18.931     27.458   3231.165   8870.689    11.0490   3.425927     1.0183     0.0073     0.1380     0.0085     1.0183     1.1839     18.773    30.2187    23.0467    0.89127    1.27371     38.907    6.36446    9.09546  0.000e+00
        188     18.976     27.522   3231.103   8870.506    11.0481   3.425767     1.0183     0.0073     0.1368     0.0085     1.0183     1.1633     18.817    30.2179    23.0462    0.89129    1.27375     38.908    6.36462    9.09568  0.000e+00
        189     18.931     27.458   3231.103   8870.322    11.0481   3.425608     1.0183     0.0073     0.1368     0.0085     1.0183     1.1633     18.773    30.2163    23.0450    0.89130    1.27375     38.909    6.36468    9.09577  0.000e+00
        190     18.976     27.522   3231.104   8870.139    11.0481   3.425449     1.0183     0.0073     0.1355     0.0085     1.0183     1.1426     18.817    30.2147    23.0438    0.89131    1.27377     38.909    6.36475    9.09586  0.000e+00
        191     18.976     27.522   3231.231   8870.703    11.0500   3.425939     1.0183     0.0073     0.1355     0.0085     1.0183     1.1426     18.817    30.2180    23.0460    0.89126    1.27370     38.907    6.36436    9.09531  0.000e+00
        192     18.976     27.522   3231.105   8870.333    11.0481   3.425618     1.0195     0.0073     0.1368     0.0085     1.0195     1.1633     18.817    30.2164    23.0450    0.89404    1.27768     39.029    6.36468    9.09576  0.000e+00
        193     18.931     27.458   3231.106   8870.150    11.0481   3.425458     1.0195     0.0061     0.1380     0.0085     1.0195     1.1839     18.773    30.2148    23.0438    0.89405    1.27768     39.029    6.36474    9.09585  0.000e+00
        194     18.976     27.522   3231.106   8870.340    11.0481   3.425624     1.0195     0.0073     0.1380     0.0085     1.0195     1.1839     18.817    30.2164    23.0450    0.89404    1.27768     39.029    6.36467    9.09576  0.000e+00
        195     18.976     27.522   3231.107   8870.531    11.0482   3.425789     1.0208     0.0073     0.1416     0.0085     1.0208     1.2459     18.817    30.2180    23.0463    0.89678    1.28158     39.148    6.36461    9.09566  0.000e+00
        196     18.931     27.458   3231.108   8870.347    11.0482   3.425630     1.0195     0.0073     0.1441     0.0085     1.0195     1.2872     18.773    30.2165    23.0451    0.89404    1.27767     39.028    6.36467    9.09575  0.000e+00
        197     18.931     27.458   3231.108   8870.538    11.0482   3.425795     1.0208     0.0061     0.1368     0.0085     1.0208     1.1633     18.773    30.2181    23.0463    0.89677    1.28157     39.148    6.36460    9.09565  0.000e+00
