unitTesting/processed_seabird_noalign/ORCA1_CAST0032.cnv
* Sea-Bird SBE 19 Data File:
* FileName =
* Software Version 4.234
* Temperature SN = 2835
* Conductivity SN = 2835
* System UpLoad Time = Thu Jan 27 00:03:45 2005

** Ship: ORCA
** Cruise: Mooring
** Station: Twanoh
** Latitude: 47 22.5
** Longitude: 123 0.5
# nquan = 22
# nvalues = 915                                   
# units = specified
# name 0 = scan: Scan Count
# name 1 = prSM: Pressure, Strain Gauge [db]
# name 2 = prSE: Pressure, Strain Gauge [psi]
# name 3 = f0: Frequency 0
# name 4 = f1: Frequency 1
# name 5 = t090C: Temperature [ITS-90, deg C]
# name 6 = c0S/m: Conductivity [S/m]
# name 7 = v0: Voltage 0
# name 8 = v1: Voltage 1
# name 9 = v2: Voltage 2
# name 10 = v3: Voltage 3
# name 11 = sbeox0V: Oxygen raw, SBE 43 [V]
# name 12 = wetStar: Fluorescence, WET Labs WETstar [mg/m^3]
# name 13 = depSM: Depth [salt water, m], lat = 47.28
# name 14 = sal00: Salinity, Practical [PSU]
# name 15 = sigma-t00: Density [sigma-t, Kg/m^3 ]
# name 16 = sbeox0ML/L: Oxygen, SBE 43 [ml/l]
# name 17 = sbeox0Mg/L: Oxygen, SBE 43 [mg/l]
# name 18 = sbeox0Mm/Kg: Oxygen, SBE 43 [umol/Kg]
# name 19 = oxsatML/L: Oxygen Saturation, Weiss [ml/l]
# name 20 = oxsatMg/L: Oxygen Saturation, Weiss [mg/l]
# name 21 = flag:  0.000e+00
# span 0 =          1,        915                 
# span 1 =      0.906,     29.582                 
# span 2 =      1.315,     42.905                 
# span 3 =   3098.208,   3234.053                 
# span 4 =   6866.621,   8900.675                 
# span 5 =     9.0914,    11.0909                 
# span 6 =   1.885481,   3.451998                 
# span 7 =     0.0000,     2.9243                 
# span 8 =     0.0000,     0.0073                 
# span 9 =     0.0000,     0.3199                 
# span 10 =     0.0000,     0.0098                
# span 11 =     0.0000,     2.9243                
# span 12 =    -1.1506,     4.2622                
# span 13 =      0.899,     29.334                
# span 14 =    16.5509,    30.4494                
# span 15 =    12.7005,    23.2218                
# span 16 =   -1.39818,    5.74896                
# span 17 =   -1.99814,    8.21585                
# span 18 =    -61.043,    253.428                
# span 19 =    6.35184,    7.25135                
# span 20 =    9.07742,   10.36291                
# span 21 = 0.0000e+00, 0.0000e+00                
# interval = seconds: 0.5
# start_time = Jan 31 2016 20:27:26 [DatCnv date, localtime]
# bad_flag = -9.990e-29
*END*
[from data line 856]
        857     24.614     35.700   3233.667   8886.159    11.0853   3.439366     0.9841     0.0073     0.1355     0.0085     0.9841     1.1426     24.408    30.3180    23.1176    0.81399    1.16328     35.531    6.35546    9.08259  0.000e+00
        858     24.525     35.570   3233.604   8885.786    11.0844   3.439042     0.9829     0.0073     0.1343     0.0085     0.9829     1.1220     24.319    30.3156    23.1159    0.81127    1.15938     35.413    6.35568    9.08290  0.000e+00
        859     24.435     35.440   3233.604   8885.973    11.0844   3.439204     0.9817     0.0073     0.1331     0.0085     0.9817     1.1013     24.230    30.3173    23.1172    0.80851    1.15544     35.292    6.35562    9.08281  0.000e+00
        860     24.346     35.310   3233.604   8885.786    11.0844   3.439042     0.9792     0.0061     0.1355     0.0085     0.9792     1.1426     24.142    30.3157    23.1160    0.80303    1.14761     35.053    6.35568    9.08290  0.000e+00
        861     24.256     35.181   3233.604   8885.040    11.0844   3.438392     0.9780     0.0073     0.1343     0.0085     0.9780     1.1220     24.053    30.3094    23.1111    0.80031    1.14372     34.934    6.35593    9.08326  0.000e+00
        862     24.167     35.051   3233.730   8884.480    11.0862   3.437906     0.9768     0.0073     0.1368     0.0085     0.9768     1.1633     23.964    30.3032    23.1059    0.79756    1.13979     34.815    6.35593    9.08325  0.000e+00
        863     24.032     34.856   3233.667   8884.293    11.0853   3.437743     0.9731     0.0061     0.1343     0.0085     0.9731     1.1220     23.831    30.3024    23.1055    0.78934    1.12805     34.456    6.35608    9.08348  0.000e+00
        864     23.988     34.791   3233.730   8883.546    11.0862   3.437094     0.9707     0.0073     0.1331     0.0085     0.9707     1.1013     23.787    30.2953    23.0998    0.78387    1.12024     34.217    6.35624    9.08370  0.000e+00
        865     23.898     34.661   3233.540   8883.359    11.0834   3.436932     0.9695     0.0073     0.1343     0.0085     0.9695     1.1220     23.698    30.2960    23.1008    0.78116    1.11636     34.099    6.35659    9.08421  0.000e+00
        866     23.764     34.467   3233.540   8883.359    11.0834   3.436932     0.9670     0.0073     0.1343     0.0085     0.9670     1.1220     23.565    30.2961    23.1009    0.77567    1.10851     33.859    6.35659    9.08420  0.000e+00
        867     23.674     34.337   3233.540   8883.173    11.0834   3.436770     0.9658     0.0061     0.1343     0.0085     0.9658     1.1220     23.476    30.2945    23.0997    0.77293    1.10459     33.739    6.35665    9.08429  0.000e+00
        868     23.585     34.207   3233.604   8883.359    11.0844   3.436932     0.9646     0.0073     0.1343     0.0085     0.9646     1.1220     23.387    30.2954    23.1002    0.77016    1.10063     33.619    6.35649    9.08406  0.000e+00
        869     23.495     34.077   3233.477   8883.733    11.0825   3.437256     0.9609     0.0073     0.1343     0.0085     0.9609     1.1220     23.298    30.3001    23.1042    0.76193    1.08888     33.259    6.35656    9.08416  0.000e+00
        870     23.406     33.947   3233.414   8883.173    11.0816   3.436770     0.9597     0.0073     0.1343     0.0085     0.9597     1.1220     23.210    30.2961    23.1012    0.75921    1.08499     33.141    6.35684    9.08456  0.000e+00
        871     23.227     33.688   3233.477   8883.173    11.0825   3.436770     0.9597     0.0073     0.1343     0.0085     0.9597     1.1220     23.032    30.2955    23.1006    0.75918    1.08495     33.140    6.35674    9.08442  0.000e+00
        872     23.137     33.558   3233.351   8882.613    11.0807   3.436283     0.9573     0.0073     0.1331     0.0085     0.9573     1.1013     22.943    30.2922    23.0984    0.75374    1.07717     32.902    6.35713    9.08497  0.000e+00
        873     23.048     33.428   3233.414   8882.053    11.0816   3.435796     0.9548     0.0073     0.1331     0.0085     0.9548     1.1013     22.855    30.2868    23.0940    0.74826    1.06934     32.663    6.35722    9.08510  0.000e+00
        874     22.958     33.298   3233.351   8881.866    11.0807   3.435634     0.9548     0.0073     0.1331     0.0085     0.9548     1.1013     22.766    30.2860    23.0935    0.74827    1.06935     32.663    6.35738    9.08533  0.000e+00
        875     22.869     33.169   3233.351   8882.053    11.0807   3.435796     0.9524     0.0073     0.1343     0.0085     0.9524     1.1220     22.677    30.2876    23.0948    0.74277    1.06149     32.423    6.35731    9.08523  0.000e+00
        876     22.779     33.039   3233.351   8882.426    11.0807   3.436120     0.9524     0.0073     0.1343     0.0085     0.9524     1.1220     22.588    30.2908    23.0972    0.74274    1.06146     32.422    6.35718    9.08505  0.000e+00
        877     22.690     32.909   3233.351   8882.426    11.0807   3.436120     0.9512     0.0073     0.1343     0.0085     0.9512     1.1220     22.500    30.2908    23.0973    0.73999    1.05753     32.302    6.35718    9.08505  0.000e+00
        878     22.600     32.779   3233.351   8882.613    11.0807   3.436283     0.9512     0.0073     0.1331     0.0085     0.9512     1.1013     22.411    30.2925    23.0985    0.73998    1.05750     32.301    6.35712    9.08496  0.000e+00
        879     22.511     32.649   3233.351   8882.613    11.0807   3.436283     0.9512     0.0073     0.1343     0.0085     0.9512     1.1220     22.322    30.2925    23.0986    0.73997    1.05749     32.301    6.35712    9.08495  0.000e+00
        880     22.377     32.455   3233.414   8882.986    11.0816   3.436607     0.9499     0.0061     0.1343     0.0085     0.9499     1.1220     22.189    30.2950    23.1003    0.73719    1.05352     32.180    6.35689    9.08463  0.000e+00
        881     22.287     32.325   3233.351   8882.613    11.0807   3.436282     0.9499     0.0073     0.1331     0.0085     0.9499     1.1013     22.100    30.2926    23.0986    0.73721    1.05354     32.180    6.35711    9.08495  0.000e+00
        882     22.242     32.260   3233.351   8881.866    11.0807   3.435633     0.9487     0.0073     0.1343     0.0098     0.9487     1.1220     22.056    30.2862    23.0937    0.73449    1.04966     32.062    6.35737    9.08531  0.000e+00
        883     22.108     32.065   3233.161   8880.932    11.0779   3.434822     0.9499     0.0073     0.1331     0.0085     0.9499     1.1013     21.923    30.2806    23.0898    0.73728    1.05365     32.184    6.35797    9.08618  0.000e+00
        884     22.019     31.935   3233.161   8880.372    11.0779   3.434335     0.9487     0.0073     0.1343     0.0085     0.9487     1.1220     21.834    30.2759    23.0861    0.73456    1.04975     32.065    6.35816    9.08645  0.000e+00
        885     21.929     31.806   3232.845   8879.625    11.0734   3.433686     0.9499     0.0061     0.1343     0.0085     0.9499     1.1220     21.745    30.2734    23.0850    0.73737    1.05377     32.188    6.35890    9.08750  0.000e+00
        886     21.840     31.676   3232.908   8879.064    11.0743   3.433199     0.9512     0.0073     0.1343     0.0085     0.9512     1.1220     21.657    30.2679    23.0805    0.74011    1.05770     32.308    6.35899    9.08763  0.000e+00
        887     21.750     31.546   3232.529   8877.196    11.0688   3.431577     0.9499     0.0061     0.1343     0.0085     0.9499     1.1220     21.568    30.2566    23.0727    0.73750    1.05396     32.194    6.36020    9.08937  0.000e+00
        888     21.661     31.416   3232.466   8876.636    11.0679   3.431090     0.9512     0.0073     0.1343     0.0085     0.9512     1.1220     21.479    30.2526    23.0698    0.74026    1.05791     32.315    6.36049    9.08978  0.000e+00
        889     21.526     31.221   3232.087   8877.010    11.0624   3.431415     0.9524     0.0073     0.1355     0.0085     0.9524     1.1426     21.346    30.2604    23.0768    0.74304    1.06188     32.436    6.36094    9.09042  0.000e+00
        890     21.482     31.157   3232.213   8877.196    11.0642   3.431577     0.9524     0.0061     0.1355     0.0085     0.9524     1.1426     21.302    30.2605    23.0765    0.74301    1.06183     32.434    6.36068    9.09005  0.000e+00
        891     21.392     31.027   3232.908   8878.504    11.0743   3.432712     0.9524     0.0073     0.1355     0.0085     0.9524     1.1426     21.213    30.2633    23.0770    0.74283    1.06158     32.427    6.35917    9.08789  0.000e+00
        892     21.303     30.897   3231.707   8880.185    11.0569   3.434173     0.9548     0.0073     0.1343     0.0085     0.9548     1.1220     21.124    30.2920    23.1023    0.74843    1.06959     32.670    6.36044    9.08970  0.000e+00
        893     21.213     30.767   3232.908   8879.625    11.0743   3.433686     0.9524     0.0073     0.1343     0.0085     0.9524     1.1220     21.036    30.2729    23.0844    0.74277    1.06149     32.424    6.35879    9.08734  0.000e+00
        894     21.124     30.637   3232.529   8882.239    11.0688   3.435958     0.9560     0.0061     0.1343     0.0085     0.9560     1.1220     20.947    30.2997    23.1062    0.75094    1.07317     32.780    6.35848    9.08690  0.000e+00
        895     21.034     30.508   3231.834   8876.823    11.0587   3.431252     0.9585     0.0073     0.1343     0.0085     0.9585     1.1220     20.858    30.2620    23.0786    0.75675    1.08147     33.034    6.36138    9.09105  0.000e+00
        896     20.945     30.378   3232.087   8876.823    11.0624   3.431252     0.9597     0.0061     0.1343     0.0085     0.9597     1.1220     20.769    30.2590    23.0757    0.75944    1.08531     33.151    6.36100    9.09050  0.000e+00
        897     20.811     30.183   3231.960   8877.010    11.0605   3.431414     0.9621     0.0073     0.1343     0.0085     0.9621     1.1220     20.636    30.2622    23.0785    0.76492    1.09315     33.391    6.36112    9.09068  0.000e+00
        898     20.766     30.118   3232.023   8877.196    11.0614   3.431577     0.9634     0.0073     0.1368     0.0085     0.9634     1.1633     20.592    30.2630    23.0790    0.76764    1.09703     33.509    6.36096    9.09045  0.000e+00
        899     20.676     29.988   3232.023   8877.196    11.0614   3.431577     0.9658     0.0073     0.1368     0.0085     0.9658     1.1633     20.503    30.2630    23.0790    0.77311    1.10486     33.748    6.36096    9.09045  0.000e+00
        900     20.587     29.859   3232.087   8876.823    11.0624   3.431252     0.9683     0.0073     0.1355     0.0085     0.9683     1.1426     20.414    30.2591    23.0758    0.77859    1.11268     33.988    6.36099    9.09049  0.000e+00
        901     20.408     29.599   3231.960   8876.075    11.0605   3.430603     0.9707     0.0073     0.1343     0.0085     0.9707     1.1220     20.237    30.2544    23.0724    0.78411    1.12057     34.229    6.36144    9.09113  0.000e+00
        902     20.318     29.469   3231.770   8875.702    11.0578   3.430278     0.9719     0.0073     0.1343     0.0085     0.9719     1.1220     20.148    30.2535    23.0722    0.78689    1.12454     34.350    6.36185    9.09172  0.000e+00
        903     20.229     29.339   3231.707   8876.262    11.0569   3.430765     0.9744     0.0073     0.1343     0.0085     0.9744     1.1220     20.059    30.2591    23.0767    0.79235    1.13235     34.588    6.36176    9.09159  0.000e+00
        904     20.139     29.210   3231.834   8876.449    11.0587   3.430927     0.9756     0.0073     0.1355     0.0098     0.9756     1.1426     19.971    30.2592    23.0765    0.79505    1.13621     34.706    6.36150    9.09122  0.000e+00
        905     20.050     29.080   3231.897   8875.515    11.0596   3.430116     0.9780     0.0061     0.1331     0.0085     0.9780     1.1013     19.882    30.2505    23.0696    0.80055    1.14407     34.947    6.36172    9.09153  0.000e+00
        906     19.960     28.950   3231.644   8874.954    11.0559   3.429629     0.9805     0.0073     0.1355     0.0085     0.9805     1.1426     19.793    30.2488    23.0689    0.80610    1.15199     35.189    6.36229    9.09235  0.000e+00
        907     19.871     28.820   3231.518   8874.394    11.0541   3.429142     0.9817     0.0073     0.1343     0.0085     0.9817     1.1220     19.705    30.2456    23.0667    0.80888    1.15596     35.310    6.36268    9.09290  0.000e+00
        908     19.737     28.626   3231.391   8873.459    11.0523   3.428331     0.9829     0.0061     0.1355     0.0085     0.9829     1.1426     19.571    30.2392    23.0620    0.81167    1.15995     35.432    6.36319    9.09363  0.000e+00
        909     19.647     28.496   3231.328   8873.272    11.0514   3.428169     0.9829     0.0073     0.1343     0.0085     0.9829     1.1220     19.483    30.2384    23.0616    0.81168    1.15997     35.432    6.36335    9.09386  0.000e+00
        910     19.558     28.366   3231.012   8872.524    11.0468   3.427520     0.9853     0.0073     0.1368     0.0085     0.9853     1.1633     19.394    30.2359    23.0604    0.81724    1.16792     35.675    6.36408    9.09491  0.000e+00
        911     19.468     28.236   3231.012   8871.777    11.0468   3.426871     0.9853     0.0073     0.1331     0.0085     0.9853     1.1013     19.305    30.2296    23.0555    0.81726    1.16795     35.676    6.36434    9.09527  0.000e+00
        912     19.334     28.042   3230.696   8871.777    11.0422   3.426871     0.9866     0.0061     0.1343     0.0085     0.9866     1.1220     19.172    30.2334    23.0592    0.82005    1.17193     35.798    6.36482    9.09596  0.000e+00
        913     19.289     27.977   3230.633   8871.777    11.0413   3.426871     0.9902     0.0073     0.1368     0.0085     0.9902     1.1633     19.128    30.2342    23.0600    0.82828    1.18370     36.157    6.36492    9.09610  0.000e+00
        914     19.200     27.847   3230.759   8871.777    11.0431   3.426871     0.9902     0.0061     0.1368     0.0085     0.9902     1.1633     19.039    30.2327    23.0585    0.82825    1.18365     36.156    6.36472    9.09582  0.000e+00
        915     19.066     27.652   3230.696   8871.964    11.0422   3.427033     0.9915     0.0061     0.1331     0.0085     0.9915     1.1013     18.906    30.2351    23.0606    0.83098    1.18755     36.275    6.36475    9.09587  0.000e+00
