unitTesting/processed_seabird_noalign/ORCA1_CAST0045.cnv
* Sea-Bird SBE 19 Data File:
* FileName =
* Software Version 4.234
* Temperature SN = 2835
* Conductivity SN = 2835
* System UpLoad Time = Sun Jan 30 06:10:47 2005

** Ship: ORCA
** Cruise: Mooring
** Station: Twanoh
** Latitude: 47 22.5
** Longitude: 123 0.5
# nquan = 22
# nvalues = 927                                   
# units = specified
# name 0 = scan: Scan Count
# name 1 = prSM: Pressure, Strain Gauge [db]
# name 2 = prSE: Pressure, Strain Gauge [psi]
# name 3 = f0: Frequency 0
# name 4 = f1: Frequency 1
# name 5 = t090C: Temperature [ITS-90, deg C]
# name 6 = c0S/m: Conductivity [S/m]
# name 7 = v0: Voltage 0
# name 8 = v1: Voltage 1
# name 9 = v2: Voltage 2
# name 10 = v3: Voltage 3
# name 11 = sbeox0V: Oxygen raw, SBE 43 [V]
# name 12 = wetStar: Fluorescence, WET Labs WETstar [mg/m^3]
# name 13 = depSM: Depth [salt water, m], lat = 47.28
# name 14 = sal00: Salinity, Practical [PSU]
# name 15 = sigma-t00: Density [sigma-t, Kg/m^3 ]
# name 16 = sbeox0ML/L: Oxygen, SBE 43 [ml/l]
# name 17 = sbeox0Mg/L: Oxygen, SBE 43 [mg/l]
# name 18 = sbeox0Mm/Kg: Oxygen, SBE 43 [umol/Kg]
# name 19 = oxsatML/L: Oxygen Saturation, Weiss [ml/l]
# name 20 = oxsatMg/L: Oxygen Saturation, Weiss [mg/l]
# name 21 = flag:  0.000e+00
# span 0 =          1,        927                 
# span 1 =      0.996,     29.582                 
# span 2 =      1.444,     42.905                 
# span 3 =   3090.006,   3232.702                 
# span 4 =   7436.394,   8899.794                 
# span 5 =     8.9688,    11.0713                 
# span 6 =   2.283018,   3.451231                 
# span 7 =     0.0000,     2.8498                 
# span 8 =     0.0000,     0.0073                 
# span 9 =     0.0000,     0.3162                 
# span 10 =     0.0000,     0.0098                
# span 11 =     0.0000,     2.8498                
# span 12 =    -1.1506,     4.2002                
# span 13 =      0.988,     29.334                
# span 14 =    20.4597,    30.4934                
# span 15 =    15.7598,    23.2667                
# span 16 =   -1.39808,    5.46309                
# span 17 =   -1.99799,    7.80730                
# span 18 =    -61.041,    240.135                
# span 19 =    6.35868,    7.09209                
# span 20 =    9.08718,   10.13530                
# span 21 = 0.0000e+00, 0.0000e+00                
# interval = seconds: 0.5
# start_time = Jan 31 2016 20:27:37 [DatCnv date, localtime]
# bad_flag = -9.990e-29
*END*
[from data line 461]
        462      1.845      2.677   3093.804   7508.344     9.0256   2.335500     2.2515     0.0061     0.2772     0.0085     2.2515     3.5391      1.830    20.9571    16.1437    4.04209    5.77656    177.652    7.06295   10.09366  0.000e+00
        463      1.756      2.547   3093.298   7499.503     9.0180   2.329024     2.2625     0.0073     0.2674     0.0085     2.2625     3.3738      1.741    20.8979    16.0986    4.07150    5.81858    178.952    7.06686   10.09924  0.000e+00
        464      1.667      2.417   3092.855   7492.645     9.0114   2.324006     2.2759     0.0073     0.2637     0.0085     2.2759     3.3119      1.653    20.8525    16.0640    4.10656    5.86868    180.499    7.06999   10.10372  0.000e+00
        465      1.532      2.223   3092.349   7488.439     9.0038   2.320930     2.2906     0.0061     0.2564     0.0085     2.2906     3.1879      1.520    20.8268    16.0449    4.14421    5.92249    182.158    7.07239   10.10715  0.000e+00
        466      1.443      2.093   3092.096   7488.883     9.0000   2.321254     2.3126     0.0073     0.2601     0.0085     2.3126     3.2499      1.431    20.8322    16.0496    4.19893    6.00069    184.562    7.07276   10.10768  0.000e+00
        467      1.354      1.963   3091.906   7475.805     8.9972   2.311702     2.3346     0.0073     0.2527     0.0085     2.3346     3.1259      1.342    20.7400    15.9781    4.25622    6.08256    187.093    7.07739   10.11430  0.000e+00
        468      1.264      1.833   3091.589   7472.477     8.9925   2.309274     2.3602     0.0073     0.2613     0.0085     2.3602     3.2705      1.254    20.7190    15.9623    4.32090    6.17500    189.940    7.07912   10.11677  0.000e+00
        469      1.130      1.639   3091.463   7470.258     8.9906   2.307656     2.3871     0.0073     0.2454     0.0085     2.3871     3.0020      1.121    20.7042    15.9510    4.38817    6.27114    192.899    7.08010   10.11817  0.000e+00
        470      1.041      1.509   3091.526   7465.151     8.9915   2.303933     2.4176     0.0073     0.2735     0.0085     2.4176     3.4771      1.032    20.6671    15.9220    4.46495    6.38086    196.280    7.08162   10.12035  0.000e+00
        471      0.996      1.444   3091.463   7459.817     8.9906   2.300047     2.4518     0.0061     0.2491     0.0085     2.4518     3.0639      0.988    20.6295    15.8928    4.55110    6.50398    200.073    7.08348   10.12300  0.000e+00
        472      0.996      1.444   3091.336   7459.818     8.9887   2.300048     2.4847     0.0073     0.2625     0.0098     2.4847     3.2912      0.988    20.6306    15.8939    4.63324    6.62136    203.683    7.08374   10.12337  0.000e+00
        473      0.996      1.444   3091.209   7458.485     8.9868   2.299077     2.5165     0.0061     0.2503     0.0085     2.5165     3.0846      0.988    20.6222    15.8876    4.71262    6.73481    207.174    7.08443   10.12436  0.000e+00
        474      1.041      1.509   3091.273   7454.705     8.9877   2.296326     2.5433     0.0073     0.2369     0.0098     2.5433     2.8574      1.032    20.5946    15.8660    4.78020    6.83139    210.150    7.08553   10.12593  0.000e+00
        475      0.996      1.444   3091.336   7457.597     8.9887   2.298431     2.5690     0.0073     0.2589     0.0085     2.5690     3.2292      0.988    20.6148    15.8815    4.84323    6.92145    212.917    7.08446   10.12440  0.000e+00
        476      0.996      1.444   3091.462   7452.259     8.9906   2.294546     2.5983     0.0073     0.2381     0.0085     2.5983     2.8780      0.988    20.5755    15.8507    4.91714    7.02708    216.173    7.08593   10.12650  0.000e+00
        477      0.996      1.444   3091.272   7449.366     8.9877   2.292442     2.6227     0.0061     0.2430     0.0085     2.6227     2.9606      0.988    20.5565    15.8363    4.97879    7.11519    218.886    7.08726   10.12840  0.000e+00
        478      0.996      1.444   3091.335   7447.362     8.9887   2.290986     2.6447     0.0073     0.2857     0.0085     2.6447     3.6837      0.988    20.5417    15.8246    5.03384    7.19387    221.309    7.08778   10.12914  0.000e+00
        479      0.996      1.444   3091.399   7445.581     8.9896   2.289691     2.6654     0.0061     0.2784     0.0085     2.6654     3.5598      0.988    20.5284    15.8141    5.08582    7.26814    223.597    7.08822   10.12978  0.000e+00
        480      0.996      1.444   3091.335   7438.004     8.9887   2.284187     2.6825     0.0073     0.2479     0.0098     2.6825     3.0433      0.988    20.4749    15.7726    5.13021    7.33158    225.558    7.09080   10.13347  0.000e+00
        481      0.996      1.444   3091.145   7436.667     8.9858   2.283216     2.6935     0.0061     0.2711     0.0085     2.6935     3.4358      0.988    20.4671    15.7668    5.15814    7.37150    226.787    7.09163   10.13464  0.000e+00
        482      0.996      1.444   3090.956   7436.445     8.9830   2.283055     2.7057     0.0073     0.2821     0.0098     2.7057     3.6217      0.988    20.4671    15.7672    5.18886    7.41539    228.137    7.09209   10.13530  0.000e+00
        483      0.996      1.444   3091.208   7440.683     8.9868   2.286132     2.7143     0.0061     0.2454     0.0085     2.7143     3.0020      0.988    20.4951    15.7885    5.20877    7.44386    229.008    7.09020   10.13260  0.000e+00
        484      0.996      1.444   3091.398   7443.804     8.9896   2.288399     2.7216     0.0073     0.2564     0.0085     2.7216     3.1879      0.988    20.5157    15.8042    5.22600    7.46847    229.762    7.08880   10.13060  0.000e+00
        485      0.996      1.444   3091.356   7441.798     8.9890   2.286942     2.7302     0.0061     0.2442     0.0085     2.7302     2.9813      0.988    20.5018    15.7935    5.24780    7.49964    230.723    7.08953   10.13165  0.000e+00
        486      1.041      1.509   3091.314   7439.791     8.9883   2.285484     2.7375     0.0073     0.2625     0.0085     2.7375     3.2912      1.032    20.4878    15.7827    5.26661    7.52651    231.552    7.09027   10.13270  0.000e+00
        487      1.041      1.509   3091.271   7437.782     8.9877   2.284025     2.7436     0.0073     0.2918     0.0073     2.7436     3.7870      1.032    20.4739    15.7719    5.28235    7.54901    232.247    7.09101   10.13376  0.000e+00
        488      0.996      1.444   3091.082   7437.557     8.9849   2.283862     2.7509     0.0073     0.2845     0.0098     2.7509     3.6631      0.988    20.4739    15.7723    5.30088    7.57548    233.061    7.09147   10.13442  0.000e+00
        489      0.996      1.444   3091.271   7437.778     8.9877   2.284022     2.7546     0.0061     0.2625     0.0085     2.7546     3.2912      0.988    20.4739    15.7718    5.30967    7.58805    233.448    7.09101   10.13376  0.000e+00
        490      0.996      1.444   3091.335   7437.998     8.9886   2.284183     2.7607     0.0073     0.3162     0.0085     2.7607     4.2002      0.988    20.4749    15.7725    5.32472    7.60956    234.110    7.09081   10.13347  0.000e+00
        491      0.996      1.444   3091.461   7438.442     8.9905   2.284505     2.7656     0.0061     0.2784     0.0085     2.7656     3.5598      0.988    20.4770    15.7739    5.33659    7.62652    234.631    7.09040   10.13289  0.000e+00
        492      0.996      1.444   3091.651   7438.886     8.9934   2.284827     2.7717     0.0073     0.2491     0.0085     2.7717     3.0639      0.988    20.4785    15.7747    5.35141    7.64769    235.282    7.08987   10.13213  0.000e+00
        493      0.996      1.444   3091.777   7438.884     8.9953   2.284825     2.7753     0.0073     0.2613     0.0085     2.7753     3.2705      0.988    20.4774    15.7736    5.36034    7.66046    235.675    7.08961   10.13176  0.000e+00
        494      0.996      1.444   3091.714   7437.990     8.9943   2.284176     2.7802     0.0073     0.2381     0.0098     2.7802     2.8780      0.988    20.4716    15.7692    5.37281    7.67828    236.224    7.09003   10.13236  0.000e+00
        495      1.041      1.509   3091.588   7437.542     8.9924   2.283851     2.7827     0.0061     0.2625     0.0085     2.7827     3.2912      1.032    20.4695    15.7678    5.37921    7.68743    236.506    7.09043   10.13294  0.000e+00
        496      0.996      1.444   3091.524   7437.539     8.9915   2.283849     2.7839     0.0073     0.2442     0.0098     2.7839     2.9813      0.988    20.4700    15.7683    5.38231    7.69186    236.642    7.09056   10.13312  0.000e+00
        497      0.996      1.444   3091.524   7437.314     8.9915   2.283686     2.7863     0.0061     0.2442     0.0085     2.7863     2.9813      0.988    20.4684    15.7671    5.38844    7.70062    236.912    7.09064   10.13323  0.000e+00
        498      0.996      1.444   3091.588   7438.650     8.9924   2.284656     2.7888     0.0073     0.2894     0.0085     2.7888     3.7457      0.988    20.4774    15.7740    5.39410    7.70871    237.160    7.09007   10.13243  0.000e+00
        499      0.996      1.444   3091.651   7437.533     8.9934   2.283845     2.7924     0.0061     0.2430     0.0085     2.7924     2.9606      0.988    20.4689    15.7672    5.40340    7.72200    237.570    7.09031   10.13275  0.000e+00
        500      0.996      1.444   3091.588   7436.862     8.9924   2.283357     2.7949     0.0073     0.2418     0.0085     2.7949     2.9400      0.988    20.4646    15.7640    5.40973    7.73105    237.849    7.09065   10.13325  0.000e+00
        501      0.996      1.444   3091.461   7436.637     8.9905   2.283194     2.7973     0.0061     0.2637     0.0085     2.7973     3.3119      0.988    20.4641    15.7639    5.41605    7.74008    238.127    7.09099   10.13373  0.000e+00
        502      0.996      1.444   3091.461   7436.857     8.9905   2.283354     2.7985     0.0073     0.2601     0.0098     2.7985     3.2499      0.988    20.4657    15.7651    5.41904    7.74435    238.258    7.09091   10.13362  0.000e+00
        503      0.996      1.444   3091.461   7437.078     8.9905   2.283515     2.8010     0.0061     0.2796     0.0085     2.8010     3.5804      0.988    20.4673    15.7663    5.42506    7.75296    238.523    7.09084   10.13352  0.000e+00
        504      0.996      1.444   3091.398   7436.630     8.9896   2.283189     2.8010     0.0073     0.2625     0.0098     2.8010     3.2912      0.988    20.4646    15.7644    5.42527    7.75325    238.532    7.09112   10.13392  0.000e+00
        505      0.996      1.444   3091.461   7437.297     8.9905   2.283673     2.8022     0.0061     0.2418     0.0085     2.8022     2.9400      0.988    20.4688    15.7675    5.42805    7.75722    238.654    7.09077   10.13342  0.000e+00
        506      0.996      1.444   3091.524   7437.072     8.9915   2.283510     2.8046     0.0073     0.2540     0.0098     2.8046     3.1466      0.988    20.4667    15.7658    5.43409    7.76586    238.920    7.09071   10.13334  0.000e+00
        507      0.996      1.444   3091.461   7436.624     8.9905   2.283185     2.8071     0.0061     0.2674     0.0085     2.8071     3.3738      0.988    20.4640    15.7638    5.44037    7.77483    239.196    7.09099   10.13373  0.000e+00
        508      0.996      1.444   3091.524   7436.845     8.9915   2.283345     2.8095     0.0073     0.2552     0.0098     2.8095     3.1672      0.988    20.4651    15.7645    5.44630    7.78331    239.457    7.09079   10.13344  0.000e+00
        509      0.996      1.444   3091.461   7436.842     8.9905   2.283343     2.8095     0.0061     0.2698     0.0085     2.8095     3.4152      0.988    20.4656    15.7650    5.44640    7.78344    239.461    7.09092   10.13363  0.000e+00
        510      0.996      1.444   3091.777   7436.394     8.9953   2.283018     2.8071     0.0073     0.2454     0.0098     2.8071     3.0020      0.988    20.4597    15.7598    5.43996    7.77425    239.179    7.09041   10.13291  0.000e+00
        511      0.996      1.444   3091.588   7436.838     8.9924   2.283340     2.8046     0.0061     0.2503     0.0085     2.8046     3.0846      0.988    20.4645    15.7639    5.43405    7.76581    238.919    7.09066   10.13326  0.000e+00
        512      0.996      1.444   3091.271   7437.728     8.9877   2.283986     2.8046     0.0073     0.2845     0.0098     2.8046     3.6631      0.988    20.4735    15.7716    5.43430    7.76615    238.927    7.09102   10.13378  0.000e+00
        513      1.130      1.639   3091.335   7437.280     8.9886   2.283661     2.8046     0.0061     0.2796     0.0085     2.8046     3.5804      1.121    20.4698    15.7685    5.43441    7.76632    238.933    7.09104   10.13380  0.000e+00
        514      1.219      1.769   3091.208   7440.399     8.9867   2.285926     2.8046     0.0073     0.2381     0.0098     2.8046     2.8780      1.209    20.4930    15.7869    5.43389    7.76558    238.906    7.09029   10.13274  0.000e+00
        515      1.354      1.963   3090.955   7446.191     8.9830   2.290134     2.8046     0.0061     0.2418     0.0085     2.8046     2.9400      1.342    20.5365    15.8212    5.43293    7.76420    238.856    7.08894   10.13081  0.000e+00
        516      1.443      2.093   3090.765   7447.970     8.9801   2.291428     2.8059     0.0073     0.2637     0.0085     2.8059     3.3119      1.431    20.5508    15.8328    5.43587    7.76840    238.982    7.08876   10.13054  0.000e+00
        517      1.577      2.287   3090.702   7449.527     8.9792   2.292559     2.8059     0.0061     0.2503     0.0085     2.8059     3.0846      1.564    20.5624    15.8419    5.43567    7.76812    238.971    7.08838   10.13001  0.000e+00
        518      1.667      2.417   3090.639   7449.970     8.9782   2.292882     2.8071     0.0073     0.2491     0.0098     2.8071     3.0639      1.653    20.5661    15.8449    5.43876    7.77253    239.106    7.08837   10.12999  0.000e+00
        519      1.801      2.612   3090.512   7452.639     8.9763   2.294823     2.8083     0.0061     0.2772     0.0085     2.8083     3.5391      1.786    20.5862    15.8609    5.44142    7.77634    239.220    7.08777   10.12913  0.000e+00
        520      1.935      2.806   3090.386   7455.307     8.9744   2.296764     2.8095     0.0073     0.2552     0.0098     2.8095     3.1672      1.919    20.6063    15.8768    5.44408    7.78014    239.333    7.08717   10.12827  0.000e+00
        521      2.024      2.936   3090.259   7465.531     8.9725   2.304210     2.8120     0.0061     0.2454     0.0085     2.8120     3.0020      2.007    20.6805    15.9349    5.44786    7.78553    239.485    7.08411   10.12390  0.000e+00
        522      2.114      3.066   3090.196   7467.972     8.9716   2.305990     2.8120     0.0073     0.2442     0.0098     2.8120     2.9813      2.096    20.6985    15.9491    5.44741    7.78489    239.462    7.08345   10.12296  0.000e+00
        523      2.203      3.195   3090.006   7468.414     8.9688   2.306312     2.8144     0.0061     0.2357     0.0085     2.8144     2.8367      2.185    20.7033    15.9532    5.45372    7.79391    239.738    7.08370   10.12331  0.000e+00
        524      2.382      3.455   3090.006   7475.515     8.9688   2.311491     2.8168     0.0073     0.2466     0.0098     2.8168     3.0226      2.362    20.7542    15.9928    5.45814    7.80023    239.924    7.08139   10.12002  0.000e+00
        525      2.516      3.649   3090.006   7479.062     8.9688   2.314080     2.8181     0.0061     0.2295     0.0085     2.8181     2.7334      2.495    20.7796    16.0126    5.46039    7.80344    240.018    7.08024   10.11837  0.000e+00
        526      2.561      3.714   3090.070   7480.169     8.9697   2.314888     2.8193     0.0073     0.2430     0.0098     2.8193     2.9606      2.539    20.7870    16.0183    5.46309    7.80730    240.135    7.07975   10.11767  0.000e+00
