unitTesting/processed_seabird_noalign/ORCA1_CAST0030.cnv
* Sea-Bird SBE 19 Data File:
* FileName =
* Software Version 4.234
* Temperature SN = 2835
* Conductivity SN = 2835
* System UpLoad Time = Wed Jan 26 12:02:27 2005

** Ship: ORCA
** Cruise: Mooring
** Station: Twanoh
** Latitude: 47 22.5
** Longitude: 123 0.5
# nquan = 22
# nvalues = 889                                   
# units = specified
# name 0 = scan: Scan Count
# name 1 = prSM: Pressure, Strain Gauge [db]
# name 2 = prSE: Pressure, Strain Gauge [psi]
# name 3 = f0: Frequency 0
# name 4 = f1: Frequency 1
# name 5 = t090C: Temperature [ITS-90, deg C]
# name 6 = c0S/m: Conductivity [S/m]
# name 7 = v0: Voltage 0
# name 8 = v1: Voltage 1
# name 9 = v2: Voltage 2
# name 10 = v3: Voltage 3
# name 11 = sbeox0V: Oxygen raw, SBE 43 [V]
# name 12 = wetStar: Fluorescence, WET Labs WETstar [mg/m^3]
# name 13 = depSM: Depth [salt water, m], lat = 47.28
# name 14 = sal00: Salinity, Practical [PSU]
# name 15 = sigma-t00: Density [sigma-t, Kg/m^3 ]
# name 16 = sbeox0ML/L: Oxygen, SBE 43 [ml/l]
# name 17 = sbeox0Mg/L: Oxygen, SBE 43 [mg/l]
# name 18 = sbeox0Mm/Kg: Oxygen, SBE 43 [umol/Kg]
# name 19 = oxsatML/L: Oxygen Saturation, Weiss [ml/l]
# name 20 = oxsatMg/L: Oxygen Saturation, Weiss [mg/l]
# name 21 = flag:  0.000e+00
# span 0 =          1,        889                 
# span 1 =      0.996,     29.672                 
# span 2 =      1.444,     43.035                 
# span 3 =   3091.107,   3233.047                 
# span 4 =   6847.917,   8901.251                 
# span 5 =     8.9852,    11.0763                 
# span 6 =   1.872975,   3.452500                 
# span 7 =     0.0000,     2.8913                 
# span 8 =     0.0000,     0.0073                 
# span 9 =     0.0000,     0.3028                 
# span 10 =     0.0000,     0.0098                
# span 11 =     0.0000,     2.8913                
# span 12 =    -1.1506,     3.9730                
# span 13 =      0.988,     29.422                
# span 14 =    16.4860,    30.4588                
# span 15 =    12.6639,    23.2300                
# span 16 =   -1.39615,    5.71551                
# span 17 =   -1.99523,    8.16804                
# span 18 =    -60.948,    252.049                
# span 19 =    6.35222,    7.27436                
# span 20 =    9.07796,   10.39579                
# span 21 = 0.0000e+00, 0.0000e+00                
# interval = seconds: 0.5
# start_time = Jan 31 2016 20:27:24 [DatCnv date, localtime]
# bad_flag = -9.990e-29
*END*
[from data line 725]
        726     28.150     40.828   3232.634   8894.775    11.0703   3.446861     1.0818     0.0061     0.1343     0.0073     1.0818     1.1220     27.913    30.4023    23.1857    1.03352    1.47700     45.111    6.35416    9.08073  0.000e+00
        727     28.239     40.958   3232.592   8894.774    11.0697   3.446861     1.0830     0.0073     0.1355     0.0085     1.0830     1.1426     28.002    30.4027    23.1862    1.03628    1.48095     45.231    6.35422    9.08082  0.000e+00
        728     28.329     41.087   3232.592   8894.773    11.0697   3.446860     1.0842     0.0073     0.1355     0.0085     1.0842     1.1426     28.091    30.4027    23.1861    1.03903    1.48488     45.352    6.35422    9.08082  0.000e+00
        729     28.418     41.217   3232.655   8894.959    11.0706   3.447021     1.0818     0.0073     0.1343     0.0085     1.0818     1.1220     28.180    30.4035    23.1866    1.03354    1.47703     45.112    6.35407    9.08060  0.000e+00
        730     28.508     41.347   3232.655   8894.958    11.0706   3.447021     1.0842     0.0073     0.1343     0.0085     1.0842     1.1220     28.269    30.4034    23.1865    1.03903    1.48488     45.352    6.35407    9.08060  0.000e+00
        731     28.642     41.542   3232.655   8894.957    11.0706   3.447020     1.0830     0.0073     0.1343     0.0085     1.0830     1.1220     28.402    30.4034    23.1865    1.03631    1.48099     45.233    6.35407    9.08060  0.000e+00
        732     28.732     41.672   3232.719   8895.143    11.0715   3.447182     1.0830     0.0073     0.1331     0.0085     1.0830     1.1013     28.490    30.4042    23.1869    1.03630    1.48098     45.232    6.35391    9.08037  0.000e+00
        733     28.821     41.802   3232.656   8894.955    11.0706   3.447019     1.0830     0.0073     0.1343     0.0098     1.0830     1.1220     28.579    30.4033    23.1864    1.03634    1.48103     45.234    6.35407    9.08061  0.000e+00
        734     28.911     41.931   3232.656   8894.954    11.0706   3.447018     1.0818     0.0061     0.1343     0.0085     1.0818     1.1220     28.668    30.4032    23.1864    1.03361    1.47713     45.115    6.35407    9.08061  0.000e+00
        735     29.134     42.256   3232.656   8894.954    11.0706   3.447017     1.0842     0.0073     0.1355     0.0085     1.0842     1.1426     28.890    30.4032    23.1863    1.03912    1.48501     45.356    6.35408    9.08061  0.000e+00
        736     29.224     42.386   3232.656   8895.139    11.0706   3.447179     1.0830     0.0061     0.1355     0.0085     1.0830     1.1426     28.979    30.4047    23.1875    1.03638    1.48110     45.236    6.35402    9.08052  0.000e+00
        737     29.313     42.516   3232.593   8895.511    11.0697   3.447502     1.0842     0.0073     0.1355     0.0085     1.0842     1.1426     29.067    30.4086    23.1907    1.03913    1.48503     45.356    6.35399    9.08048  0.000e+00
        738     29.403     42.645   3232.466   8895.510    11.0679   3.447502     1.0842     0.0073     0.1343     0.0085     1.0842     1.1220     29.156    30.4101    23.1921    1.03917    1.48508     45.358    6.35418    9.08076  0.000e+00
        739     29.493     42.775   3232.593   8895.882    11.0697   3.447826     1.0855     0.0073     0.1343     0.0085     1.0855     1.1220     29.245    30.4117    23.1931    1.04188    1.48895     45.476    6.35386    9.08030  0.000e+00
        740     29.627     42.970   3232.530   8896.068    11.0688   3.447987     1.0855     0.0073     0.1355     0.0085     1.0855     1.1426     29.378    30.4140    23.1950    1.04190    1.48898     45.477    6.35390    9.08036  0.000e+00
        741     29.627     42.970   3232.530   8896.067    11.0688   3.447986     1.0867     0.0073     0.1343     0.0098     1.0867     1.1220     29.378    30.4139    23.1950    1.04465    1.49290     45.596    6.35390    9.08036  0.000e+00
        742     29.627     42.970   3232.467   8896.253    11.0679   3.448148     1.0867     0.0061     0.1355     0.0085     1.0867     1.1426     29.378    30.4163    23.1970    1.04465    1.49291     45.596    6.35393    9.08040  0.000e+00
        743     29.627     42.970   3232.657   8896.065    11.0706   3.447985     1.0879     0.0073     0.1355     0.0085     1.0879     1.1426     29.378    30.4124    23.1935    1.04736    1.49678     45.715    6.35371    9.08008  0.000e+00
        744     29.627     42.970   3232.530   8895.878    11.0688   3.447822     1.0867     0.0073     0.1355     0.0085     1.0867     1.1426     29.378    30.4123    23.1938    1.04466    1.49292     45.597    6.35396    9.08045  0.000e+00
        745     29.627     42.970   3232.530   8895.877    11.0688   3.447821     1.0879     0.0061     0.1343     0.0085     1.0879     1.1220     29.378    30.4123    23.1938    1.04740    1.49684     45.716    6.35396    9.08045  0.000e+00
        746     29.627     42.970   3232.467   8896.063    11.0679   3.447983     1.0904     0.0073     0.1355     0.0098     1.0904     1.1426     29.378    30.4147    23.1957    1.05289    1.50468     45.956    6.35399    9.08049  0.000e+00
        747     29.672     43.035   3232.467   8896.248    11.0679   3.448144     1.0904     0.0061     0.1355     0.0085     1.0904     1.1426     29.422    30.4162    23.1969    1.05288    1.50467     45.956    6.35393    9.08040  0.000e+00
        748     29.627     42.970   3232.468   8896.247    11.0679   3.448143     1.0928     0.0073     0.1343     0.0085     1.0928     1.1220     29.378    30.4162    23.1969    1.05836    1.51250     46.195    6.35393    9.08040  0.000e+00
        749     29.627     42.970   3232.468   8896.246    11.0679   3.448143     1.0940     0.0073     0.1355     0.0085     1.0940     1.1426     29.378    30.4162    23.1969    1.06110    1.51642     46.314    6.35393    9.08040  0.000e+00
        750     29.672     43.035   3232.468   8896.246    11.0679   3.448142     1.0965     0.0061     0.1343     0.0085     1.0965     1.1220     29.422    30.4162    23.1969    1.06659    1.52427     46.554    6.35393    9.08040  0.000e+00
        751     29.672     43.035   3232.468   8896.431    11.0679   3.448303     1.0965     0.0073     0.1343     0.0085     1.0965     1.1220     29.422    30.4178    23.1981    1.06658    1.52425     46.554    6.35387    9.08031  0.000e+00
        752     29.672     43.035   3232.531   8896.244    11.0688   3.448140     1.0989     0.0073     0.1355     0.0085     1.0989     1.1426     29.422    30.4154    23.1962    1.07206    1.53208     46.793    6.35384    9.08027  0.000e+00
        753     29.672     43.035   3232.468   8896.429    11.0679   3.448302     1.1001     0.0073     0.1355     0.0085     1.1001     1.1426     29.422    30.4178    23.1981    1.07481    1.53601     46.913    6.35387    9.08031  0.000e+00
        754     29.672     43.035   3232.531   8896.429    11.0688   3.448301     1.1013     0.0073     0.1355     0.0085     1.1013     1.1426     29.422    30.4170    23.1974    1.07753    1.53990     47.032    6.35377    9.08018  0.000e+00
        755     29.672     43.035   3232.468   8896.428    11.0679   3.448300     1.1026     0.0073     0.1343     0.0085     1.1026     1.1220     29.422    30.4177    23.1981    1.08029    1.54384     47.152    6.35387    9.08032  0.000e+00
        756     29.672     43.035   3232.532   8896.240    11.0688   3.448137     1.1026     0.0073     0.1331     0.0085     1.1026     1.1013     29.422    30.4154    23.1961    1.08029    1.54384     47.152    6.35384    9.08027  0.000e+00
        757     29.627     42.970   3232.405   8896.426    11.0670   3.448299     1.1050     0.0073     0.1343     0.0085     1.1050     1.1220     29.378    30.4185    23.1989    1.08578    1.55169     47.392    6.35397    9.08045  0.000e+00
        758     29.627     42.970   3232.532   8896.425    11.0688   3.448298     1.1050     0.0061     0.1331     0.0085     1.1050     1.1013     29.378    30.4170    23.1974    1.08575    1.55165     47.390    6.35377    9.08018  0.000e+00
        759     29.672     43.035   3232.406   8896.611    11.0670   3.448460     1.1062     0.0073     0.1331     0.0085     1.1062     1.1013     29.422    30.4201    23.2001    1.08852    1.55560     47.511    6.35390    9.08036  0.000e+00
        760     29.672     43.035   3232.469   8896.423    11.0679   3.448297     1.1074     0.0061     0.1380     0.0085     1.1074     1.1839     29.422    30.4177    23.1981    1.09126    1.55952     47.631    6.35387    9.08032  0.000e+00
        761     29.672     43.035   3232.469   8896.609    11.0679   3.448458     1.1074     0.0073     0.1343     0.0085     1.1074     1.1220     29.422    30.4193    23.1993    1.09125    1.55950     47.630    6.35381    9.08023  0.000e+00
        762     29.627     42.970   3232.406   8896.608    11.0670   3.448457     1.1074     0.0073     0.1355     0.0085     1.1074     1.1426     29.378    30.4200    23.2001    1.09126    1.55951     47.630    6.35390    9.08036  0.000e+00
        763     29.627     42.970   3232.469   8896.607    11.0679   3.448457     1.1087     0.0073     0.1343     0.0085     1.1087     1.1220     29.378    30.4193    23.1993    1.09398    1.56341     47.749    6.35381    9.08022  0.000e+00
        764     29.627     42.970   3232.533   8896.420    11.0688   3.448294     1.1087     0.0073     0.1343     0.0085     1.1087     1.1220     29.378    30.4169    23.1973    1.09398    1.56340     47.749    6.35377    9.08018  0.000e+00
        765     29.627     42.970   3232.469   8896.419    11.0679   3.448293     1.1099     0.0073     0.1343     0.0085     1.1099     1.1220     29.378    30.4177    23.1981    1.09674    1.56734     47.870    6.35387    9.08032  0.000e+00
        766     29.672     43.035   3232.470   8896.418    11.0679   3.448292     1.1087     0.0073     0.1343     0.0085     1.1087     1.1220     29.422    30.4176    23.1980    1.09400    1.56344     47.750    6.35387    9.08032  0.000e+00
        767     29.672     43.035   3232.596   8896.417    11.0698   3.448291     1.1099     0.0061     0.1343     0.0085     1.1099     1.1220     29.422    30.4161    23.1965    1.09671    1.56731     47.869    6.35368    9.08004  0.000e+00
        768     29.672     43.035   3232.470   8896.416    11.0679   3.448291     1.1099     0.0073     0.1355     0.0085     1.1099     1.1426     29.422    30.4176    23.1980    1.09674    1.56735     47.870    6.35387    9.08032  0.000e+00
        769     29.672     43.035   3232.533   8896.416    11.0688   3.448290     1.1099     0.0061     0.1355     0.0085     1.1099     1.1426     29.422    30.4169    23.1973    1.09673    1.56733     47.869    6.35377    9.08018  0.000e+00
        770     29.627     42.970   3232.470   8896.415    11.0679   3.448289     1.1099     0.0073     0.1355     0.0085     1.1099     1.1426     29.378    30.4176    23.1980    1.09674    1.56734     47.870    6.35387    9.08032  0.000e+00
        771     29.627     42.970   3232.470   8896.414    11.0679   3.448288     1.1099     0.0073     0.1355     0.0085     1.1099     1.1426     29.378    30.4176    23.1980    1.09674    1.56734     47.870    6.35387    9.08032  0.000e+00
        772     29.627     42.970   3232.470   8896.413    11.0679   3.448287     1.1099     0.0061     0.1343     0.0085     1.1099     1.1220     29.378    30.4176    23.1980    1.09674    1.56734     47.870    6.35387    9.08032  0.000e+00
        773     29.672     43.035   3232.470   8896.412    11.0679   3.448287     1.1111     0.0073     0.1343     0.0085     1.1111     1.1220     29.422    30.4176    23.1980    1.09948    1.57127     47.990    6.35387    9.08032  0.000e+00
        774     29.627     42.970   3232.470   8896.411    11.0679   3.448286     1.1111     0.0073     0.1343     0.0085     1.1111     1.1220     29.378    30.4176    23.1980    1.09948    1.57126     47.989    6.35387    9.08032  0.000e+00
        775     29.672     43.035   3232.534   8896.597    11.0689   3.448447     1.1099     0.0073     0.1343     0.0085     1.1099     1.1220     29.422    30.4184    23.1985    1.09672    1.56732     47.869    6.35371    9.08009  0.000e+00
        776     29.672     43.035   3232.471   8896.782    11.0679   3.448609     1.1111     0.0073     0.1343     0.0085     1.1111     1.1220     29.422    30.4207    23.2004    1.09946    1.57124     47.989    6.35375    9.08014  0.000e+00
        777     29.672     43.035   3232.471   8896.595    11.0679   3.448446     1.1111     0.0073     0.1355     0.0085     1.1111     1.1426     29.422    30.4191    23.1992    1.09947    1.57126     47.989    6.35381    9.08023  0.000e+00
        778     29.627     42.970   3232.471   8896.594    11.0679   3.448445     1.1111     0.0073     0.1343     0.0085     1.1111     1.1220     29.378    30.4191    23.1992    1.09947    1.57125     47.989    6.35381    9.08023  0.000e+00
        779     29.627     42.970   3232.471   8896.593    11.0679   3.448444     1.1123     0.0073     0.1355     0.0085     1.1123     1.1426     29.378    30.4191    23.1992    1.10221    1.57517     48.109    6.35381    9.08023  0.000e+00
        780     29.627     42.970   3232.471   8896.592    11.0679   3.448444     1.1111     0.0061     0.1355     0.0085     1.1111     1.1426     29.378    30.4191    23.1992    1.09947    1.57125     47.989    6.35381    9.08023  0.000e+00
        781     29.627     42.970   3232.471   8901.251    11.0679   3.452500     1.1123     0.0073     0.1355     0.0085     1.1123     1.1426     29.378    30.4588    23.2300    1.10193    1.57477     48.095    6.35222    9.07796  0.000e+00
        782     29.582     42.905   3232.218   8895.845    11.0643   3.447793     1.1123     0.0073     0.1343     0.0085     1.1123     1.1220     29.334    30.4158    23.1972    1.10231    1.57531     48.113    6.35445    9.08114  0.000e+00
        783     29.493     42.775   3232.408   8896.031    11.0670   3.447955     1.1123     0.0061     0.1355     0.0085     1.1123     1.1426     29.245    30.4151    23.1963    1.10224    1.57521     48.110    6.35409    9.08064  0.000e+00
        784     29.403     42.645   3232.472   8896.030    11.0679   3.447954     1.1111     0.0073     0.1331     0.0085     1.1111     1.1013     29.156    30.4144    23.1955    1.09947    1.57125     47.989    6.35400    9.08050  0.000e+00
        785     29.313     42.516   3232.535   8895.842    11.0689   3.447791     1.1111     0.0061     0.1343     0.0085     1.1111     1.1220     29.067    30.4121    23.1936    1.09945    1.57122     47.988    6.35396    9.08045  0.000e+00
        786     29.224     42.386   3232.661   8895.469    11.0707   3.447465     1.1111     0.0073     0.1343     0.0085     1.1111     1.1220     28.979    30.4074    23.1896    1.09943    1.57119     47.988    6.35389    9.08035  0.000e+00
        787     29.134     42.256   3232.662   8895.654    11.0707   3.447627     1.1123     0.0073     0.1343     0.0085     1.1123     1.1220     28.890    30.4090    23.1909    1.10214    1.57507     48.106    6.35383    9.08026  0.000e+00
        788     29.000     42.061   3232.535   8895.280    11.0689   3.447302     1.1099     0.0073     0.1343     0.0085     1.1099     1.1220     28.757    30.4074    23.1899    1.09669    1.56728     47.868    6.35415    9.08071  0.000e+00
        789     28.866     41.866   3232.599   8895.093    11.0698   3.447139     1.1111     0.0061     0.1355     0.0085     1.1111     1.1426     28.624    30.4051    23.1880    1.09941    1.57117     47.987    6.35411    9.08066  0.000e+00
        790     28.776     41.737   3232.599   8895.092    11.0698   3.447138     1.1111     0.0073     0.1343     0.0085     1.1111     1.1220     28.535    30.4052    23.1880    1.09940    1.57115     47.986    6.35411    9.08066  0.000e+00
