unitTesting/processed_seabird_noalign/ORCA1_CAST0041.cnv
* Sea-Bird SBE 19 Data File:
* FileName =
* Software Version 4.234
* Temperature SN = 2835
* Conductivity SN = 2835
* System UpLoad Time = Sat Jan 29 06:08:41 2005

** Ship: ORCA
** Cruise: Mooring
** Station: Twanoh
** Latitude: 47 22.5
** Longitude: 123 0.5
# nquan = 22
# nvalues = 931                                   
# units = specified
# name 0 = scan: Scan Count
# name 1 = prSM: Pressure, Strain Gauge [db]
# name 2 = prSE: Pressure, Strain Gauge [psi]
# name 3 = f0: Frequency 0
# name 4 = f1: Frequency 1
# name 5 = t090C: Temperature [ITS-90, deg C]
# name 6 = c0S/m: Conductivity [S/m]
# name 7 = v0: Voltage 0
# name 8 = v1: Voltage 1
# name 9 = v2: Voltage 2
# name 10 = v3: Voltage 3
# name 11 = sbeox0V: Oxygen raw, SBE 43 [V]
# name 12 = wetStar: Fluorescence, WET Labs WETstar [mg/m^3]
# name 13 = depSM: Depth [salt water, m], lat = 47.28
# name 14 = sal00: Salinity, Practical [PSU]
# name 15 = sigma-t00: Density [sigma-t, Kg/m^3 ]
# name 16 = sbeox0ML/L: Oxygen, SBE 43 [ml/l]
# name 17 = sbeox0Mg/L: Oxygen, SBE 43 [mg/l]
# name 18 = sbeox0Mm/Kg: Oxygen, SBE 43 [umol/Kg]
# name 19 = oxsatML/L: Oxygen Saturation, Weiss [ml/l]
# name 20 = oxsatMg/L: Oxygen Saturation, Weiss [mg/l]
# name 21 = flag:  0.000e+00
# span 0 =          1,        931                 
# span 1 =      0.996,     29.582                 
# span 2 =      1.444,     42.905                 
# span 3 =   3079.141,   3232.227                 
# span 4 =   7327.216,   8900.359                 
# span 5 =     8.8059,    11.0644                 
# span 6 =   2.204359,   3.451723                 
# span 7 =     0.0000,     2.7534                 
# span 8 =     0.0000,     0.0073                 
# span 9 =     0.0000,     0.3199                 
# span 10 =     0.0000,     0.0098                
# span 11 =     0.0000,     2.7534                
# span 12 =    -1.1506,     4.2622                
# span 13 =      0.988,     29.334                
# span 14 =    19.7942,    30.4885                
# span 15 =    15.2645,    23.2608                
# span 16 =   -1.39799,    5.28881                
# span 17 =   -1.99787,    7.55824                
# span 18 =    -61.035,    232.643                
# span 19 =    6.35590,    7.15191                
# span 20 =    9.08322,   10.22079                
# span 21 = 0.0000e+00, 0.0000e+00                
# interval = seconds: 0.5
# start_time = Jan 31 2016 20:27:33 [DatCnv date, localtime]
# bad_flag = -9.990e-29
*END*
[from data line 66]
         67     19.066     27.652   3229.799   8861.467    11.0292   3.417928     0.0000     0.0012     0.0000     0.0012     0.0000    -1.1506     18.906    30.1567    23.0019   -1.39706   -1.99653    -60.990    6.36970    9.10294  0.000e+00
         68     19.066     27.652   3229.799   8861.465    11.0292   3.417926     0.0000     0.0012     0.0000     0.0012     0.0000    -1.1506     18.906    30.1566    23.0018   -1.39706   -1.99653    -60.990    6.36970    9.10294  0.000e+00
         69     19.066     27.652   3229.736   8861.649    11.0283   3.418086     0.0012     0.0012     0.0000     0.0012     0.0012    -1.1506     18.906    30.1590    23.0038   -1.39432   -1.99262    -60.870    6.36974    9.10299  0.000e+00
         70     19.066     27.652   3229.863   8861.459    11.0301   3.417921     0.0012     0.0012     0.0000     0.0012     0.0012    -1.1506     18.906    30.1559    23.0011   -1.39429   -1.99258    -60.869    6.36961    9.10281  0.000e+00
         71     19.066     27.652   3229.800   8861.457    11.0292   3.417919     0.0000     0.0012     0.0000     0.0012     0.0000    -1.1506     18.906    30.1566    23.0018   -1.39706   -1.99654    -60.990    6.36971    9.10295  0.000e+00
         72     19.066     27.652   3229.800   8861.454    11.0292   3.417916     0.0000     0.0012     0.0000     0.0012     0.0000    -1.1506     18.906    30.1566    23.0018   -1.39706   -1.99654    -60.990    6.36971    9.10295  0.000e+00
         73     19.066     27.652   3229.800   8861.451    11.0292   3.417914     0.0000     0.0012     0.0000     0.0012     0.0000    -1.1506     18.906    30.1565    23.0018   -1.39706   -1.99654    -60.990    6.36971    9.10295  0.000e+00
         74     19.066     27.652   3229.800   8861.636    11.0292   3.418074     0.0000     0.0012     0.0000     0.0012     0.0000    -1.1506     18.906    30.1581    23.0030   -1.39704   -1.99652    -60.989    6.36964    9.10286  0.000e+00
         75     19.066     27.652   3229.800   8861.633    11.0292   3.418072     0.0000     0.0012     0.0000     0.0012     0.0000    -1.1506     18.906    30.1581    23.0029   -1.39704   -1.99652    -60.989    6.36965    9.10286  0.000e+00
         76     19.066     27.652   3229.737   8861.630    11.0283   3.418069     0.0000     0.0000     0.0000     0.0012     0.0000    -1.1506     18.906    30.1588    23.0037   -1.39706   -1.99654    -60.990    6.36974    9.10300  0.000e+00
         77     19.066     27.652   3229.800   8861.441    11.0292   3.417905     0.0000     0.0012     0.0000     0.0012     0.0000    -1.1506     18.906    30.1564    23.0017   -1.39706   -1.99654    -60.990    6.36971    9.10295  0.000e+00
         78     19.066     27.652   3229.800   8861.438    11.0292   3.417902     0.0000     0.0000     0.0000     0.0012     0.0000    -1.1506     18.906    30.1564    23.0017   -1.39706   -1.99654    -60.990    6.36971    9.10296  0.000e+00
         79     19.066     27.652   3229.800   8861.622    11.0292   3.418062     0.0000     0.0012     0.0000     0.0012     0.0000    -1.1506     18.906    30.1580    23.0029   -1.39705   -1.99652    -60.989    6.36965    9.10287  0.000e+00
         80     19.066     27.652   3229.737   8861.620    11.0283   3.418060     0.0000     0.0012     0.0000     0.0012     0.0000    -1.1506     18.906    30.1587    23.0036   -1.39707   -1.99655    -60.990    6.36975    9.10301  0.000e+00
         81     19.066     27.652   3229.737   8861.617    11.0283   3.418058     0.0000     0.0000     0.0000     0.0000     0.0000    -1.1506     18.906    30.1587    23.0036   -1.39707   -1.99655    -60.990    6.36975    9.10301  0.000e+00
         82     19.021     27.587   3229.800   8861.614    11.0292   3.418055     0.0000     0.0000     0.0000     0.0012     0.0000    -1.1506     18.862    30.1579    23.0028   -1.39704   -1.99651    -60.989    6.36965    9.10287  0.000e+00
         83     19.066     27.652   3229.737   8861.612    11.0283   3.418053     0.0000     0.0000     0.0000     0.0000     0.0000    -1.1506     18.906    30.1586    23.0035   -1.39707   -1.99655    -60.990    6.36975    9.10301  0.000e+00
         84     19.066     27.652   3229.800   8861.609    11.0292   3.418051     0.0000     0.0000     0.0000     0.0012     0.0000    -1.1506     18.906    30.1579    23.0028   -1.39705   -1.99652    -60.989    6.36965    9.10287  0.000e+00
         85     19.066     27.652   3229.674   8849.435    11.0274   3.407503     0.0000     0.0000     0.0000     0.0000     0.0000    -1.1506     18.906    30.0562    22.9241   -1.39799   -1.99787    -61.035    6.37399    9.10907  0.000e+00
         86     19.066     27.652   3231.633   8864.036    11.0558   3.420155     0.8486     0.0073     0.0000     0.0085     0.8486    -1.1506     18.906    30.1566    22.9973    0.51021    0.72914     22.274    6.36601    9.09767  0.000e+00
         87     19.066     27.652   3229.864   8863.285    11.0301   3.419504     0.8694     0.0073     0.1355     0.0085     0.8694     1.1426     18.906    30.1713    23.0131    0.55708    0.79612     24.320    6.36899    9.10192  0.000e+00
         88     19.066     27.652   3229.800   8863.282    11.0292   3.419502     0.8694     0.0073     0.1404     0.0085     0.8694     1.2253     18.906    30.1721    23.0138    0.55709    0.79614     24.320    6.36908    9.10206  0.000e+00
         89     19.066     27.652   3229.864   8863.093    11.0301   3.419337     0.8730     0.0073     0.1404     0.0085     0.8730     1.2253     18.906    30.1697    23.0118    0.56532    0.80790     24.679    6.36905    9.10201  0.000e+00
         90     19.066     27.652   3229.927   8862.903    11.0310   3.419172     0.8779     0.0061     0.1404     0.0085     0.8779     1.2253     18.906    30.1673    23.0098    0.57630    0.82358     25.158    6.36902    9.10196  0.000e+00
         91     19.066     27.652   3229.990   8862.713    11.0320   3.419008     0.8828     0.0073     0.1416     0.0085     0.8828     1.2459     18.906    30.1650    23.0078    0.58727    0.83927     25.638    6.36899    9.10192  0.000e+00
         92     19.066     27.652   3229.927   8863.085    11.0310   3.419330     0.8864     0.0073     0.1441     0.0085     0.8864     1.2872     18.906    30.1689    23.0110    0.59550    0.85103     25.997    6.36896    9.10187  0.000e+00
         93     19.066     27.652   3229.927   8862.895    11.0310   3.419165     0.8864     0.0073     0.1392     0.0085     0.8864     1.2046     18.906    30.1673    23.0098    0.59551    0.85104     25.997    6.36902    9.10197  0.000e+00
         94     19.066     27.652   3230.054   8862.705    11.0329   3.419001     0.8852     0.0073     0.1404     0.0085     0.8852     1.2253     18.906    30.1641    23.0070    0.59275    0.84710     25.877    6.36889    9.10178  0.000e+00
         95     19.066     27.652   3229.864   8863.076    11.0301   3.419323     0.8840     0.0073     0.1392     0.0085     0.8840     1.2046     18.906    30.1696    23.0117    0.59002    0.84320     25.758    6.36906    9.10202  0.000e+00
         96     19.066     27.652   3229.991   8862.887    11.0320   3.419158     0.8828     0.0073     0.1392     0.0085     0.8828     1.2046     18.906    30.1664    23.0090    0.58727    0.83926     25.637    6.36893    9.10183  0.000e+00
         97     19.066     27.652   3230.054   8862.884    11.0329   3.419156     0.8852     0.0073     0.1416     0.0085     0.8852     1.2459     18.906    30.1657    23.0082    0.59275    0.84709     25.877    6.36883    9.10169  0.000e+00
         98     19.066     27.652   3229.991   8862.694    11.0320   3.418992     0.8913     0.0073     0.1404     0.0085     0.8913     1.2253     18.906    30.1648    23.0077    0.60648    0.86672     26.476    6.36899    9.10193  0.000e+00
         99     19.066     27.652   3230.054   8862.504    11.0329   3.418827     0.8974     0.0073     0.1429     0.0085     0.8974     1.2666     18.906    30.1624    23.0057    0.62020    0.88633     27.075    6.36896    9.10188  0.000e+00
        100     19.066     27.652   3230.054   8862.689    11.0329   3.418987     0.9048     0.0073     0.1429     0.0085     0.9048     1.2666     18.906    30.1640    23.0069    0.63666    0.90985     27.794    6.36890    9.10179  0.000e+00
        101     19.066     27.652   3230.117   8862.499    11.0338   3.418822     0.9133     0.0061     0.1416     0.0085     0.9133     1.2459     18.906    30.1616    23.0049    0.65587    0.93730     28.632    6.36886    9.10174  0.000e+00
        102     19.066     27.652   3230.054   8862.684    11.0329   3.418982     0.9219     0.0073     0.1404     0.0085     0.9219     1.2253     18.906    30.1640    23.0069    0.67508    0.96476     29.471    6.36890    9.10179  0.000e+00
        103     19.066     27.652   3230.054   8862.681    11.0329   3.418980     0.9292     0.0073     0.1404     0.0085     0.9292     1.2253     18.906    30.1639    23.0069    0.69155    0.98829     30.190    6.36890    9.10179  0.000e+00
        104     19.066     27.652   3229.991   8862.491    11.0320   3.418815     0.9389     0.0061     0.1392     0.0085     0.9389     1.2046     18.906    30.1631    23.0064    0.71352    1.01969     31.149    6.36906    9.10202  0.000e+00
        105     19.066     27.652   3230.054   8862.676    11.0329   3.418975     0.9475     0.0073     0.1380     0.0085     0.9475     1.1839     18.906    30.1639    23.0068    0.73271    1.04712     31.987    6.36890    9.10179  0.000e+00
        106     19.066     27.652   3229.991   8862.673    11.0320   3.418973     0.9536     0.0073     0.1368     0.0085     0.9536     1.1633     18.906    30.1646    23.0076    0.74645    1.06675     32.587    6.36900    9.10193  0.000e+00
        107     19.066     27.652   3230.054   8862.670    11.0329   3.418971     0.9597     0.0073     0.1392     0.0085     0.9597     1.2046     18.906    30.1638    23.0068    0.76016    1.08634     33.185    6.36890    9.10180  0.000e+00
        108     19.066     27.652   3230.054   8862.855    11.0329   3.419131     0.9670     0.0073     0.1380     0.0085     0.9670     1.1839     18.906    30.1654    23.0080    0.77662    1.10986     33.904    6.36884    9.10171  0.000e+00
        109     19.066     27.652   3230.054   8862.665    11.0329   3.418966     0.9707     0.0073     0.1368     0.0085     0.9707     1.1633     18.906    30.1638    23.0068    0.78486    1.12164     34.263    6.36890    9.10180  0.000e+00
        110     19.066     27.652   3230.118   8862.662    11.0338   3.418964     0.9756     0.0073     0.1392     0.0085     0.9756     1.2046     18.906    30.1630    23.0060    0.79582    1.13731     34.742    6.36881    9.10166  0.000e+00
        111     19.066     27.652   3230.118   8862.659    11.0338   3.418961     0.9792     0.0073     0.1368     0.0085     0.9792     1.1633     18.906    30.1630    23.0060    0.80406    1.14908     35.102    6.36881    9.10166  0.000e+00
        112     19.066     27.652   3230.055   8862.657    11.0329   3.418959     0.9841     0.0073     0.1380     0.0085     0.9841     1.1839     18.906    30.1637    23.0067    0.81504    1.16478     35.581    6.36891    9.10180  0.000e+00
        113     19.066     27.652   3229.991   8862.654    11.0320   3.418957     0.9878     0.0073     0.1441     0.0085     0.9878     1.2872     18.906    30.1645    23.0074    0.82329    1.17656     35.941    6.36900    9.10194  0.000e+00
        114     19.066     27.652   3230.118   8862.651    11.0338   3.418954     0.9890     0.0073     0.1380     0.0085     0.9890     1.1839     18.906    30.1629    23.0059    0.82601    1.18045     36.060    6.36881    9.10167  0.000e+00
        115     19.066     27.652   3230.118   8862.649    11.0338   3.418952     0.9927     0.0073     0.1380     0.0085     0.9927     1.1839     18.906    30.1629    23.0059    0.83424    1.19222     36.419    6.36881    9.10167  0.000e+00
        116     19.066     27.652   3230.181   8862.646    11.0347   3.418950     0.9939     0.0073     0.1392     0.0085     0.9939     1.2046     18.906    30.1621    23.0051    0.83698    1.19612     36.539    6.36871    9.10153  0.000e+00
        117     19.066     27.652   3230.055   8862.643    11.0329   3.418947     0.9963     0.0073     0.1392     0.0085     0.9963     1.2046     18.906    30.1636    23.0066    0.84249    1.20400     36.779    6.36891    9.10181  0.000e+00
        118     19.066     27.652   3230.055   8862.454    11.0329   3.418783     0.9988     0.0073     0.1368     0.0085     0.9988     1.1633     18.906    30.1620    23.0054    0.84799    1.21186     37.019    6.36897    9.10190  0.000e+00
        119     19.066     27.652   3230.055   8862.451    11.0329   3.418781     1.0000     0.0073     0.1368     0.0085     1.0000     1.1633     18.906    30.1620    23.0053    0.85073    1.21578     37.139    6.36898    9.10190  0.000e+00
        120     19.066     27.652   3230.055   8862.448    11.0329   3.418778     1.0012     0.0073     0.1380     0.0085     1.0012     1.1839     18.906    30.1619    23.0053    0.85347    1.21970     37.259    6.36898    9.10190  0.000e+00
        121     19.066     27.652   3230.055   8862.633    11.0329   3.418938     1.0024     0.0073     0.1368     0.0085     1.0024     1.1633     18.906    30.1635    23.0065    0.85621    1.22361     37.378    6.36891    9.10181  0.000e+00
        122     19.066     27.652   3230.055   8862.630    11.0329   3.418936     1.0049     0.0061     0.1368     0.0085     1.0049     1.1633     18.906    30.1635    23.0065    0.86170    1.23145     37.618    6.36891    9.10182  0.000e+00
        123     19.066     27.652   3229.992   8862.440    11.0320   3.418771     1.0049     0.0061     0.1368     0.0085     1.0049     1.1633     18.906    30.1626    23.0060    0.86172    1.23148     37.619    6.36908    9.10205  0.000e+00
        124     19.066     27.652   3230.055   8862.250    11.0329   3.418607     1.0061     0.0073     0.1355     0.0085     1.0061     1.1426     18.906    30.1603    23.0040    0.86446    1.23540     37.739    6.36904    9.10200  0.000e+00
        125     19.066     27.652   3229.823   8862.312    11.0295   3.418660     1.0073     0.0061     0.1380     0.0085     1.0073     1.1839     18.906    30.1635    23.0071    0.86725    1.23938     37.860    6.36938    9.10248  0.000e+00
        126     19.066     27.652   3229.592   8862.377    11.0262   3.418716     1.0073     0.0073     0.1404     0.0073     1.0073     1.2253     18.906    30.1669    23.0103    0.86729    1.23944     37.862    6.36971    9.10296  0.000e+00
        127     19.110     27.717   3229.361   8862.445    11.0228   3.418776     1.0098     0.0073     0.1416     0.0085     1.0098     1.2459     18.950    30.1702    23.0134    0.87282    1.24735     38.103    6.37004    9.10343  0.000e+00
        128     19.066     27.652   3229.993   8862.451    11.0320   3.418780     1.0122     0.0073     0.1429     0.0085     1.0122     1.2666     18.906    30.1627    23.0061    0.87819    1.25501     38.338    6.36907    9.10204  0.000e+00
        129     19.066     27.652   3229.994   8862.456    11.0320   3.418785     1.0110     0.0073     0.1392     0.0098     1.0110     1.2046     18.906    30.1627    23.0061    0.87544    1.25109     38.218    6.36907    9.10203  0.000e+00
        130     19.066     27.652   3229.931   8862.274    11.0311   3.418627     1.0110     0.0073     0.1392     0.0085     1.0110     1.2046     18.906    30.1620    23.0056    0.87546    1.25112     38.219    6.36923    9.10226  0.000e+00
        131     19.066     27.652   3229.994   8862.466    11.0320   3.418794     1.0122     0.0073     0.1392     0.0085     1.0122     1.2046     18.906    30.1628    23.0062    0.87818    1.25501     38.338    6.36906    9.10203  0.000e+00
