unitTesting/processed_seabird_noalign/ORCA1_CAST0044.cnv
* Sea-Bird SBE 19 Data File:
* FileName =
* Software Version 4.234
* Temperature SN = 2835
* Conductivity SN = 2835
* System UpLoad Time = Sun Jan 30 00:10:12 2005

** Ship: ORCA
** Cruise: Mooring
** Station: Twanoh
** Latitude: 47 22.5
** Longitude: 123 0.5
# nquan = 22
# nvalues = 914                                   
# units = specified
# name 0 = scan: Scan Count
# name 1 = prSM: Pressure, Strain Gauge [db]
# name 2 = prSE: Pressure, Strain Gauge [psi]
# name 3 = f0: Frequency 0
# name 4 = f1: Frequency 1
# name 5 = t090C: Temperature [ITS-90, deg C]
# name 6 = c0S/m: Conductivity [S/m]
# name 7 = v0: Voltage 0
# name 8 = v1: Voltage 1
# name 9 = v2: Voltage 2
# name 10 = v3: Voltage 3
# name 11 = sbeox0V: Oxygen raw, SBE 43 [V]
# name 12 = wetStar: Fluorescence, WET Labs WETstar [mg/m^3]
# name 13 = depSM: Depth [salt water, m], lat = 47.28
# name 14 = sal00: Salinity, Practical [PSU]
# name 15 = sigma-t00: Density [sigma-t, Kg/m^3 ]
# name 16 = sbeox0ML/L: Oxygen, SBE 43 [ml/l]
# name 17 = sbeox0Mg/L: Oxygen, SBE 43 [mg/l]
# name 18 = sbeox0Mm/Kg: Oxygen, SBE 43 [umol/Kg]
# name 19 = oxsatML/L: Oxygen Saturation, Weiss [ml/l]
# name 20 = oxsatMg/L: Oxygen Saturation, Weiss [mg/l]
# name 21 = flag:  0.000e+00
# span 0 =          1,        914                 
# span 1 =      0.951,     29.627                 
# span 2 =      1.380,     42.970                 
# span 3 =   3092.624,   3232.726                 
# span 4 =   7477.241,   8894.858                 
# span 5 =     9.0079,    11.0716                 
# span 6 =   2.312750,   3.446934                 
# span 7 =     0.0000,     2.8303                 
# span 8 =     0.0000,     0.0073                 
# span 9 =     0.0000,     0.3126                 
# span 10 =     0.0000,     0.0098                
# span 11 =     0.0000,     2.8303                
# span 12 =    -1.1506,     4.1382                
# span 13 =      0.943,     29.378                
# span 14 =    20.7425,    30.4241                
# span 15 =    15.9783,    23.2072                
# span 16 =   -1.39861,    5.45852                
# span 17 =   -1.99875,    7.80077                
# span 18 =    -61.058,    239.916                
# span 19 =    6.35630,    7.07506                
# span 20 =    9.08378,   10.11097                
# span 21 = 0.0000e+00, 0.0000e+00                
# interval = seconds: 0.5
# start_time = Jan 31 2016 20:27:36 [DatCnv date, localtime]
# bad_flag = -9.990e-29
*END*
[from data line 132]
        133     18.931     27.458   3227.989   8852.507    11.0029   3.410164     0.9316     0.0073     0.1429     0.0085     0.9316     1.2666     18.773    30.1023    22.9641    0.69772    0.99711     30.461    6.37554    9.11128  0.000e+00
        134     18.931     27.458   3228.053   8852.507    11.0038   3.410164     0.9328     0.0073     0.1429     0.0085     0.9328     1.2666     18.773    30.1015    22.9633    0.70046    1.00103     30.580    6.37544    9.11114  0.000e+00
        135     18.931     27.458   3227.990   8852.507    11.0029   3.410164     0.9328     0.0073     0.1416     0.0085     0.9328     1.2459     18.773    30.1023    22.9641    0.70047    1.00104     30.581    6.37554    9.11128  0.000e+00
        136     18.931     27.458   3227.990   8852.507    11.0029   3.410164     0.9316     0.0073     0.1416     0.0085     0.9316     1.2459     18.773    30.1023    22.9641    0.69772    0.99711     30.461    6.37554    9.11128  0.000e+00
        137     18.887     27.393   3227.991   8852.506    11.0029   3.410163     0.9328     0.0061     0.1404     0.0085     0.9328     1.2253     18.728    30.1023    22.9641    0.70046    1.00103     30.580    6.37554    9.11128  0.000e+00
        138     18.931     27.458   3228.054   8852.506    11.0039   3.410163     0.9341     0.0073     0.1429     0.0085     0.9341     1.2666     18.773    30.1015    22.9633    0.70321    1.00495     30.700    6.37544    9.11114  0.000e+00
        139     18.931     27.458   3227.991   8852.694    11.0029   3.410325     0.9341     0.0073     0.1416     0.0085     0.9341     1.2459     18.773    30.1038    22.9653    0.70321    1.00495     30.700    6.37547    9.11119  0.000e+00
        140     18.931     27.458   3228.055   8852.693    11.0039   3.410325     0.9341     0.0073     0.1416     0.0085     0.9341     1.2459     18.773    30.1031    22.9645    0.70320    1.00494     30.700    6.37537    9.11105  0.000e+00
        141     18.931     27.458   3228.055   8852.693    11.0039   3.410325     0.9341     0.0073     0.1416     0.0085     0.9341     1.2459     18.773    30.1031    22.9645    0.70320    1.00494     30.700    6.37537    9.11104  0.000e+00
        142     18.931     27.458   3228.119   8852.880    11.0048   3.410487     0.9341     0.0061     0.1416     0.0085     0.9341     1.2459     18.773    30.1039    22.9650    0.70318    1.00492     30.699    6.37521    9.11081  0.000e+00
        143     18.931     27.458   3228.056   8852.880    11.0039   3.410487     0.9353     0.0073     0.1416     0.0085     0.9353     1.2459     18.773    30.1047    22.9658    0.70594    1.00886     30.819    6.37531    9.11095  0.000e+00
        144     18.931     27.458   3228.057   8852.693    11.0039   3.410325     0.9365     0.0073     0.1416     0.0085     0.9365     1.2459     18.773    30.1031    22.9645    0.70869    1.01279     30.940    6.37537    9.11104  0.000e+00
        145     18.931     27.458   3228.120   8852.880    11.0048   3.410487     0.9353     0.0073     0.1416     0.0085     0.9353     1.2459     18.773    30.1039    22.9650    0.70593    1.00884     30.819    6.37521    9.11081  0.000e+00
        146     18.931     27.458   3228.184   8852.880    11.0057   3.410487     0.9353     0.0073     0.1416     0.0085     0.9353     1.2459     18.773    30.1031    22.9643    0.70592    1.00883     30.819    6.37511    9.11067  0.000e+00
        147     18.931     27.458   3228.121   8852.505    11.0048   3.410162     0.9365     0.0073     0.1416     0.0085     0.9365     1.2459     18.773    30.1007    22.9625    0.70869    1.01279     30.940    6.37534    9.11099  0.000e+00
        148     18.931     27.458   3227.995   8852.692    11.0030   3.410324     0.9377     0.0073     0.1429     0.0085     0.9377     1.2666     18.773    30.1038    22.9652    0.71145    1.01673     31.060    6.37547    9.11118  0.000e+00
        149     18.931     27.458   3228.058   8852.880    11.0039   3.410487     0.9389     0.0073     0.1404     0.0085     0.9389     1.2253     18.773    30.1046    22.9657    0.71418    1.02063     31.179    6.37530    9.11095  0.000e+00
        150     18.931     27.458   3228.059   8852.879    11.0039   3.410486     0.9389     0.0073     0.1416     0.0085     0.9389     1.2459     18.773    30.1046    22.9657    0.71418    1.02063     31.179    6.37530    9.11095  0.000e+00
        151     18.931     27.458   3228.059   8852.879    11.0039   3.410486     0.9377     0.0073     0.1416     0.0085     0.9377     1.2459     18.773    30.1046    22.9657    0.71143    1.01671     31.059    6.37530    9.11095  0.000e+00
        152     18.931     27.458   3228.060   8852.692    11.0039   3.410324     0.9389     0.0073     0.1429     0.0085     0.9389     1.2666     18.773    30.1030    22.9645    0.71419    1.02064     31.179    6.37537    9.11104  0.000e+00
        153     18.931     27.458   3228.060   8852.317    11.0039   3.409999     0.9389     0.0073     0.1416     0.0085     0.9389     1.2459     18.773    30.0998    22.9620    0.71420    1.02066     31.180    6.37549    9.11122  0.000e+00
        154     18.931     27.458   3227.997   8852.692    11.0030   3.410324     0.9377     0.0061     0.1453     0.0085     0.9377     1.3079     18.773    30.1038    22.9652    0.71145    1.01673     31.060    6.37546    9.11117  0.000e+00
        155     18.931     27.458   3227.998   8852.504    11.0030   3.410161     0.9389     0.0073     0.1416     0.0085     0.9389     1.2459     18.773    30.1022    22.9640    0.71420    1.02067     31.180    6.37553    9.11126  0.000e+00
        156     18.931     27.458   3227.998   8852.129    11.0030   3.409837     0.9377     0.0073     0.1416     0.0085     0.9377     1.2459     18.773    30.0990    22.9615    0.71147    1.01676     31.061    6.37565    9.11145  0.000e+00
        157     18.931     27.458   3227.998   8851.942    11.0030   3.409674     0.9389     0.0073     0.1404     0.0085     0.9389     1.2253     18.773    30.0974    22.9603    0.71422    1.02070     31.181    6.37572    9.11154  0.000e+00
        158     18.931     27.458   3227.936   8852.129    11.0021   3.409836     0.9377     0.0073     0.1416     0.0085     0.9377     1.2459     18.773    30.0997    22.9622    0.71148    1.01678     31.061    6.37575    9.11158  0.000e+00
        159     18.931     27.458   3227.936   8852.316    11.0021   3.409999     0.9389     0.0073     0.1429     0.0085     0.9389     1.2666     18.773    30.1013    22.9635    0.71422    1.02069     31.181    6.37569    9.11149  0.000e+00
        160     18.931     27.458   3227.936   8852.503    11.0021   3.410161     0.9377     0.0073     0.1416     0.0085     0.9377     1.2459     18.773    30.1029    22.9647    0.71147    1.01675     31.061    6.37562    9.11140  0.000e+00
        161     18.931     27.458   3228.063   8852.503    11.0040   3.410161     0.9377     0.0061     0.1441     0.0085     0.9377     1.2872     18.773    30.1014    22.9632    0.71145    1.01673     31.060    6.37543    9.11112  0.000e+00
        162     18.931     27.458   3228.063   8852.503    11.0040   3.410160     0.9389     0.0073     0.1404     0.0085     0.9389     1.2253     18.773    30.1014    22.9632    0.71419    1.02065     31.180    6.37542    9.11112  0.000e+00
        163     18.931     27.458   3228.001   8852.690    11.0031   3.410323     0.9389     0.0073     0.1429     0.0085     0.9389     1.2666     18.773    30.1037    22.9652    0.71419    1.02066     31.180    6.37546    9.11117  0.000e+00
        164     18.931     27.458   3228.064   8853.065    11.0040   3.410647     0.9389     0.0073     0.1429     0.0085     0.9389     1.2666     18.773    30.1061    22.9669    0.71417    1.02062     31.179    6.37523    9.11084  0.000e+00
        165     18.931     27.458   3228.128   8852.877    11.0049   3.410485     0.9377     0.0073     0.1416     0.0085     0.9377     1.2459     18.773    30.1038    22.9649    0.71142    1.01669     31.059    6.37520    9.11080  0.000e+00
        166     18.931     27.458   3228.191   8852.877    11.0058   3.410484     0.9402     0.0073     0.1441     0.0085     0.9402     1.2872     18.773    30.1030    22.9642    0.71690    1.02453     31.298    6.37510    9.11066  0.000e+00
        167     18.931     27.458   3228.129   8853.252    11.0049   3.410809     0.9389     0.0073     0.1429     0.0085     0.9389     1.2666     18.773    30.1069    22.9674    0.71415    1.02060     31.178    6.37507    9.11061  0.000e+00
        168     18.931     27.458   3228.192   8853.252    11.0059   3.410809     0.9402     0.0061     0.1416     0.0085     0.9402     1.2459     18.773    30.1062    22.9666    0.71689    1.02451     31.297    6.37497    9.11047  0.000e+00
        169     18.931     27.458   3228.193   8853.251    11.0059   3.410809     0.9414     0.0073     0.1429     0.0085     0.9414     1.2666     18.773    30.1062    22.9666    0.71964    1.02843     31.417    6.37497    9.11047  0.000e+00
        170     18.931     27.458   3228.256   8853.439    11.0068   3.410971     0.9402     0.0073     0.1441     0.0085     0.9402     1.2872     18.773    30.1070    22.9671    0.71687    1.02448     31.297    6.37481    9.11024  0.000e+00
        171     18.931     27.458   3228.193   8853.439    11.0059   3.410971     0.9402     0.0061     0.1404     0.0085     0.9402     1.2253     18.773    30.1078    22.9678    0.71688    1.02450     31.297    6.37491    9.11038  0.000e+00
        172     18.931     27.458   3228.194   8853.438    11.0059   3.410971     0.9402     0.0073     0.1429     0.0085     0.9402     1.2666     18.773    30.1077    22.9678    0.71688    1.02450     31.297    6.37491    9.11038  0.000e+00
        173     18.931     27.458   3228.257   8853.438    11.0068   3.410970     0.9414     0.0073     0.1441     0.0085     0.9414     1.2872     18.773    30.1070    22.9671    0.71962    1.02841     31.417    6.37481    9.11024  0.000e+00
        174     18.931     27.458   3228.321   8853.438    11.0077   3.410970     0.9402     0.0073     0.1453     0.0085     0.9402     1.3079     18.773    30.1062    22.9663    0.71686    1.02447     31.296    6.37471    9.11010  0.000e+00
        175     18.931     27.458   3228.321   8853.438    11.0077   3.410970     0.9414     0.0073     0.1429     0.0085     0.9414     1.2666     18.773    30.1062    22.9663    0.71961    1.02839     31.416    6.37471    9.11010  0.000e+00
        176     18.931     27.458   3228.258   8853.438    11.0068   3.410970     0.9389     0.0073     0.1441     0.0085     0.9389     1.2872     18.773    30.1070    22.9671    0.71413    1.02056     31.177    6.37481    9.11024  0.000e+00
        177     18.931     27.458   3228.322   8853.438    11.0077   3.410970     0.9389     0.0073     0.1429     0.0085     0.9389     1.2666     18.773    30.1062    22.9663    0.71412    1.02054     31.176    6.37471    9.11010  0.000e+00
        178     18.931     27.458   3228.259   8853.438    11.0068   3.410970     0.9402     0.0073     0.1453     0.0085     0.9402     1.3079     18.773    30.1070    22.9671    0.71687    1.02448     31.297    6.37481    9.11023  0.000e+00
        179     18.931     27.458   3228.260   8853.437    11.0068   3.410970     0.9389     0.0061     0.1441     0.0085     0.9389     1.2872     18.773    30.1070    22.9670    0.71413    1.02056     31.177    6.37480    9.11023  0.000e+00
        180     18.931     27.458   3228.260   8853.437    11.0068   3.410970     0.9389     0.0073     0.1416     0.0085     0.9389     1.2459     18.773    30.1070    22.9670    0.71413    1.02056     31.177    6.37480    9.11023  0.000e+00
        181     18.931     27.458   3228.197   8853.250    11.0059   3.410807     0.9389     0.0073     0.1429     0.0085     0.9389     1.2666     18.773    30.1061    22.9665    0.71414    1.02058     31.178    6.37496    9.11046  0.000e+00
        182     18.931     27.458   3228.198   8853.437    11.0059   3.410969     0.9377     0.0061     0.1453     0.0085     0.9377     1.3079     18.773    30.1077    22.9678    0.71139    1.01665     31.057    6.37490    9.11037  0.000e+00
        183     18.931     27.458   3228.198   8853.250    11.0059   3.410807     0.9377     0.0073     0.1429     0.0085     0.9377     1.2666     18.773    30.1061    22.9665    0.71140    1.01666     31.058    6.37496    9.11046  0.000e+00
        184     18.931     27.458   3228.198   8853.249    11.0059   3.410807     0.9389     0.0073     0.1416     0.0085     0.9389     1.2459     18.773    30.1061    22.9665    0.71414    1.02058     31.178    6.37496    9.11046  0.000e+00
        185     18.931     27.458   3228.262   8853.249    11.0069   3.410807     0.9377     0.0073     0.1429     0.0085     0.9377     1.2666     18.773    30.1053    22.9658    0.71139    1.01664     31.057    6.37487    9.11032  0.000e+00
        186     18.931     27.458   3228.262   8853.249    11.0069   3.410807     0.9377     0.0073     0.1404     0.0085     0.9377     1.2253     18.773    30.1053    22.9658    0.71139    1.01664     31.057    6.37486    9.11032  0.000e+00
        187     18.931     27.458   3228.199   8853.249    11.0060   3.410807     0.9377     0.0073     0.1404     0.0085     0.9377     1.2253     18.773    30.1061    22.9665    0.71140    1.01666     31.058    6.37496    9.11046  0.000e+00
        188     18.931     27.458   3228.137   8853.249    11.0050   3.410806     0.9389     0.0073     0.1429     0.0085     0.9389     1.2666     18.773    30.1068    22.9672    0.71415    1.02059     31.178    6.37506    9.11060  0.000e+00
        189     18.931     27.458   3228.263   8853.061    11.0069   3.410644     0.9377     0.0073     0.1416     0.0085     0.9377     1.2459     18.773    30.1037    22.9645    0.71139    1.01665     31.058    6.37493    9.11041  0.000e+00
        190     18.931     27.458   3228.137   8852.874    11.0051   3.410482     0.9377     0.0061     0.1404     0.0085     0.9377     1.2253     18.773    30.1036    22.9648    0.71142    1.01669     31.059    6.37518    9.11078  0.000e+00
        191     18.931     27.458   3228.138   8853.061    11.0051   3.410644     0.9365     0.0073     0.1404     0.0085     0.9365     1.2253     18.773    30.1052    22.9660    0.70867    1.01275     30.938    6.37512    9.11068  0.000e+00
        192     18.931     27.458   3228.201   8853.248    11.0060   3.410806     0.9377     0.0061     0.1416     0.0085     0.9377     1.2459     18.773    30.1060    22.9665    0.71140    1.01665     31.058    6.37496    9.11045  0.000e+00
        193     18.931     27.458   3228.075   8853.061    11.0042   3.410644     0.9377     0.0073     0.1416     0.0085     0.9377     1.2459     18.773    30.1060    22.9667    0.71142    1.01669     31.059    6.37522    9.11082  0.000e+00
        194     18.931     27.458   3228.202   8853.248    11.0060   3.410806     0.9365     0.0061     0.1416     0.0085     0.9365     1.2459     18.773    30.1060    22.9665    0.70865    1.01273     30.938    6.37496    9.11045  0.000e+00
        195     18.931     27.458   3228.266   8853.435    11.0069   3.410968     0.9365     0.0073     0.1429     0.0085     0.9365     1.2666     18.773    30.1069    22.9670    0.70863    1.01270     30.937    6.37480    9.11022  0.000e+00
        196     18.931     27.458   3228.203   8853.435    11.0060   3.410968     0.9365     0.0073     0.1441     0.0085     0.9365     1.2872     18.773    30.1076    22.9677    0.70864    1.01272     30.937    6.37489    9.11036  0.000e+00
        197     18.931     27.458   3228.203   8853.435    11.0060   3.410968     0.9377     0.0073     0.1429     0.0085     0.9377     1.2666     18.773    30.1076    22.9677    0.71139    1.01664     31.057    6.37489    9.11036  0.000e+00
