unitTesting/processed_seabird_noalign/ORCA1_CAST0026.cnv
* Sea-Bird SBE 19 Data File:
* FileName =
* Software Version 4.234
* Temperature SN = 2835
* Conductivity SN = 2835
* System UpLoad Time = Tue Jan 25 12:00:20 2005

** Ship: ORCA
** Cruise: Mooring
** Station: Twanoh
** Latitude: 47 22.5
** Longitude: 123 0.5
# nquan = 22
# nvalues = 882                                   
# units = specified
# name 0 = scan: Scan Count
# name 1 = prSM: Pressure, Strain Gauge [db]
# name 2 = prSE: Pressure, Strain Gauge [psi]
# name 3 = f0: Frequency 0
# name 4 = f1: Frequency 1
# name 5 = t090C: Temperature [ITS-90, deg C]
# name 6 = c0S/m: Conductivity [S/m]
# name 7 = v0: Voltage 0
# name 8 = v1: Voltage 1
# name 9 = v2: Voltage 2
# name 10 = v3: Voltage 3
# name 11 = sbeox0V: Oxygen raw, SBE 43 [V]
# name 12 = wetStar: Fluorescence, WET Labs WETstar [mg/m^3]
# name 13 = depSM: Depth [salt water, m], lat = 47.28
# name 14 = sal00: Salinity, Practical [PSU]
# name 15 = sigma-t00: Density [sigma-t, Kg/m^3 ]
# name 16 = sbeox0ML/L: Oxygen, SBE 43 [ml/l]
# name 17 = sbeox0Mg/L: Oxygen, SBE 43 [mg/l]
# name 18 = sbeox0Mm/Kg: Oxygen, SBE 43 [umol/Kg]
# name 19 = oxsatML/L: Oxygen Saturation, Weiss [ml/l]
# name 20 = oxsatMg/L: Oxygen Saturation, Weiss [mg/l]
# name 21 = flag:  0.000e+00
# span 0 =          1,        882                 
# span 1 =      0.862,     29.627                 
# span 2 =      1.250,     42.970                 
# span 3 =   3110.897,   3233.845                 
# span 4 =   7507.055,   8900.703                 
# span 5 =     9.2808,    11.0879                 
# span 6 =   2.334554,   3.452022                 
# span 7 =     0.0000,     2.9695                 
# span 8 =     0.0000,     0.0073                 
# span 9 =     0.0000,     0.2601                 
# span 10 =     0.0000,     0.0098                
# span 11 =     0.0000,     2.9695                
# span 12 =    -1.1506,     3.2499                
# span 13 =      0.855,     29.378                
# span 14 =    20.7991,    30.4610                
# span 15 =    15.9874,    23.2332                
# span 16 =   -1.39433,    5.62678                
# span 17 =   -1.99263,    8.04122                
# span 18 =    -60.862,    247.337                
# span 19 =    6.35328,    7.02875                
# span 20 =    9.07947,   10.04478                
# span 21 = 0.0000e+00, 0.0000e+00                
# interval = seconds: 0.5
# start_time = Jan 31 2016 20:27:20 [DatCnv date, localtime]
# bad_flag = -9.990e-29
*END*
[from data line 396]
        397      7.212     10.459   3215.855   8818.289    10.8265   3.380585     1.2674     0.0073     0.1429     0.0085     1.2674     1.2666      7.151    29.9613    22.8844    1.45739    2.08276     63.631    6.40585    9.15460  0.000e+00
        398      7.122     10.330   3215.792   8817.915    10.8256   3.380263     1.2686     0.0061     0.1429     0.0085     1.2686     1.2666      7.063    29.9589    22.8827    1.46018    2.08675     63.753    6.40607    9.15492  0.000e+00
        399      6.988     10.135   3215.413   8816.601    10.8201   3.379129     1.2698     0.0073     0.1453     0.0085     1.2698     1.3079      6.930    29.9523    22.8786    1.46314    2.09097     63.882    6.40711    9.15641  0.000e+00
        400      6.898     10.005   3215.350   8815.474    10.8192   3.378157     1.2711     0.0061     0.1441     0.0085     1.2711     1.2872      6.841    29.9435    22.8719    1.46598    2.09504     64.007    6.40760    9.15710  0.000e+00
        401      6.764      9.811   3215.097   8810.395    10.8155   3.373779     1.2759     0.0073     0.1477     0.0085     1.2759     1.3492      6.708    29.9036    22.8415    1.47746    2.11144     64.510    6.40973    9.16015  0.000e+00
        402      6.675      9.681   3214.465   8813.598    10.8063   3.376539     1.2784     0.0073     0.1441     0.0085     1.2784     1.2872      6.619    29.9383    22.8700    1.48291    2.11923     64.746    6.40962    9.15999  0.000e+00
        403      6.585      9.551   3214.402   8812.659    10.8054   3.375730     1.2821     0.0073     0.1477     0.0085     1.2821     1.3492      6.530    29.9311    22.8646    1.49126    2.13116     65.111    6.41004    9.16058  0.000e+00
        404      6.407      9.292   3214.465   8811.532    10.8063   3.374758     1.2869     0.0073     0.1490     0.0085     1.2869     1.3699      6.353    29.9209    22.8564    1.50232    2.14696     65.594    6.41032    9.16099  0.000e+00
        405      6.317      9.162   3214.275   8815.110    10.8035   3.377843     1.2918     0.0073     0.1453     0.0085     1.2918     1.3079      6.264    29.9535    22.8823    1.51310    2.16237     66.063    6.40939    9.15966  0.000e+00
        406      6.228      9.032   3214.844   8807.960    10.8118   3.371679     1.2955     0.0073     0.1502     0.0085     1.2955     1.3905      6.176    29.8862    22.8285    1.52174    2.17472     66.444    6.41095    9.16189  0.000e+00
        407      6.004      8.708   3213.580   8804.007    10.7934   3.368274     1.3016     0.0073     0.1465     0.0085     1.3016     1.3286      5.954    29.8678    22.8174    1.53623    2.19543     67.078    6.41428    9.16665  0.000e+00
        408      5.870      8.514   3212.948   8802.879    10.7842   3.367303     1.3040     0.0073     0.1477     0.0085     1.3040     1.3492      5.821    29.8658    22.8174    1.54203    2.20372     67.331    6.41565    9.16861  0.000e+00
        409      5.780      8.384   3212.379   8800.431    10.7759   3.365196     1.3089     0.0073     0.1490     0.0085     1.3089     1.3699      5.732    29.8519    22.8079    1.55345    2.22003     67.830    6.41738    9.17108  0.000e+00
        410      5.646      8.189   3212.063   8802.695    10.7713   3.367145     1.3126     0.0073     0.1490     0.0085     1.3126     1.3699      5.599    29.8749    22.8266    1.56162    2.23171     68.185    6.41710    9.17068  0.000e+00
        411      5.512      7.995   3212.379   8799.871    10.7759   3.364713     1.3175     0.0073     0.1538     0.0085     1.3175     1.4525      5.466    29.8473    22.8043    1.57275    2.24762     68.673    6.41757    9.17135  0.000e+00
        412      5.378      7.800   3211.621   8797.234    10.7649   3.362444     1.3211     0.0073     0.1526     0.0085     1.3211     1.4319      5.333    29.8340    22.7959    1.58149    2.26011     69.055    6.41966    9.17434  0.000e+00
        413      5.289      7.670   3211.052   8792.899    10.7566   3.358714     1.3236     0.0073     0.1538     0.0085     1.3236     1.4525      5.244    29.8041    22.7740    1.58756    2.26879     69.322    6.42204    9.17774  0.000e+00
        414      5.154      7.476   3209.977   8784.220    10.7409   3.351253     1.3284     0.0073     0.1514     0.0085     1.3284     1.4112      5.111    29.7436    22.7295    1.59970    2.28614     69.855    6.42670    9.18440  0.000e+00
        415      5.020      7.281   3207.512   8775.722    10.7050   3.343954     1.3321     0.0061     0.1514     0.0085     1.3321     1.4112      4.978    29.7010    22.7025    1.60958    2.30025     70.288    6.43350    9.19412  0.000e+00
        416      4.931      7.151   3205.868   8772.511    10.6810   3.341198     1.3346     0.0073     0.1514     0.0085     1.3346     1.4112      4.890    29.6934    22.7005    1.61597    2.30938     70.567    6.43720    9.19940  0.000e+00
        417      4.797      6.957   3204.793   8763.623    10.6653   3.333575     1.3382     0.0061     0.1538     0.0085     1.3382     1.4525      4.757    29.6311    22.6547    1.62540    2.32286     70.982    6.44195    9.20619  0.000e+00
        418      4.707      6.827   3201.948   8750.746    10.6238   3.322545     1.3394     0.0073     0.1538     0.0085     1.3394     1.4525      4.668    29.5561    22.6033    1.63032    2.32989     71.201    6.45089    9.21896  0.000e+00
        419      4.528      6.568   3199.546   8769.303    10.5887   3.338447     1.3431     0.0073     0.1551     0.0085     1.3431     1.4732      4.491    29.7415    22.7533    1.63786    2.34066     71.519    6.44830    9.21527  0.000e+00
        420      4.439      6.438   3203.023   8760.790    10.6395   3.331147     1.3455     0.0073     0.1551     0.0085     1.3455     1.4732      4.402    29.6283    22.6568    1.64284    2.34778     71.744    6.44572    9.21158  0.000e+00
        421      4.349      6.308   3201.885   8756.248    10.6229   3.327256     1.3492     0.0073     0.1514     0.0085     1.3492     1.4112      4.313    29.6034    22.6402    1.65196    2.36081     72.143    6.44909    9.21639  0.000e+00
        422      4.215      6.114   3199.104   8740.135    10.5822   3.313468     1.3541     0.0073     0.1587     0.0085     1.3541     1.5352      4.180    29.5004    22.5668    1.66549    2.38015     72.739    6.45906    9.23064  0.000e+00
        423      4.215      6.114   3197.966   8773.283    10.5656   3.341862     1.3578     0.0073     0.1600     0.0085     1.3578     1.5558      4.180    29.7942    22.7982    1.67128    2.38843     72.976    6.44943    9.21688  0.000e+00
        424      3.992      5.789   3201.949   8761.178    10.6238   3.331480     1.3626     0.0073     0.1575     0.0085     1.3626     1.5145      3.958    29.6445    22.6720    1.68190    2.40360     73.448    6.44728    9.21381  0.000e+00
        425      3.858      5.595   3202.265   8762.127    10.6284   3.332293     1.3675     0.0061     0.1600     0.0085     1.3675     1.5558      3.825    29.6488    22.6746    1.69274    2.41910     73.922    6.44645    9.21263  0.000e+00
        426      3.723      5.400   3200.937   8748.869    10.6090   3.320938     1.3736     0.0073     0.1587     0.0085     1.3736     1.5352      3.692    29.5526    22.6030    1.70828    2.44131     74.606    6.45312    9.22216  0.000e+00
        427      3.634      5.271   3199.736   8754.746    10.5915   3.325970     1.3822     0.0073     0.1563     0.0085     1.3822     1.4938      3.604    29.6165    22.6556    1.72760    2.46891     75.445    6.45301    9.22199  0.000e+00
        428      3.545      5.141   3200.305   8749.632    10.5998   3.321591     1.3919     0.0073     0.1587     0.0085     1.3919     1.5352      3.515    29.5666    22.6154    1.75002    2.50095     76.427    6.45386    9.22322  0.000e+00
        429      3.410      4.946   3199.736   8746.601    10.5915   3.318998     1.3980     0.0073     0.1673     0.0085     1.3980     1.6798      3.382    29.5478    22.6022    1.76436    2.52145     77.055    6.45581    9.22600  0.000e+00
        430      3.276      4.752   3198.914   8740.913    10.5795   3.314132     1.4078     0.0073     0.1697     0.0085     1.4078     1.7211      3.249    29.5096    22.5744    1.78740    2.55437     78.063    6.45908    9.23067  0.000e+00
        431      3.142      4.557   3197.713   8739.397    10.5619   3.312837     1.4188     0.0073     0.1746     0.0085     1.4188     1.8037      3.116    29.5110    22.5785    1.81298    2.59093     79.180    6.46151    9.23415  0.000e+00
        432      3.008      4.363   3197.397   8736.172    10.5573   3.310081     1.4274     0.0073     0.1746     0.0085     1.4274     1.8037      2.983    29.4876    22.5610    1.83283    2.61930     80.048    6.46313    9.23645  0.000e+00
        433      2.963      4.298   3196.639   8730.857    10.5462   3.305540     1.4347     0.0061     0.1770     0.0085     1.4347     1.8450      2.939    29.4518    22.5350    1.85032    2.64430     80.814    6.46617    9.24080  0.000e+00
        434      2.829      4.103   3196.133   8729.910    10.5388   3.304731     1.4396     0.0073     0.1905     0.0098     1.4396     2.0723      2.806    29.4498    22.5347    1.86171    2.66057     81.312    6.46730    9.24242  0.000e+00
        435      2.695      3.909   3195.690   8728.012    10.5323   3.303111     1.4469     0.0073     0.1746     0.0085     1.4469     1.8037      2.673    29.4391    22.5274    1.87873    2.68489     82.055    6.46866    9.24436  0.000e+00
        436      2.561      3.714   3195.311   8727.824    10.5268   3.302950     1.4505     0.0073     0.1709     0.0085     1.4505     1.7417      2.539    29.4421    22.5306    1.88721    2.69701     82.426    6.46933    9.24532  0.000e+00
        437      2.516      3.649   3195.058   8721.743    10.5231   3.297761     1.4554     0.0073     0.1868     0.0085     1.4554     2.0103      2.495    29.3939    22.4937    1.89904    2.71392     82.945    6.47183    9.24890  0.000e+00
        438      2.382      3.455   3193.984   8715.087    10.5074   3.292085     1.4579     0.0073     0.1783     0.0085     1.4579     1.8657      2.362    29.3505    22.4626    1.90571    2.72345     83.239    6.47585    9.25464  0.000e+00
        439      2.293      3.325   3192.909   8706.902    10.4917   3.285111     1.4628     0.0073     0.1746     0.0085     1.4628     1.8037      2.273    29.2944    22.4214    1.91812    2.74118     83.785    6.48040    9.26113  0.000e+00
        440      2.158      3.130   3190.759   8688.025    10.4602   3.269053     1.4676     0.0073     0.1722     0.0085     1.4676     1.7624      2.140    29.1611    22.3228    1.93210    2.76117     84.403    6.49037    9.27538  0.000e+00
        441      2.069      3.001   3187.788   8670.064    10.4167   3.253806     1.4750     0.0073     0.1819     0.0085     1.4750     1.9277      2.052    29.0453    22.2398    1.95199    2.78959     85.279    6.50137    9.29110  0.000e+00
        442      1.935      2.806   3184.753   8661.453    10.3722   3.246508     1.4774     0.0073     0.1807     0.0085     1.4774     1.9070      1.919    29.0086    22.2185    1.95980    2.80075     85.622    6.50927    9.30240  0.000e+00
        443      1.845      2.677   3182.856   8654.368    10.3444   3.240509     1.4823     0.0073     0.1807     0.0085     1.4823     1.9070      1.830    28.9715    22.1941    1.97256    2.81898     86.182    6.51480    9.31031  0.000e+00
        444      1.711      2.482   3181.149   8633.263    10.3194   3.222667     1.4872     0.0073     0.1783     0.0085     1.4872     1.8657      1.697    28.8149    22.0763    1.98671    2.83921     86.810    6.52488    9.32471  0.000e+00
        445      1.622      2.352   3177.862   8609.602    10.2712   3.202717     1.4933     0.0073     0.1819     0.0085     1.4933     1.9277      1.608    28.6557    21.9601    2.00472    2.86495     87.607    6.53846    9.34411  0.000e+00
        446      1.488      2.158   3174.827   8603.245    10.2266   3.197367     1.4945     0.0073     0.1880     0.0085     1.4945     2.0310      1.475    28.6379    21.9534    2.00958    2.87189     87.820    6.54566    9.35440  0.000e+00
        447      1.398      2.028   3173.373   8584.140    10.2052   3.181311     1.4982     0.0073     0.1978     0.0085     1.4982     2.1963      1.387    28.4957    21.8460    2.02071    2.88779     88.315    6.55467    9.36728  0.000e+00
        448      1.309      1.898   3170.907   8564.799    10.1690   3.165093     1.5031     0.0073     0.1941     0.0085     1.5031     2.1343      1.298    28.3634    21.7488    2.03518    2.90847     88.956    6.56545    9.38269  0.000e+00
        449      1.175      1.704   3167.682   8471.925    10.1216   3.087733     1.5104     0.0073     0.1929     0.0085     1.5104     2.1136      1.165    27.6344    21.1887    2.06361    2.94910     90.248    6.60285    9.43613  0.000e+00
        450      1.041      1.509   3160.790   8362.565    10.0201   2.997736     1.5177     0.0073     0.1990     0.0085     1.5177     2.2169      1.032    26.8215    20.5716    2.09578    2.99508     91.711    6.65205    9.50644  0.000e+00
        451      0.951      1.380   3153.076   8183.739     9.9063   2.853122     1.5275     0.0073     0.2063     0.0085     1.5275     2.3409      0.943    25.4785    19.5433    2.14186    3.06094     93.822    6.72617    9.61237  0.000e+00
        452      0.862      1.250   3141.442   8022.654     9.7344   2.725567     1.5385     0.0073     0.1966     0.0085     1.5385     2.1756      0.855    24.3431    18.6847    2.19147    3.13183     96.076    6.80119    9.71959  0.000e+00
        453      0.906      1.315   3141.125   8369.511     9.7297   3.003419     1.5531     0.0073     0.2173     0.0085     1.5531     2.5268      0.899    27.0946    20.8285    2.18807    3.12697     95.725    6.68385    9.55189  0.000e+00
        454      0.906      1.315   3149.219   8297.864     9.8494   2.945049     1.5726     0.0073     0.2112     0.0085     1.5726     2.4235      0.899    26.4265    20.2900    2.23783    3.19808     97.954    6.69431    9.56684  0.000e+00
        455      0.906      1.315   3148.524   8054.024     9.8391   2.750205     1.5910     0.0061     0.2039     0.0085     1.5910     2.2995      0.899    24.5141    18.8025    2.30932    3.30025    101.231    6.77777    9.68612  0.000e+00
        456      0.906      1.315   3137.205   7724.373     9.6717   2.496152     1.6117     0.0073     0.2149     0.0085     1.6117     2.4855      0.899    22.1402    16.9788    2.40319    3.43439    105.534    6.90703    9.87084  0.000e+00
        457      0.906      1.315   3123.419   7643.212     9.4671   2.435254     1.6361     0.0061     0.2295     0.0085     1.6361     2.7334      0.899    21.6713    16.6419    2.48063    3.54507    108.971    6.96002    9.94656  0.000e+00
        458      0.862      1.250   3117.475   7649.938     9.3787   2.440277     1.6606     0.0073     0.2283     0.0085     1.6606     2.7127      0.855    21.7739    16.7337    2.54347    3.63487    111.722    6.96951    9.96013  0.000e+00
        459      0.862      1.250   3116.590   7627.358     9.3656   2.423435     1.6874     0.0061     0.2210     0.0085     1.6874     2.5888      0.855    21.6171    16.6133    2.61257    3.73363    114.771    6.97859    9.97310  0.000e+00
        460      0.906      1.315   3115.704   7578.931     9.3524   2.387484     1.7241     0.0073     0.2369     0.0098     1.7241     2.8574      0.899    21.2737    16.3476    2.70906    3.87152    119.041    6.99600    9.99799  0.000e+00
