unitTesting/processed_seabird_noalign/ORCA1_CAST0004.cnv
* Sea-Bird SBE 19 Data File:
* FileName =
* Software Version 4.234
* Temperature SN = 2835
* Conductivity SN = 2835
* System UpLoad Time = Wed Jan 19 23:48:47 2005

** Ship: ORCA
** Cruise: Mooring
** Station: Twanoh
** Latitude: 47 22.5
** Longitude: 123 0.5
# nquan = 22
# nvalues = 914                                   
# units = specified
# name 0 = scan: Scan Count
# name 1 = prSM: Pressure, Strain Gauge [db]
# name 2 = prSE: Pressure, Strain Gauge [psi]
# name 3 = f0: Frequency 0
# name 4 = f1: Frequency 1
# name 5 = t090C: Temperature [ITS-90, deg C]
# name 6 = c0S/m: Conductivity [S/m]
# name 7 = v0: Voltage 0
# name 8 = v1: Voltage 1
# name 9 = v2: Voltage 2
# name 10 = v3: Voltage 3
# name 11 = sbeox0V: Oxygen raw, SBE 43 [V]
# name 12 = wetStar: Fluorescence, WET Labs WETstar [mg/m^3]
# name 13 = depSM: Depth [salt water, m], lat = 47.28
# name 14 = sal00: Salinity, Practical [PSU]
# name 15 = sigma-t00: Density [sigma-t, Kg/m^3 ]
# name 16 = sbeox0ML/L: Oxygen, SBE 43 [ml/l]
# name 17 = sbeox0Mg/L: Oxygen, SBE 43 [mg/l]
# name 18 = sbeox0Mm/Kg: Oxygen, SBE 43 [umol/Kg]
# name 19 = oxsatML/L: Oxygen Saturation, Weiss [ml/l]
# name 20 = oxsatMg/L: Oxygen Saturation, Weiss [mg/l]
# name 21 = flag:  0.000e+00
# span 0 =          1,        914                 
# span 1 =      0.996,     29.627                 
# span 2 =      1.444,     42.970                 
# span 3 =   3030.109,   3232.936                 
# span 4 =   7390.124,   8910.182                 
# span 5 =     8.0657,    11.0747                 
# span 6 =   2.249542,   3.460282                 
# span 7 =     0.0000,     3.0330                 
# span 8 =     0.0000,     0.0073                 
# span 9 =     0.0000,     0.6300                 
# span 10 =     0.0000,     0.0098                
# span 11 =     0.0000,     3.0330                
# span 12 =    -1.1506,     9.5097                
# span 13 =      0.988,     29.378                
# span 14 =    20.5210,    30.5410                
# span 15 =    15.8913,    23.2952                
# span 16 =   -1.39371,    5.98255                
# span 17 =   -1.99175,    8.54966                
# span 18 =    -60.833,    262.935                
# span 19 =    6.34961,    7.21310                
# span 20 =    9.07423,   10.30824                
# span 21 = 0.0000e+00, 0.0000e+00                
# interval = seconds: 0.5
# start_time = Jan 31 2016 20:27:01 [DatCnv date, localtime]
# bad_flag = -9.990e-29
*END*
[from data line 132]
        133     18.931     27.458   3232.810   8897.702    11.0729   3.449406     1.3260     0.0073     0.1258     0.0085     1.3260     0.9774     18.773    30.4288    23.2058    1.57950    2.25726     68.941    6.35274    9.07871  0.000e+00
        134     18.931     27.458   3232.810   8897.702    11.0729   3.449406     1.3260     0.0073     0.1258     0.0098     1.3260     0.9774     18.773    30.4288    23.2058    1.57950    2.25726     68.941    6.35274    9.07871  0.000e+00
        135     18.976     27.522   3232.810   8897.703    11.0729   3.449407     1.3272     0.0073     0.1270     0.0085     1.3272     0.9980     18.817    30.4287    23.2058    1.58225    2.26119     69.060    6.35274    9.07871  0.000e+00
        136     18.931     27.458   3232.810   8897.704    11.0729   3.449408     1.3284     0.0073     0.1258     0.0085     1.3284     0.9774     18.773    30.4288    23.2058    1.58497    2.26509     69.180    6.35274    9.07871  0.000e+00
        137     18.931     27.458   3232.810   8897.705    11.0729   3.449408     1.3297     0.0073     0.1258     0.0098     1.3297     0.9774     18.773    30.4288    23.2058    1.58771    2.26900     69.299    6.35274    9.07870  0.000e+00
        138     18.931     27.458   3232.810   8897.705    11.0729   3.449409     1.3297     0.0073     0.1270     0.0098     1.3297     0.9980     18.773    30.4288    23.2058    1.58771    2.26900     69.299    6.35274    9.07870  0.000e+00
        139     18.931     27.458   3232.873   8897.706    11.0738   3.449410     1.3297     0.0073     0.1270     0.0098     1.3297     0.9980     18.773    30.4280    23.2051    1.58769    2.26897     69.298    6.35265    9.07857  0.000e+00
        140     18.931     27.458   3232.810   8897.521    11.0729   3.449248     1.3284     0.0073     0.1258     0.0085     1.3284     0.9774     18.773    30.4272    23.2046    1.58499    2.26511     69.180    6.35281    9.07879  0.000e+00
        141     18.931     27.458   3232.810   8897.521    11.0729   3.449249     1.3284     0.0073     0.1258     0.0085     1.3284     0.9774     18.773    30.4272    23.2046    1.58499    2.26511     69.180    6.35280    9.07879  0.000e+00
        142     18.931     27.458   3232.810   8897.336    11.0729   3.449087     1.3272     0.0073     0.1258     0.0085     1.3272     0.9774     18.773    30.4256    23.2034    1.58227    2.26122     69.062    6.35287    9.07888  0.000e+00
        143     18.931     27.458   3232.747   8897.523    11.0719   3.449250     1.3284     0.0073     0.1270     0.0085     1.3284     0.9980     18.773    30.4280    23.2054    1.58501    2.26514     69.181    6.35290    9.07893  0.000e+00
        144     18.931     27.458   3232.747   8897.337    11.0719   3.449088     1.3284     0.0073     0.1258     0.0085     1.3284     0.9774     18.773    30.4264    23.2042    1.58503    2.26516     69.182    6.35296    9.07902  0.000e+00
        145     18.931     27.458   3232.874   8897.338    11.0738   3.449089     1.3272     0.0073     0.1270     0.0085     1.3272     0.9980     18.773    30.4249    23.2027    1.58225    2.26119     69.061    6.35277    9.07874  0.000e+00
        146     18.931     27.458   3232.811   8897.339    11.0729   3.449090     1.3284     0.0061     0.1258     0.0085     1.3284     0.9774     18.773    30.4257    23.2034    1.58500    2.26513     69.181    6.35287    9.07888  0.000e+00
        147     18.931     27.458   3232.747   8897.153    11.0719   3.448928     1.3297     0.0073     0.1258     0.0085     1.3297     0.9774     18.773    30.4248    23.2029    1.58778    2.26910     69.302    6.35303    9.07911  0.000e+00
        148     18.931     27.458   3232.684   8896.967    11.0710   3.448767     1.3297     0.0073     0.1245     0.0085     1.3297     0.9567     18.773    30.4240    23.2024    1.58782    2.26915     69.304    6.35319    9.07934  0.000e+00
        149     18.931     27.458   3232.747   8896.968    11.0719   3.448767     1.3297     0.0073     0.1270     0.0098     1.3297     0.9980     18.773    30.4233    23.2017    1.58780    2.26912     69.303    6.35309    9.07920  0.000e+00
        150     18.931     27.458   3232.748   8897.155    11.0720   3.448930     1.3297     0.0073     0.1245     0.0085     1.3297     0.9567     18.773    30.4248    23.2029    1.58778    2.26910     69.302    6.35303    9.07911  0.000e+00
        151     18.931     27.458   3232.684   8897.156    11.0710   3.448931     1.3297     0.0073     0.1270     0.0085     1.3297     0.9980     18.773    30.4256    23.2037    1.58780    2.26913     69.303    6.35312    9.07925  0.000e+00
        152     18.931     27.458   3232.811   8897.157    11.0729   3.448932     1.3297     0.0073     0.1270     0.0085     1.3297     0.9980     18.773    30.4241    23.2022    1.58776    2.26906     69.301    6.35293    9.07897  0.000e+00
        153     18.976     27.522   3232.748   8897.158    11.0720   3.448932     1.3284     0.0073     0.1282     0.0085     1.3284     1.0187     18.817    30.4248    23.2029    1.58505    2.26520     69.183    6.35302    9.07911  0.000e+00
        154     18.931     27.458   3232.811   8897.158    11.0729   3.448933     1.3309     0.0061     0.1258     0.0085     1.3309     0.9774     18.773    30.4241    23.2022    1.59050    2.27298     69.421    6.35293    9.07897  0.000e+00
        155     18.931     27.458   3232.748   8897.159    11.0720   3.448934     1.3309     0.0073     0.1343     0.0085     1.3309     1.1220     18.773    30.4249    23.2030    1.59052    2.27301     69.422    6.35302    9.07911  0.000e+00
        156     18.931     27.458   3232.748   8897.160    11.0720   3.448934     1.3321     0.0073     0.1258     0.0098     1.3321     0.9774     18.773    30.4249    23.2030    1.59325    2.27692     69.541    6.35302    9.07911  0.000e+00
        157     18.931     27.458   3232.748   8897.347    11.0720   3.449097     1.3321     0.0073     0.1282     0.0085     1.3321     1.0187     18.773    30.4265    23.2042    1.59324    2.27690     69.540    6.35296    9.07901  0.000e+00
        158     18.931     27.458   3232.748   8897.534    11.0720   3.449260     1.3321     0.0073     0.1258     0.0085     1.3321     0.9774     18.773    30.4281    23.2054    1.59322    2.27687     69.540    6.35290    9.07892  0.000e+00
        159     18.931     27.458   3232.811   8897.535    11.0729   3.449261     1.3321     0.0061     0.1258     0.0085     1.3321     0.9774     18.773    30.4273    23.2047    1.59320    2.27684     69.539    6.35280    9.07878  0.000e+00
        160     18.931     27.458   3232.811   8897.536    11.0729   3.449261     1.3333     0.0073     0.1282     0.0085     1.3333     1.0187     18.773    30.4273    23.2047    1.59594    2.28075     69.658    6.35280    9.07878  0.000e+00
        161     18.931     27.458   3232.811   8897.537    11.0729   3.449262     1.3321     0.0073     0.1270     0.0085     1.3321     0.9980     18.773    30.4273    23.2047    1.59320    2.27684     69.539    6.35280    9.07878  0.000e+00
        162     18.931     27.458   3232.875   8897.537    11.0738   3.449263     1.3333     0.0073     0.1245     0.0085     1.3333     0.9567     18.773    30.4266    23.2040    1.59592    2.28072     69.657    6.35270    9.07864  0.000e+00
        163     18.931     27.458   3232.748   8897.538    11.0720   3.449263     1.3321     0.0073     0.1270     0.0085     1.3321     0.9980     18.773    30.4281    23.2055    1.59322    2.27687     69.540    6.35289    9.07892  0.000e+00
        164     18.931     27.458   3232.875   8897.539    11.0738   3.449264     1.3309     0.0073     0.1245     0.0085     1.3309     0.9567     18.773    30.4266    23.2040    1.59044    2.27290     69.418    6.35270    9.07864  0.000e+00
        165     18.931     27.458   3232.812   8897.726    11.0729   3.449427     1.3297     0.0073     0.1245     0.0085     1.3297     0.9567     18.773    30.4289    23.2060    1.58771    2.26899     69.299    6.35273    9.07869  0.000e+00
        166     18.976     27.522   3232.875   8897.727    11.0738   3.449428     1.3272     0.0073     0.1282     0.0085     1.3272     1.0187     18.817    30.4282    23.2052    1.58222    2.26115     69.059    6.35264    9.07855  0.000e+00
        167     18.976     27.522   3232.812   8897.728    11.0729   3.449428     1.3284     0.0073     0.1282     0.0085     1.3284     1.0187     18.817    30.4289    23.2060    1.58498    2.26510     69.180    6.35273    9.07869  0.000e+00
        168     18.931     27.458   3232.875   8897.728    11.0738   3.449429     1.3284     0.0073     0.1282     0.0098     1.3284     1.0187     18.773    30.4282    23.2052    1.58495    2.26505     69.178    6.35264    9.07855  0.000e+00
        169     18.931     27.458   3232.812   8897.729    11.0729   3.449430     1.3284     0.0061     0.1294     0.0085     1.3284     1.0393     18.773    30.4290    23.2060    1.58497    2.26508     69.179    6.35273    9.07869  0.000e+00
        170     18.931     27.458   3232.812   8897.730    11.0729   3.449430     1.3284     0.0073     0.1258     0.0085     1.3284     0.9774     18.773    30.4290    23.2060    1.58497    2.26508     69.179    6.35273    9.07869  0.000e+00
        171     18.931     27.458   3232.812   8897.731    11.0729   3.449431     1.3284     0.0073     0.1270     0.0085     1.3284     0.9980     18.773    30.4290    23.2060    1.58497    2.26508     69.179    6.35273    9.07869  0.000e+00
        172     18.931     27.458   3232.812   8897.731    11.0729   3.449432     1.3297     0.0073     0.1270     0.0085     1.3297     0.9980     18.773    30.4290    23.2060    1.58771    2.26899     69.299    6.35273    9.07869  0.000e+00
        173     18.931     27.458   3232.749   8897.732    11.0720   3.449432     1.3297     0.0073     0.1270     0.0098     1.3297     0.9980     18.773    30.4297    23.2067    1.58773    2.26903     69.300    6.35283    9.07882  0.000e+00
        174     18.976     27.522   3232.812   8897.733    11.0729   3.449433     1.3284     0.0073     0.1270     0.0085     1.3284     0.9980     18.817    30.4290    23.2060    1.58498    2.26510     69.180    6.35273    9.07869  0.000e+00
        175     18.931     27.458   3232.812   8897.734    11.0729   3.449434     1.3297     0.0073     0.1258     0.0085     1.3297     0.9774     18.773    30.4290    23.2060    1.58771    2.26899     69.299    6.35273    9.07869  0.000e+00
        176     18.931     27.458   3232.812   8897.735    11.0729   3.449434     1.3297     0.0073     0.1258     0.0085     1.3297     0.9774     18.773    30.4290    23.2060    1.58771    2.26899     69.299    6.35273    9.07868  0.000e+00
        177     18.931     27.458   3232.749   8897.549    11.0720   3.449273     1.3309     0.0073     0.1270     0.0098     1.3309     0.9980     18.773    30.4282    23.2055    1.59048    2.27296     69.420    6.35289    9.07891  0.000e+00
        178     18.931     27.458   3232.749   8897.550    11.0720   3.449273     1.3297     0.0073     0.1270     0.0085     1.3297     0.9980     18.773    30.4282    23.2055    1.58775    2.26905     69.301    6.35289    9.07891  0.000e+00
        179     18.931     27.458   3232.813   8897.550    11.0729   3.449274     1.3309     0.0061     0.1270     0.0085     1.3309     0.9980     18.773    30.4274    23.2048    1.59046    2.27293     69.419    6.35279    9.07877  0.000e+00
        180     18.931     27.458   3232.813   8897.551    11.0729   3.449275     1.3321     0.0073     0.1258     0.0085     1.3321     0.9774     18.773    30.4274    23.2048    1.59320    2.27684     69.539    6.35279    9.07877  0.000e+00
        181     18.931     27.458   3232.813   8897.552    11.0729   3.449275     1.3321     0.0073     0.1319     0.0085     1.3321     1.0806     18.773    30.4274    23.2048    1.59320    2.27684     69.539    6.35279    9.07877  0.000e+00
        182     18.931     27.458   3232.813   8897.553    11.0729   3.449276     1.3321     0.0073     0.1270     0.0085     1.3321     0.9980     18.773    30.4274    23.2048    1.59320    2.27684     69.539    6.35279    9.07877  0.000e+00
        183     18.931     27.458   3232.813   8897.554    11.0729   3.449277     1.3309     0.0073     0.1306     0.0085     1.3309     1.0600     18.773    30.4275    23.2048    1.59046    2.27293     69.419    6.35279    9.07877  0.000e+00
        184     18.931     27.458   3232.813   8897.554    11.0729   3.449277     1.3333     0.0073     0.1270     0.0085     1.3333     0.9980     18.773    30.4275    23.2048    1.59594    2.28075     69.658    6.35279    9.07877  0.000e+00
        185     18.931     27.458   3232.750   8897.741    11.0720   3.449440     1.3321     0.0073     0.1270     0.0098     1.3321     0.9980     18.773    30.4298    23.2068    1.59320    2.27685     69.539    6.35282    9.07882  0.000e+00
        186     18.931     27.458   3232.750   8897.742    11.0720   3.449441     1.3321     0.0061     0.1258     0.0085     1.3321     0.9774     18.773    30.4298    23.2068    1.59320    2.27685     69.539    6.35282    9.07882  0.000e+00
        187     18.976     27.522   3232.813   8897.557    11.0729   3.449279     1.3333     0.0073     0.1282     0.0085     1.3333     1.0187     18.817    30.4275    23.2048    1.59595    2.28077     69.658    6.35279    9.07877  0.000e+00
        188     18.931     27.458   3232.813   8897.557    11.0729   3.449280     1.3333     0.0073     0.1306     0.0098     1.3333     1.0600     18.773    30.4275    23.2048    1.59594    2.28075     69.658    6.35279    9.07877  0.000e+00
        189     18.931     27.458   3232.750   8897.185    11.0720   3.448956     1.3333     0.0073     0.1258     0.0085     1.3333     0.9774     18.773    30.4251    23.2031    1.59599    2.28083     69.661    6.35301    9.07909  0.000e+00
        190     18.931     27.458   3232.750   8897.186    11.0720   3.448957     1.3309     0.0073     0.1258     0.0085     1.3309     0.9774     18.773    30.4251    23.2031    1.59051    2.27300     69.422    6.35301    9.07909  0.000e+00
        191     18.931     27.458   3232.750   8897.373    11.0720   3.449120     1.3321     0.0073     0.1245     0.0085     1.3321     0.9567     18.773    30.4267    23.2044    1.59324    2.27689     69.540    6.35295    9.07900  0.000e+00
        192     18.931     27.458   3232.750   8897.560    11.0720   3.449283     1.3321     0.0073     0.1282     0.0085     1.3321     1.0187     18.773    30.4283    23.2056    1.59322    2.27687     69.539    6.35288    9.07890  0.000e+00
        193     18.931     27.458   3232.750   8897.561    11.0720   3.449283     1.3321     0.0061     0.1270     0.0085     1.3321     0.9980     18.773    30.4283    23.2056    1.59322    2.27687     69.539    6.35288    9.07890  0.000e+00
        194     18.976     27.522   3232.750   8897.376    11.0720   3.449122     1.3321     0.0073     0.1270     0.0085     1.3321     0.9980     18.817    30.4267    23.2044    1.59325    2.27691     69.541    6.35295    9.07900  0.000e+00
        195     18.931     27.458   3232.687   8897.563    11.0711   3.449285     1.3321     0.0073     0.1343     0.0085     1.3321     1.1220     18.773    30.4290    23.2064    1.59324    2.27690     69.540    6.35298    9.07904  0.000e+00
        196     18.931     27.458   3232.750   8897.377    11.0720   3.449123     1.3321     0.0073     0.1270     0.0085     1.3321     0.9980     18.773    30.4267    23.2044    1.59324    2.27689     69.540    6.35295    9.07899  0.000e+00
        197     18.931     27.458   3232.751   8897.378    11.0720   3.449124     1.3321     0.0073     0.1270     0.0085     1.3321     0.9980     18.773    30.4267    23.2044    1.59323    2.27689     69.540    6.35294    9.07899  0.000e+00
