unitTesting/processed_seabird_noalign/ORCA1_CAST0017.cnv
* Sea-Bird SBE 19 Data File:
* FileName =
* Software Version 4.234
* Temperature SN = 2835
* Conductivity SN = 2835
* System UpLoad Time = Sun Jan 23 05:55:48 2005

** Ship: ORCA
** Cruise: Mooring
** Station: Twanoh
** Latitude: 47 22.5
** Longitude: 123 0.5
# nquan = 22
# nvalues = 925                                   
# units = specified
# name 0 = scan: Scan Count
# name 1 = prSM: Pressure, Strain Gauge [db]
# name 2 = prSE: Pressure, Strain Gauge [psi]
# name 3 = f0: Frequency 0
# name 4 = f1: Frequency 1
# name 5 = t090C: Temperature [ITS-90, deg C]
# name 6 = c0S/m: Conductivity [S/m]
# name 7 = v0: Voltage 0
# name 8 = v1: Voltage 1
# name 9 = v2: Voltage 2
# name 10 = v3: Voltage 3
# name 11 = sbeox0V: Oxygen raw, SBE 43 [V]
# name 12 = wetStar: Fluorescence, WET Labs WETstar [mg/m^3]
# name 13 = depSM: Depth [salt water, m], lat = 47.28
# name 14 = sal00: Salinity, Practical [PSU]
# name 15 = sigma-t00: Density [sigma-t, Kg/m^3 ]
# name 16 = sbeox0ML/L: Oxygen, SBE 43 [ml/l]
# name 17 = sbeox0Mg/L: Oxygen, SBE 43 [mg/l]
# name 18 = sbeox0Mm/Kg: Oxygen, SBE 43 [umol/Kg]
# name 19 = oxsatML/L: Oxygen Saturation, Weiss [ml/l]
# name 20 = oxsatMg/L: Oxygen Saturation, Weiss [mg/l]
# name 21 = flag:  0.000e+00
# span 0 =          1,        925                 
# span 1 =      0.906,     29.582                 
# span 2 =      1.315,     42.905                 
# span 3 =   3075.867,   3233.282                 
# span 4 =   7174.980,   8908.874                 
# span 5 =     8.7567,    11.0797                 
# span 6 =   2.096643,   3.459142                 
# span 7 =     0.0000,     3.0965                 
# span 8 =     0.0000,     0.0073                 
# span 9 =     0.0000,     0.3468                 
# span 10 =     0.0000,     0.0098                
# span 11 =     0.0000,     3.0965                
# span 12 =    -1.1506,     4.7167                
# span 13 =      0.899,     29.334                
# span 14 =    18.7612,    30.5262                
# span 15 =    14.4635,    23.2829                
# span 16 =   -1.39529,    6.15447                
# span 17 =   -1.99401,    8.79535                
# span 18 =    -60.908,    270.929                
# span 19 =    6.34991,    7.20692                
# span 20 =    9.07466,   10.29941                
# span 21 = 0.0000e+00, 0.0000e+00                
# interval = seconds: 0.5
# start_time = Jan 31 2016 20:27:13 [DatCnv date, localtime]
# bad_flag = -9.990e-29
*END*
[from data line 659]
        660     18.081     26.225   3231.774   8887.237    11.0578   3.440301     1.2271     0.0073     0.1331     0.0085     1.2271     1.1013     17.930    30.3524    23.1491    1.35868    1.94169     59.306    6.35788    9.08605  0.000e+00
        661     18.171     26.354   3231.711   8888.357    11.0569   3.441275     1.2259     0.0073     0.1331     0.0085     1.2259     1.1013     18.019    30.3627    23.1572    1.35589    1.93771     59.184    6.35760    9.08564  0.000e+00
        662     18.305     26.549   3231.711   8888.358    11.0569   3.441276     1.2247     0.0073     0.1319     0.0085     1.2247     1.0806     18.152    30.3626    23.1572    1.35318    1.93383     59.065    6.35760    9.08564  0.000e+00
        663     18.394     26.679   3231.711   8888.732    11.0569   3.441601     1.2234     0.0073     0.1331     0.0098     1.2234     1.1013     18.240    30.3658    23.1596    1.35043    1.92990     58.945    6.35747    9.08546  0.000e+00
        664     18.529     26.873   3231.711   8889.293    11.0569   3.442089     1.2210     0.0073     0.1319     0.0085     1.2210     1.0806     18.374    30.3705    23.1633    1.34493    1.92204     58.705    6.35728    9.08519  0.000e+00
        665     18.618     27.003   3231.775   8889.294    11.0578   3.442090     1.2198     0.0073     0.1343     0.0085     1.2198     1.1220     18.462    30.3697    23.1625    1.34219    1.91813     58.585    6.35719    9.08506  0.000e+00
        666     18.752     27.198   3231.712   8889.294    11.0569   3.442091     1.2186     0.0073     0.1331     0.0085     1.2186     1.1013     18.595    30.3704    23.1632    1.33950    1.91427     58.468    6.35728    9.08520  0.000e+00
        667     18.842     27.328   3231.775   8889.295    11.0578   3.442091     1.2173     0.0073     0.1331     0.0085     1.2173     1.1013     18.684    30.3696    23.1624    1.33675    1.91036     58.348    6.35719    9.08506  0.000e+00
        668     18.976     27.522   3231.712   8889.669    11.0569   3.442417     1.2149     0.0061     0.1319     0.0085     1.2149     1.0806     18.817    30.3735    23.1656    1.33129    1.90255     58.109    6.35716    9.08502  0.000e+00
        669     19.066     27.652   3231.775   8889.857    11.0579   3.442580     1.2137     0.0073     0.1306     0.0098     1.2137     1.0600     18.906    30.3743    23.1661    1.32854    1.89861     57.989    6.35700    9.08479  0.000e+00
        670     19.200     27.847   3231.839   8889.671    11.0588   3.442418     1.2112     0.0061     0.1306     0.0085     1.2112     1.0600     19.039    30.3719    23.1641    1.32308    1.89081     57.751    6.35697    9.08474  0.000e+00
        671     19.289     27.977   3231.776   8890.045    11.0579   3.442744     1.2125     0.0073     0.1319     0.0085     1.2125     1.0806     19.128    30.3758    23.1673    1.32583    1.89474     57.871    6.35694    9.08470  0.000e+00
        672     19.423     28.171   3231.776   8890.046    11.0579   3.442744     1.2125     0.0073     0.1319     0.0085     1.2125     1.0806     19.261    30.3758    23.1672    1.32585    1.89477     57.872    6.35694    9.08470  0.000e+00
        673     19.513     28.301   3231.713   8889.860    11.0569   3.442583     1.2125     0.0073     0.1319     0.0085     1.2125     1.0806     19.350    30.3749    23.1667    1.32590    1.89484     57.874    6.35710    9.08493  0.000e+00
        674     19.647     28.496   3231.713   8890.048    11.0569   3.442746     1.2149     0.0073     0.1331     0.0085     1.2149     1.1013     19.483    30.3764    23.1679    1.33139    1.90269     58.113    6.35704    9.08484  0.000e+00
        675     19.737     28.626   3231.903   8890.235    11.0597   3.442909     1.2149     0.0073     0.1331     0.0085     1.2149     1.1013     19.571    30.3757    23.1669    1.33134    1.90261     58.111    6.35669    9.08434  0.000e+00
        676     19.871     28.820   3231.714   8890.423    11.0570   3.443072     1.2161     0.0073     0.1319     0.0085     1.2161     1.0806     19.705    30.3795    23.1703    1.33414    1.90662     58.233    6.35691    9.08467  0.000e+00
        677     19.916     28.885   3231.840   8890.424    11.0588   3.443073     1.2186     0.0073     0.1319     0.0085     1.2186     1.0806     19.749    30.3780    23.1688    1.33959    1.91441     58.471    6.35672    9.08439  0.000e+00
        678     20.050     29.080   3231.840   8890.425    11.0588   3.443074     1.2210     0.0073     0.1306     0.0085     1.2210     1.0600     19.882    30.3780    23.1688    1.34509    1.92228     58.712    6.35672    9.08439  0.000e+00
        679     20.139     29.210   3231.777   8890.612    11.0579   3.443237     1.2210     0.0061     0.1306     0.0085     1.2210     1.0600     19.971    30.3803    23.1707    1.34512    1.92231     58.712    6.35676    9.08444  0.000e+00
        680     20.229     29.339   3231.841   8890.613    11.0588   3.443238     1.2247     0.0073     0.1368     0.0085     1.2247     1.1633     20.059    30.3795    23.1700    1.35333    1.93405     59.071    6.35666    9.08430  0.000e+00
        681     20.363     29.534   3231.778   8890.800    11.0579   3.443401     1.2271     0.0073     0.1368     0.0085     1.2271     1.1633     20.193    30.3818    23.1719    1.35884    1.94192     59.312    6.35670    9.08435  0.000e+00
        682     20.542     29.794   3231.841   8890.801    11.0588   3.443402     1.2283     0.0061     0.1343     0.0085     1.2283     1.1220     20.370    30.3810    23.1711    1.36160    1.94586     59.432    6.35660    9.08422  0.000e+00
        683     20.632     29.924   3231.778   8890.802    11.0579   3.443402     1.2295     0.0073     0.1306     0.0098     1.2295     1.0600     20.459    30.3817    23.1718    1.36437    1.94982     59.553    6.35670    9.08436  0.000e+00
        684     20.766     30.118   3231.905   8890.803    11.0597   3.443403     1.2308     0.0073     0.1319     0.0085     1.2308     1.0806     20.592    30.3801    23.1703    1.36710    1.95372     59.672    6.35651    9.08408  0.000e+00
        685     20.855     30.248   3231.842   8891.177    11.0588   3.443729     1.2308     0.0073     0.1319     0.0085     1.2308     1.0806     20.681    30.3840    23.1735    1.36711    1.95373     59.672    6.35648    9.08404  0.000e+00
        686     20.945     30.378   3231.842   8891.178    11.0588   3.443729     1.2344     0.0073     0.1343     0.0085     1.2344     1.1220     20.769    30.3840    23.1735    1.37534    1.96550     60.032    6.35648    9.08404  0.000e+00
        687     21.079     30.572   3231.905   8891.365    11.0597   3.443893     1.2332     0.0073     0.1331     0.0085     1.2332     1.1013     20.902    30.3848    23.1739    1.37260    1.96158     59.912    6.35632    9.08382  0.000e+00
        688     21.168     30.702   3231.842   8891.366    11.0588   3.443893     1.2357     0.0061     0.1294     0.0085     1.2357     1.0393     20.991    30.3855    23.1746    1.37811    1.96946     60.152    6.35642    9.08395  0.000e+00
        689     21.258     30.832   3231.842   8891.367    11.0588   3.443894     1.2369     0.0073     0.1319     0.0085     1.2369     1.0806     21.080    30.3855    23.1746    1.38087    1.97340     60.273    6.35642    9.08396  0.000e+00
        690     21.347     30.962   3231.843   8891.368    11.0588   3.443895     1.2369     0.0061     0.1306     0.0085     1.2369     1.0600     21.169    30.3855    23.1746    1.38088    1.97342     60.273    6.35642    9.08396  0.000e+00
        691     21.482     31.157   3231.906   8891.369    11.0597   3.443896     1.2393     0.0073     0.1319     0.0085     1.2393     1.0806     21.302    30.3846    23.1738    1.38637    1.98126     60.513    6.35632    9.08382  0.000e+00
        692     21.571     31.286   3231.970   8891.743    11.0607   3.444221     1.2405     0.0073     0.1306     0.0085     1.2405     1.0600     21.390    30.3870    23.1755    1.38908    1.98513     60.631    6.35610    9.08350  0.000e+00
        693     21.661     31.416   3231.906   8891.744    11.0598   3.444222     1.2430     0.0073     0.1306     0.0085     1.2430     1.0600     21.479    30.3878    23.1762    1.39460    1.99302     60.872    6.35620    9.08364  0.000e+00
        694     21.750     31.546   3231.907   8892.118    11.0598   3.444547     1.2454     0.0073     0.1331     0.0098     1.2454     1.1013     21.568    30.3909    23.1787    1.40007    2.00083     61.110    6.35607    9.08346  0.000e+00
        695     21.840     31.676   3231.907   8892.119    11.0598   3.444548     1.2466     0.0073     0.1306     0.0085     1.2466     1.0600     21.657    30.3909    23.1786    1.40282    2.00477     61.231    6.35607    9.08346  0.000e+00
        696     21.929     31.806   3231.907   8892.306    11.0598   3.444711     1.2491     0.0073     0.1319     0.0085     1.2491     1.0806     21.745    30.3924    23.1799    1.40831    2.01261     61.470    6.35601    9.08337  0.000e+00
        697     22.019     31.935   3231.970   8892.680    11.0607   3.445036     1.2503     0.0073     0.1319     0.0085     1.2503     1.0806     21.834    30.3948    23.1816    1.41101    2.01648     61.588    6.35579    9.08305  0.000e+00
        698     22.153     32.130   3231.971   8892.494    11.0607   3.444875     1.2515     0.0073     0.1319     0.0085     1.2515     1.0806     21.967    30.3932    23.1803    1.41379    2.02045     61.710    6.35585    9.08315  0.000e+00
        699     22.242     32.260   3231.971   8893.241    11.0607   3.445525     1.2540     0.0061     0.1306     0.0085     1.2540     1.0600     22.056    30.3995    23.1852    1.41924    2.02823     61.947    6.35560    9.08278  0.000e+00
        700     22.332     32.390   3232.097   8893.802    11.0625   3.446012     1.2552     0.0073     0.1319     0.0085     1.2552     1.0806     22.145    30.4027    23.1874    1.42191    2.03205     62.063    6.35521    9.08224  0.000e+00
        701     22.466     32.584   3231.971   8893.429    11.0607   3.445689     1.2564     0.0061     0.1306     0.0085     1.2564     1.0600     22.278    30.4010    23.1864    1.42474    2.03610     62.187    6.35554    9.08270  0.000e+00
        702     22.556     32.714   3232.098   8893.430    11.0625   3.445690     1.2576     0.0061     0.1306     0.0085     1.2576     1.0600     22.367    30.3995    23.1848    1.42746    2.03999     62.306    6.35534    9.08242  0.000e+00
        703     22.645     32.844   3231.972   8893.431    11.0607   3.445690     1.2589     0.0073     0.1306     0.0085     1.2589     1.0600     22.455    30.4010    23.1863    1.43026    2.04398     62.428    6.35554    9.08270  0.000e+00
        704     22.735     32.974   3231.972   8893.619    11.0607   3.445853     1.2601     0.0073     0.1306     0.0085     1.2601     1.0600     22.544    30.4025    23.1875    1.43300    2.04790     62.548    6.35548    9.08261  0.000e+00
        705     22.869     33.169   3232.035   8893.620    11.0616   3.445854     1.2601     0.0073     0.1306     0.0085     1.2601     1.0600     22.677    30.4017    23.1867    1.43301    2.04791     62.548    6.35538    9.08247  0.000e+00
        706     22.958     33.298   3232.035   8893.620    11.0616   3.445855     1.2601     0.0073     0.1306     0.0098     1.2601     1.0600     22.766    30.4017    23.1867    1.43303    2.04794     62.549    6.35538    9.08248  0.000e+00
        707     23.093     33.493   3232.162   8893.994    11.0635   3.446180     1.2613     0.0073     0.1306     0.0085     1.2613     1.0600     22.899    30.4033    23.1877    1.43572    2.05179     62.666    6.35506    9.08202  0.000e+00
        708     23.182     33.623   3232.099   8894.182    11.0625   3.446344     1.2625     0.0073     0.1319     0.0085     1.2625     1.0806     22.988    30.4056    23.1896    1.43849    2.05574     62.787    6.35510    9.08207  0.000e+00
        709     23.361     33.882   3231.973   8894.183    11.0607   3.446344     1.2625     0.0073     0.1331     0.0085     1.2625     1.1013     23.165    30.4071    23.1911    1.43856    2.05585     62.790    6.35529    9.08235  0.000e+00
        710     23.451     34.012   3232.036   8894.183    11.0616   3.446345     1.2625     0.0061     0.1306     0.0085     1.2625     1.0600     23.254    30.4063    23.1903    1.43856    2.05585     62.790    6.35520    9.08221  0.000e+00
        711     23.585     34.207   3232.100   8894.184    11.0626   3.446346     1.2637     0.0073     0.1306     0.0085     1.2637     1.0600     23.387    30.4055    23.1895    1.44131    2.05977     62.910    6.35510    9.08207  0.000e+00
        712     23.674     34.337   3232.100   8894.185    11.0626   3.446347     1.2650     0.0073     0.1306     0.0085     1.2650     1.0600     23.476    30.4054    23.1895    1.44406    2.06371     63.030    6.35510    9.08208  0.000e+00
        713     23.809     34.531   3232.037   8894.186    11.0616   3.446348     1.2662     0.0061     0.1306     0.0085     1.2662     1.0600     23.609    30.4061    23.1902    1.44685    2.06770     63.152    6.35520    9.08222  0.000e+00
        714     23.898     34.661   3232.037   8894.187    11.0616   3.446348     1.2650     0.0073     0.1331     0.0085     1.2650     1.1013     23.698    30.4061    23.1902    1.44413    2.06380     63.033    6.35520    9.08222  0.000e+00
        715     24.032     34.856   3232.037   8894.374    11.0616   3.446512     1.2674     0.0061     0.1306     0.0085     1.2674     1.0600     23.831    30.4077    23.1914    1.44962    2.07165     63.273    6.35514    9.08213  0.000e+00
        716     24.122     34.986   3232.164   8894.375    11.0635   3.446512     1.2674     0.0073     0.1294     0.0085     1.2674     1.0393     23.920    30.4061    23.1898    1.44960    2.07162     63.272    6.35495    9.08185  0.000e+00
        717     24.211     35.116   3232.164   8894.749    11.0635   3.446838     1.2674     0.0061     0.1319     0.0085     1.2674     1.0806     24.008    30.4093    23.1923    1.44959    2.07161     63.271    6.35482    9.08167  0.000e+00
        718     24.301     35.245   3232.164   8895.309    11.0635   3.447325     1.2686     0.0073     0.1319     0.0098     1.2686     1.0806     24.097    30.4140    23.1960    1.45230    2.07548     63.389    6.35463    9.08140  0.000e+00
        719     24.435     35.440   3232.038   8895.497    11.0617   3.447488     1.2686     0.0073     0.1294     0.0085     1.2686     1.0393     24.230    30.4170    23.1987    1.45235    2.07556     63.392    6.35476    9.08159  0.000e+00
        720     24.525     35.570   3232.101   8895.684    11.0626   3.447651     1.2686     0.0073     0.1306     0.0085     1.2686     1.0600     24.319    30.4178    23.1991    1.45234    2.07554     63.391    6.35460    9.08136  0.000e+00
        721     24.614     35.700   3232.038   8895.685    11.0617   3.447652     1.2711     0.0073     0.1306     0.0085     1.2711     1.0600     24.408    30.4186    23.1998    1.45786    2.08342     63.632    6.35470    9.08150  0.000e+00
        722     24.748     35.895   3232.165   8895.872    11.0635   3.447815     1.2711     0.0061     0.1319     0.0085     1.2711     1.0806     24.541    30.4186    23.1995    1.45783    2.08338     63.630    6.35444    9.08114  0.000e+00
        723     24.838     36.024   3232.102   8895.873    11.0626   3.447816     1.2711     0.0073     0.1306     0.0098     1.2711     1.0600     24.630    30.4193    23.2003    1.45787    2.08344     63.632    6.35454    9.08127  0.000e+00
        724     24.927     36.154   3232.229   8896.060    11.0644   3.447979     1.2698     0.0073     0.1306     0.0085     1.2698     1.0600     24.718    30.4194    23.2000    1.45509    2.07947     63.511    6.35429    9.08091  0.000e+00
