unitTesting/processed_seabird_noalign/ORCA1_CAST0011.cnv
* Sea-Bird SBE 19 Data File:
* FileName =
* Software Version 4.234
* Temperature SN = 2835
* Conductivity SN = 2835
* System UpLoad Time = Fri Jan 21 17:52:17 2005

** Ship: ORCA
** Cruise: Mooring
** Station: Twanoh
** Latitude: 47 22.5
** Longitude: 123 0.5
# nquan = 22
# nvalues = 884                                   
# units = specified
# name 0 = scan: Scan Count
# name 1 = prSM: Pressure, Strain Gauge [db]
# name 2 = prSE: Pressure, Strain Gauge [psi]
# name 3 = f0: Frequency 0
# name 4 = f1: Frequency 1
# name 5 = t090C: Temperature [ITS-90, deg C]
# name 6 = c0S/m: Conductivity [S/m]
# name 7 = v0: Voltage 0
# name 8 = v1: Voltage 1
# name 9 = v2: Voltage 2
# name 10 = v3: Voltage 3
# name 11 = sbeox0V: Oxygen raw, SBE 43 [V]
# name 12 = wetStar: Fluorescence, WET Labs WETstar [mg/m^3]
# name 13 = depSM: Depth [salt water, m], lat = 47.28
# name 14 = sal00: Salinity, Practical [PSU]
# name 15 = sigma-t00: Density [sigma-t, Kg/m^3 ]
# name 16 = sbeox0ML/L: Oxygen, SBE 43 [ml/l]
# name 17 = sbeox0Mg/L: Oxygen, SBE 43 [mg/l]
# name 18 = sbeox0Mm/Kg: Oxygen, SBE 43 [umol/Kg]
# name 19 = oxsatML/L: Oxygen Saturation, Weiss [ml/l]
# name 20 = oxsatMg/L: Oxygen Saturation, Weiss [mg/l]
# name 21 = flag:  0.000e+00
# span 0 =          1,        884                 
# span 1 =      0.951,     29.672                 
# span 2 =      1.380,     43.035                 
# span 3 =   3054.918,   3233.057                 
# span 4 =   7205.405,   8908.693                 
# span 5 =     8.4413,    11.0764                 
# span 6 =   2.117989,   3.458984                 
# span 7 =     0.0000,     3.1978                 
# span 8 =     0.0000,     0.0073                 
# span 9 =     0.0000,     0.4310                 
# span 10 =     0.0000,     0.0098                
# span 11 =     0.0000,     3.1978                
# span 12 =    -1.1506,     6.1422                
# span 13 =      0.943,     29.422                
# span 14 =    19.0908,    30.5268                
# span 15 =    14.7479,    23.2839                
# span 16 =   -1.39386,    6.35849                
# span 17 =   -1.99196,    9.08691                
# span 18 =    -60.840,    279.658                
# span 19 =    6.35026,    7.22871                
# span 20 =    9.07515,   10.33055                
# span 21 = 0.0000e+00, 0.0000e+00                
# interval = seconds: 0.5
# start_time = Jan 31 2016 20:27:08 [DatCnv date, localtime]
# bad_flag = -9.990e-29
*END*
[from data line 66]
         67     18.931     27.458   3232.550   8897.726    11.0691   3.449427     0.0000     0.0000     0.0000     0.0000     0.0000    -1.1506     18.773    30.4321    23.2091   -1.39348   -1.99142    -60.821    6.35313    9.07926  0.000e+00
         68     18.931     27.458   3232.614   8897.537    11.0700   3.449262     0.0000     0.0012     0.0000     0.0012     0.0000    -1.1506     18.773    30.4297    23.2070   -1.39347   -1.99141    -60.821    6.35310    9.07921  0.000e+00
         69     18.931     27.458   3232.551   8897.719    11.0691   3.449421     0.0000     0.0012     0.0000     0.0012     0.0000    -1.1506     18.773    30.4320    23.2090   -1.39348   -1.99142    -60.821    6.35313    9.07926  0.000e+00
         70     18.931     27.458   3232.487   8897.530    11.0682   3.449256     0.0000     0.0000     0.0000     0.0000     0.0000    -1.1506     18.773    30.4312    23.2085   -1.39351   -1.99146    -60.822    6.35329    9.07949  0.000e+00
         71     18.931     27.458   3232.551   8897.526    11.0691   3.449253     0.0000     0.0012     0.0000     0.0012     0.0000    -1.1506     18.773    30.4304    23.2077   -1.39349   -1.99144    -60.822    6.35320    9.07936  0.000e+00
         72     18.931     27.458   3232.614   8897.709    11.0700   3.449412     0.0000     0.0000     0.0000     0.0000     0.0000    -1.1506     18.773    30.4312    23.2082   -1.39346   -1.99139    -60.820    6.35304    9.07913  0.000e+00
         73     18.931     27.458   3232.551   8897.705    11.0691   3.449409     0.0000     0.0000     0.0000     0.0000     0.0000    -1.1506     18.773    30.4319    23.2089   -1.39348   -1.99142    -60.821    6.35314    9.07927  0.000e+00
         74     18.931     27.458   3232.551   8897.702    11.0691   3.449406     0.0000     0.0012     0.0000     0.0012     0.0000    -1.1506     18.773    30.4319    23.2089   -1.39348   -1.99142    -60.821    6.35314    9.07927  0.000e+00
         75     18.931     27.458   3232.551   8897.698    11.0691   3.449403     0.0000     0.0000     0.0000     0.0012     0.0000    -1.1506     18.773    30.4318    23.2089   -1.39348   -1.99142    -60.821    6.35314    9.07927  0.000e+00
         76     18.931     27.458   3232.551   8897.695    11.0691   3.449400     0.0000     0.0012     0.0000     0.0012     0.0000    -1.1506     18.773    30.4318    23.2088   -1.39348   -1.99142    -60.821    6.35314    9.07927  0.000e+00
         77     18.931     27.458   3232.551   8897.691    11.0691   3.449397     0.0000     0.0000     0.0000     0.0012     0.0000    -1.1506     18.773    30.4318    23.2088   -1.39348   -1.99142    -60.821    6.35314    9.07928  0.000e+00
         78     18.976     27.522   3232.551   8897.688    11.0691   3.449394     0.0000     0.0000     0.0000     0.0012     0.0000    -1.1506     18.817    30.4317    23.2088   -1.39349   -1.99143    -60.821    6.35314    9.07928  0.000e+00
         79     18.931     27.458   3232.488   8897.684    11.0682   3.449391     0.0000     0.0000     0.0000     0.0012     0.0000    -1.1506     18.773    30.4325    23.2095   -1.39350   -1.99145    -60.822    6.35324    9.07942  0.000e+00
         80     18.931     27.458   3232.614   8897.681    11.0700   3.449388     0.0000     0.0012     0.0000     0.0012     0.0000    -1.1506     18.773    30.4309    23.2080   -1.39346   -1.99139    -60.820    6.35305    9.07914  0.000e+00
         81     18.931     27.458   3232.488   8897.677    11.0682   3.449385     0.0000     0.0000     0.0000     0.0012     0.0000    -1.1506     18.773    30.4324    23.2095   -1.39350   -1.99145    -60.822    6.35324    9.07942  0.000e+00
         82     18.931     27.458   3232.551   8897.674    11.0691   3.449381     0.0000     0.0012     0.0000     0.0012     0.0000    -1.1506     18.773    30.4316    23.2087   -1.39348   -1.99142    -60.821    6.35315    9.07928  0.000e+00
         83     18.931     27.458   3232.551   8897.670    11.0691   3.449378     0.0000     0.0012     0.0000     0.0012     0.0000    -1.1506     18.773    30.4316    23.2087   -1.39348   -1.99142    -60.821    6.35315    9.07929  0.000e+00
         84     18.931     27.458   3232.551   8897.480    11.0691   3.449213     0.0000     0.0012     0.0000     0.0012     0.0000    -1.1506     18.773    30.4300    23.2074   -1.39349   -1.99144    -60.822    6.35321    9.07938  0.000e+00
         85     18.931     27.458   3232.551   8892.629    11.0691   3.444991     0.0000     0.0000     0.0000     0.0000     0.0000    -1.1506     18.773    30.3887    23.1753   -1.39386   -1.99196    -60.840    6.35487    9.08174  0.000e+00
         86     18.976     27.522   3233.057   8897.660    11.0764   3.449369     1.0488     0.0073     0.0000     0.0073     1.0488    -1.1506     18.817    30.4254    23.2026    0.95805    1.36915     41.816    6.35238    9.07819  0.000e+00
         87     18.931     27.458   3232.551   8897.097    11.0691   3.448879     1.0769     0.0073     0.1233     0.0085     1.0769     0.9360     18.773    30.4267    23.2049    1.02115    1.45932     44.570    6.35334    9.07956  0.000e+00
         88     18.976     27.522   3232.551   8897.094    11.0691   3.448876     1.0806     0.0073     0.1294     0.0085     1.0806     1.0393     18.817    30.4267    23.2048    1.02937    1.47107     44.929    6.35335    9.07957  0.000e+00
         89     18.976     27.522   3232.615   8896.904    11.0700   3.448711     1.0940     0.0073     0.1282     0.0085     1.0940     1.0187     18.817    30.4243    23.2028    1.05948    1.51410     46.243    6.35331    9.07952  0.000e+00
         90     18.931     27.458   3232.615   8896.900    11.0700   3.448708     1.1148     0.0073     0.1282     0.0085     1.1148     1.0187     18.773    30.4243    23.2028    1.10601    1.58060     48.274    6.35331    9.07952  0.000e+00
         91     18.931     27.458   3232.615   8896.897    11.0700   3.448705     1.1355     0.0073     0.1282     0.0085     1.1355     1.0187     18.773    30.4242    23.2028    1.15255    1.64711     50.306    6.35332    9.07952  0.000e+00
         92     18.931     27.458   3232.678   8896.893    11.0709   3.448702     1.1563     0.0061     0.1270     0.0085     1.1563     0.9980     18.773    30.4234    23.2020    1.19908    1.71360     52.336    6.35322    9.07939  0.000e+00
         93     18.931     27.458   3232.741   8896.890    11.0719   3.448699     1.1770     0.0073     0.1282     0.0085     1.1770     1.0187     18.773    30.4227    23.2013    1.24560    1.78009     54.367    6.35313    9.07925  0.000e+00
         94     18.931     27.458   3232.678   8896.700    11.0709   3.448534     1.1941     0.0073     0.1306     0.0085     1.1941     1.0600     18.773    30.4218    23.2007    1.28396    1.83490     56.041    6.35329    9.07948  0.000e+00
         95     18.976     27.522   3232.741   8896.883    11.0719   3.448693     1.2088     0.0073     0.1306     0.0085     1.2088     1.0600     18.817    30.4226    23.2012    1.31679    1.88182     57.474    6.35313    9.07926  0.000e+00
         96     18.931     27.458   3232.741   8896.879    11.0719   3.448690     1.2210     0.0061     0.1294     0.0085     1.2210     1.0393     18.773    30.4226    23.2012    1.34416    1.92093     58.669    6.35313    9.07926  0.000e+00
         97     18.931     27.458   3232.678   8896.689    11.0709   3.448524     1.2308     0.0073     0.1306     0.0085     1.2308     1.0600     18.773    30.4217    23.2007    1.36609    1.95228     59.626    6.35329    9.07949  0.000e+00
         98     18.931     27.458   3232.805   8896.686    11.0728   3.448521     1.2393     0.0073     0.1282     0.0085     1.2393     1.0187     18.773    30.4202    23.1992    1.38522    1.97961     60.461    6.35310    9.07921  0.000e+00
         99     18.931     27.458   3232.741   8896.682    11.0719   3.448518     1.2466     0.0073     0.1294     0.0085     1.2466     1.0393     18.773    30.4209    23.1999    1.40166    2.00311     61.179    6.35320    9.07935  0.000e+00
        100     18.931     27.458   3232.805   8896.679    11.0728   3.448515     1.2540     0.0073     0.1331     0.0085     1.2540     1.1013     18.773    30.4201    23.1991    1.41807    2.02656     61.895    6.35310    9.07922  0.000e+00
        101     18.931     27.458   3232.742   8896.675    11.0719   3.448512     1.2601     0.0073     0.1319     0.0085     1.2601     1.0806     18.773    30.4208    23.1998    1.43178    2.04615     62.493    6.35320    9.07936  0.000e+00
        102     18.931     27.458   3232.742   8896.672    11.0719   3.448509     1.2637     0.0073     0.1477     0.0085     1.2637     1.3492     18.773    30.4208    23.1998    1.43999    2.05789     62.852    6.35320    9.07936  0.000e+00
        103     18.931     27.458   3232.742   8896.668    11.0719   3.448506     1.2686     0.0073     0.1294     0.0085     1.2686     1.0393     18.773    30.4208    23.1998    1.45094    2.07354     63.330    6.35320    9.07936  0.000e+00
        104     18.976     27.522   3232.805   8896.665    11.0728   3.448503     1.2723     0.0073     0.1306     0.0085     1.2723     1.0600     18.817    30.4200    23.1990    1.45914    2.08526     63.688    6.35311    9.07922  0.000e+00
        105     18.976     27.522   3232.742   8896.661    11.0719   3.448500     1.2747     0.0073     0.1294     0.0085     1.2747     1.0393     18.817    30.4207    23.1997    1.46464    2.09311     63.928    6.35320    9.07936  0.000e+00
        106     18.976     27.522   3232.742   8896.658    11.0719   3.448497     1.2772     0.0073     0.1306     0.0085     1.2772     1.0600     18.817    30.4207    23.1997    1.47011    2.10094     64.167    6.35320    9.07936  0.000e+00
        107     18.931     27.458   3232.805   8896.654    11.0728   3.448494     1.2808     0.0073     0.1282     0.0085     1.2808     1.0187     18.773    30.4199    23.1989    1.47830    2.11263     64.524    6.35311    9.07923  0.000e+00
        108     18.931     27.458   3232.742   8896.650    11.0719   3.448491     1.2833     0.0073     0.1282     0.0085     1.2833     1.0187     18.773    30.4206    23.1997    1.48379    2.12049     64.764    6.35321    9.07937  0.000e+00
        109     18.931     27.458   3232.742   8896.647    11.0719   3.448488     1.2857     0.0073     0.1294     0.0085     1.2857     1.0393     18.773    30.4206    23.1996    1.48927    2.12831     65.003    6.35321    9.07937  0.000e+00
        110     18.976     27.522   3232.742   8896.457    11.0719   3.448322     1.2882     0.0073     0.1294     0.0085     1.2882     1.0393     18.817    30.4189    23.1984    1.49477    2.13617     65.243    6.35327    9.07946  0.000e+00
        111     18.931     27.458   3232.805   8896.640    11.0728   3.448482     1.2906     0.0073     0.1306     0.0098     1.2906     1.0600     18.773    30.4198    23.1988    1.50020    2.14394     65.480    6.35311    9.07923  0.000e+00
        112     18.931     27.458   3232.805   8896.636    11.0728   3.448478     1.2930     0.0073     0.1306     0.0085     1.2930     1.0600     18.773    30.4197    23.1988    1.50567    2.15176     65.719    6.35311    9.07924  0.000e+00
        113     18.931     27.458   3232.742   8896.633    11.0719   3.448475     1.2943     0.0073     0.1306     0.0085     1.2943     1.0600     18.773    30.4205    23.1995    1.50843    2.15570     65.839    6.35321    9.07937  0.000e+00
        114     18.931     27.458   3232.742   8896.443    11.0719   3.448310     1.2943     0.0073     0.1319     0.0098     1.2943     1.0806     18.773    30.4188    23.1983    1.50845    2.15572     65.840    6.35328    9.07947  0.000e+00
        115     18.931     27.458   3232.805   8896.626    11.0728   3.448469     1.2943     0.0073     0.1306     0.0098     1.2943     1.0600     18.773    30.4196    23.1988    1.50841    2.15567     65.838    6.35312    9.07924  0.000e+00
        116     18.976     27.522   3232.742   8896.622    11.0719   3.448466     1.2955     0.0073     0.1294     0.0085     1.2955     1.0393     18.817    30.4204    23.1995    1.51118    2.15963     65.959    6.35322    9.07938  0.000e+00
        117     18.976     27.522   3232.742   8896.619    11.0719   3.448463     1.2967     0.0073     0.1319     0.0085     1.2967     1.0806     18.817    30.4203    23.1994    1.51392    2.16354     66.079    6.35322    9.07938  0.000e+00
        118     18.931     27.458   3232.806   8896.615    11.0728   3.448460     1.2967     0.0073     0.1294     0.0085     1.2967     1.0393     18.773    30.4196    23.1987    1.51389    2.16350     66.077    6.35312    9.07924  0.000e+00
        119     18.976     27.522   3232.806   8896.425    11.0728   3.448295     1.2967     0.0073     0.1306     0.0085     1.2967     1.0600     18.817    30.4179    23.1974    1.51391    2.16353     66.079    6.35319    9.07934  0.000e+00
        120     18.931     27.458   3232.806   8896.422    11.0728   3.448292     1.2991     0.0073     0.1294     0.0085     1.2991     1.0393     18.773    30.4179    23.1974    1.51938    2.17135     66.317    6.35319    9.07934  0.000e+00
        121     18.976     27.522   3232.742   8896.605    11.0719   3.448451     1.2991     0.0073     0.1294     0.0085     1.2991     1.0393     18.817    30.4202    23.1993    1.51940    2.17137     66.318    6.35322    9.07939  0.000e+00
        122     18.931     27.458   3232.743   8896.601    11.0719   3.448448     1.2991     0.0073     0.1294     0.0085     1.2991     1.0393     18.773    30.4202    23.1993    1.51939    2.17136     66.317    6.35322    9.07939  0.000e+00
        123     18.931     27.458   3232.806   8896.411    11.0728   3.448283     1.3004     0.0073     0.1282     0.0085     1.3004     1.0187     18.773    30.4178    23.1973    1.52212    2.17526     66.437    6.35319    9.07934  0.000e+00
        124     18.931     27.458   3232.806   8896.408    11.0728   3.448280     1.3016     0.0073     0.1294     0.0085     1.3016     1.0393     18.773    30.4178    23.1973    1.52486    2.17917     66.556    6.35319    9.07935  0.000e+00
        125     18.976     27.522   3232.637   8896.469    11.0704   3.448333     1.3016     0.0073     0.1306     0.0085     1.3016     1.0600     18.817    30.4203    23.1997    1.52492    2.17926     66.559    6.35343    9.07968  0.000e+00
        126     18.976     27.522   3232.469   8896.531    11.0679   3.448387     1.3028     0.0073     0.1294     0.0085     1.3028     1.0393     18.817    30.4229    23.2021    1.52771    2.18325     66.680    6.35366    9.08002  0.000e+00
        127     18.976     27.522   3232.300   8896.595    11.0655   3.448442     1.3040     0.0073     0.1306     0.0085     1.3040     1.0600     18.817    30.4254    23.2045    1.53050    2.18723     66.802    6.35390    9.08036  0.000e+00
        128     18.976     27.522   3232.806   8896.597    11.0728   3.448444     1.3040     0.0073     0.1306     0.0098     1.3040     1.0600     18.817    30.4194    23.1985    1.53033    2.18699     66.795    6.35313    9.07925  0.000e+00
        129     18.931     27.458   3232.743   8896.599    11.0719   3.448446     1.3028     0.0073     0.1306     0.0098     1.3028     1.0600     18.773    30.4202    23.1993    1.52760    2.18309     66.676    6.35322    9.07939  0.000e+00
        130     18.931     27.458   3232.743   8896.601    11.0719   3.448447     1.3040     0.0073     0.1294     0.0085     1.3040     1.0393     18.773    30.4202    23.1993    1.53034    2.18701     66.795    6.35322    9.07939  0.000e+00
        131     18.976     27.522   3232.680   8896.603    11.0710   3.448449     1.3040     0.0073     0.1282     0.0085     1.3040     1.0187     18.817    30.4209    23.2001    1.53037    2.18705     66.797    6.35332    9.07953  0.000e+00
