unitTesting/processed_seabird_noalign/ORCA1_CAST0038.cnv
* Sea-Bird SBE 19 Data File:
* FileName =
* Software Version 4.234
* Temperature SN = 2835
* Conductivity SN = 2835
* System UpLoad Time = Fri Jan 28 12:07:02 2005

** Ship: ORCA
** Cruise: Mooring
** Station: Twanoh
** Latitude: 47 22.5
** Longitude: 123 0.5
# nquan = 22
# nvalues = 916                                   
# units = specified
# name 0 = scan: Scan Count
# name 1 = prSM: Pressure, Strain Gauge [db]
# name 2 = prSE: Pressure, Strain Gauge [psi]
# name 3 = f0: Frequency 0
# name 4 = f1: Frequency 1
# name 5 = t090C: Temperature [ITS-90, deg C]
# name 6 = c0S/m: Conductivity [S/m]
# name 7 = v0: Voltage 0
# name 8 = v1: Voltage 1
# name 9 = v2: Voltage 2
# name 10 = v3: Voltage 3
# name 11 = sbeox0V: Oxygen raw, SBE 43 [V]
# name 12 = wetStar: Fluorescence, WET Labs WETstar [mg/m^3]
# name 13 = depSM: Depth [salt water, m], lat = 47.28
# name 14 = sal00: Salinity, Practical [PSU]
# name 15 = sigma-t00: Density [sigma-t, Kg/m^3 ]
# name 16 = sbeox0ML/L: Oxygen, SBE 43 [ml/l]
# name 17 = sbeox0Mg/L: Oxygen, SBE 43 [mg/l]
# name 18 = sbeox0Mm/Kg: Oxygen, SBE 43 [umol/Kg]
# name 19 = oxsatML/L: Oxygen Saturation, Weiss [ml/l]
# name 20 = oxsatMg/L: Oxygen Saturation, Weiss [mg/l]
# name 21 = flag:  0.000e+00
# span 0 =          1,        916                 
# span 1 =      0.951,     29.716                 
# span 2 =      1.380,     43.100                 
# span 3 =   3134.977,   3233.163                 
# span 4 =   7715.957,   8899.936                 
# span 5 =     9.6386,    11.0780                 
# span 6 =   2.489807,   3.451355                 
# span 7 =     0.0000,     2.6557                 
# span 8 =     0.0000,     0.0073                 
# span 9 =     0.0000,     0.3150                 
# span 10 =     0.0000,     0.0098                
# span 11 =     0.0000,     2.6557                
# span 12 =    -1.1506,     4.1795                
# span 13 =      0.943,     29.467                
# span 14 =    22.0975,    30.4765                
# span 15 =    16.9499,    23.2498                
# span 16 =   -1.39672,    4.86033                
# span 17 =   -1.99605,    6.94589                
# span 18 =    -60.977,    213.437                
# span 19 =    6.35634,    6.91379                
# span 20 =    9.08384,    9.88050                
# span 21 = 0.0000e+00, 0.0000e+00                
# interval = seconds: 0.5
# start_time = Jan 31 2016 20:27:30 [DatCnv date, localtime]
# bad_flag = -9.990e-29
*END*
[from data line 198]
        199     18.976     27.522   3231.354   8871.652    11.0517   3.426762     1.0220     0.0073     0.1355     0.0098     1.0220     1.1426     18.817    30.2246    23.0508    0.89942    1.28536     39.263    6.36385    9.09457  0.000e+00
        200     18.976     27.522   3231.291   8871.655    11.0508   3.426765     1.0220     0.0061     0.1355     0.0085     1.0220     1.1426     18.817    30.2254    23.0516    0.89943    1.28537     39.263    6.36394    9.09471  0.000e+00
        201     18.931     27.458   3231.228   8871.659    11.0499   3.426768     1.0232     0.0073     0.1355     0.0085     1.0232     1.1426     18.773    30.2262    23.0523    0.90218    1.28930     39.383    6.36404    9.09485  0.000e+00
        202     18.976     27.522   3231.355   8871.662    11.0518   3.426771     1.0220     0.0061     0.1368     0.0085     1.0220     1.1633     18.817    30.2247    23.0508    0.89942    1.28535     39.263    6.36384    9.09457  0.000e+00
        203     18.976     27.522   3231.229   8871.666    11.0499   3.426774     1.0220     0.0073     0.1368     0.0085     1.0220     1.1633     18.817    30.2262    23.0524    0.89944    1.28539     39.264    6.36403    9.09484  0.000e+00
        204     18.976     27.522   3231.293   8871.669    11.0508   3.426777     1.0220     0.0073     0.1355     0.0085     1.0220     1.1426     18.817    30.2255    23.0516    0.89943    1.28537     39.263    6.36394    9.09470  0.000e+00
        205     18.931     27.458   3231.293   8871.486    11.0509   3.426618     1.0220     0.0073     0.1355     0.0085     1.0220     1.1426     18.773    30.2239    23.0504    0.89943    1.28538     39.264    6.36400    9.09479  0.000e+00
        206     18.931     27.458   3231.293   8871.676    11.0509   3.426784     1.0220     0.0073     0.1368     0.0085     1.0220     1.1633     18.773    30.2256    23.0517    0.89942    1.28536     39.263    6.36393    9.09469  0.000e+00
        207     18.976     27.522   3231.294   8871.493    11.0509   3.426624     1.0220     0.0073     0.1355     0.0085     1.0220     1.1426     18.817    30.2240    23.0505    0.89944    1.28538     39.264    6.36399    9.09478  0.000e+00
        208     18.976     27.522   3231.357   8871.497    11.0518   3.426627     1.0220     0.0073     0.1380     0.0085     1.0220     1.1839     18.817    30.2233    23.0497    0.89942    1.28537     39.263    6.36389    9.09464  0.000e+00
        209     18.931     27.458   3231.295   8871.500    11.0509   3.426631     1.0220     0.0073     0.1355     0.0085     1.0220     1.1426     18.773    30.2240    23.0505    0.89943    1.28538     39.263    6.36399    9.09478  0.000e+00
        210     18.976     27.522   3231.295   8871.691    11.0509   3.426796     1.0220     0.0073     0.1343     0.0085     1.0220     1.1220     18.817    30.2256    23.0517    0.89943    1.28537     39.263    6.36392    9.09468  0.000e+00
        211     18.931     27.458   3231.232   8871.507    11.0500   3.426637     1.0220     0.0073     0.1380     0.0085     1.0220     1.1839     18.773    30.2249    23.0513    0.89944    1.28539     39.264    6.36408    9.09491  0.000e+00
        212     18.931     27.458   3231.296   8871.511    11.0509   3.426640     1.0220     0.0073     0.1368     0.0085     1.0220     1.1633     18.773    30.2241    23.0506    0.89943    1.28537     39.263    6.36398    9.09477  0.000e+00
        213     18.931     27.458   3231.359   8871.701    11.0518   3.426805     1.0232     0.0073     0.1368     0.0085     1.0232     1.1633     18.773    30.2250    23.0511    0.90215    1.28926     39.382    6.36382    9.09454  0.000e+00
        214     18.931     27.458   3231.233   8871.705    11.0500   3.426808     1.0232     0.0073     0.1355     0.0085     1.0232     1.1426     18.773    30.2265    23.0526    0.90217    1.28930     39.383    6.36401    9.09481  0.000e+00
        215     18.976     27.522   3231.234   8871.521    11.0500   3.426649     1.0232     0.0073     0.1355     0.0085     1.0232     1.1426     18.817    30.2249    23.0513    0.90219    1.28932     39.384    6.36408    9.09490  0.000e+00
        216     18.931     27.458   3231.297   8871.712    11.0509   3.426814     1.0232     0.0073     0.1355     0.0085     1.0232     1.1426     18.773    30.2258    23.0519    0.90216    1.28928     39.383    6.36391    9.09467  0.000e+00
        217     18.931     27.458   3231.298   8871.715    11.0509   3.426817     1.0232     0.0073     0.1368     0.0085     1.0232     1.1633     18.773    30.2258    23.0519    0.90216    1.28928     39.383    6.36391    9.09467  0.000e+00
        218     18.931     27.458   3231.235   8871.719    11.0500   3.426820     1.0232     0.0073     0.1343     0.0085     1.0232     1.1220     18.773    30.2266    23.0526    0.90217    1.28930     39.383    6.36401    9.09480  0.000e+00
        219     18.976     27.522   3231.298   8871.723    11.0509   3.426824     1.0244     0.0073     0.1380     0.0085     1.0244     1.1839     18.817    30.2259    23.0519    0.90491    1.29320     39.503    6.36391    9.09466  0.000e+00
        220     18.931     27.458   3231.425   8871.913    11.0528   3.426989     1.0232     0.0073     0.1368     0.0085     1.0232     1.1633     18.773    30.2260    23.0517    0.90213    1.28923     39.381    6.36365    9.09429  0.000e+00
        221     18.976     27.522   3231.236   8871.730    11.0500   3.426830     1.0232     0.0073     0.1355     0.0098     1.0232     1.1426     18.817    30.2267    23.0527    0.90218    1.28930     39.383    6.36400    9.09479  0.000e+00
        222     18.931     27.458   3231.236   8871.733    11.0500   3.426833     1.0232     0.0073     0.1368     0.0085     1.0232     1.1633     18.773    30.2267    23.0527    0.90217    1.28929     39.383    6.36400    9.09479  0.000e+00
        223     18.976     27.522   3231.237   8871.924    11.0500   3.426998     1.0232     0.0073     0.1368     0.0085     1.0232     1.1633     18.817    30.2283    23.0540    0.90217    1.28929     39.383    6.36393    9.09470  0.000e+00
        224     18.976     27.522   3231.300   8871.927    11.0510   3.427001     1.0244     0.0073     0.1368     0.0085     1.0244     1.1633     18.817    30.2276    23.0532    0.90490    1.29319     39.502    6.36384    9.09456  0.000e+00
        225     18.931     27.458   3231.364   8871.744    11.0519   3.426842     1.0244     0.0073     0.1355     0.0085     1.0244     1.1426     18.773    30.2253    23.0513    0.90489    1.29318     39.502    6.36380    9.09451  0.000e+00
        226     18.976     27.522   3231.238   8871.747    11.0501   3.426845     1.0244     0.0073     0.1355     0.0085     1.0244     1.1426     18.817    30.2268    23.0528    0.90492    1.29322     39.503    6.36399    9.09478  0.000e+00
        227     18.931     27.458   3231.238   8871.751    11.0501   3.426848     1.0256     0.0073     0.1355     0.0085     1.0256     1.1426     18.773    30.2268    23.0528    0.90766    1.29713     39.622    6.36399    9.09478  0.000e+00
        228     18.976     27.522   3231.175   8871.754    11.0491   3.426851     1.0244     0.0073     0.1355     0.0085     1.0244     1.1426     18.817    30.2276    23.0536    0.90493    1.29324     39.504    6.36409    9.09492  0.000e+00
        229     18.976     27.522   3231.239   8871.571    11.0501   3.426692     1.0256     0.0073     0.1355     0.0098     1.0256     1.1426     18.817    30.2253    23.0516    0.90767    1.29715     39.623    6.36405    9.09487  0.000e+00
        230     18.931     27.458   3231.113   8871.948    11.0482   3.427020     1.0244     0.0073     0.1368     0.0085     1.0244     1.1633     18.773    30.2300    23.0556    0.90493    1.29323     39.503    6.36411    9.09496  0.000e+00
        231     18.931     27.458   3231.366   8871.765    11.0519   3.426860     1.0244     0.0073     0.1355     0.0098     1.0244     1.1426     18.773    30.2254    23.0514    0.90489    1.29317     39.502    6.36379    9.09449  0.000e+00
        232     18.976     27.522   3231.240   8871.769    11.0501   3.426863     1.0244     0.0073     0.1355     0.0085     1.0244     1.1426     18.817    30.2270    23.0529    0.90492    1.29322     39.503    6.36398    9.09477  0.000e+00
        233     18.931     27.458   3231.241   8871.959    11.0501   3.427029     1.0244     0.0073     0.1368     0.0085     1.0244     1.1633     18.773    30.2286    23.0542    0.90490    1.29320     39.502    6.36392    9.09467  0.000e+00
        234     18.976     27.522   3231.241   8872.150    11.0501   3.427194     1.0232     0.0073     0.1355     0.0085     1.0232     1.1426     18.817    30.2302    23.0554    0.90216    1.28927     39.382    6.36385    9.09458  0.000e+00
        235     18.976     27.522   3231.241   8871.966    11.0501   3.427035     1.0232     0.0073     0.1368     0.0085     1.0232     1.1633     18.817    30.2286    23.0542    0.90217    1.28929     39.383    6.36391    9.09467  0.000e+00
        236     18.931     27.458   3231.305   8871.783    11.0510   3.426876     1.0232     0.0073     0.1368     0.0085     1.0232     1.1633     18.773    30.2263    23.0522    0.90216    1.28927     39.382    6.36388    9.09462  0.000e+00
        237     18.931     27.458   3231.242   8871.786    11.0501   3.426879     1.0244     0.0073     0.1343     0.0085     1.0244     1.1220     18.773    30.2271    23.0530    0.90491    1.29321     39.503    6.36397    9.09475  0.000e+00
        238     18.976     27.522   3231.369   8872.538    11.0520   3.427531     1.0232     0.0073     0.1355     0.0085     1.0232     1.1426     18.817    30.2320    23.0565    0.90211    1.28921     39.380    6.36352    9.09411  0.000e+00
        239     18.976     27.522   3231.180   8871.793    11.0492   3.426885     1.0244     0.0073     0.1355     0.0085     1.0244     1.1426     18.817    30.2279    23.0538    0.90493    1.29323     39.503    6.36407    9.09489  0.000e+00
        240     18.976     27.522   3231.306   8871.797    11.0510   3.426888     1.0232     0.0073     0.1355     0.0085     1.0232     1.1426     18.817    30.2264    23.0523    0.90216    1.28928     39.383    6.36387    9.09461  0.000e+00
        241     18.931     27.458   3231.244   8871.800    11.0501   3.426891     1.0232     0.0073     0.1355     0.0085     1.0232     1.1426     18.773    30.2272    23.0531    0.90217    1.28929     39.383    6.36397    9.09474  0.000e+00
        242     18.976     27.522   3231.244   8871.804    11.0501   3.426894     1.0232     0.0073     0.1355     0.0085     1.0232     1.1426     18.817    30.2272    23.0531    0.90217    1.28930     39.383    6.36396    9.09474  0.000e+00
        243     18.976     27.522   3231.244   8871.994    11.0501   3.427060     1.0244     0.0073     0.1355     0.0085     1.0244     1.1426     18.817    30.2288    23.0543    0.90491    1.29320     39.502    6.36390    9.09465  0.000e+00
        244     18.976     27.522   3231.245   8871.624    11.0502   3.426738     1.0232     0.0073     0.1343     0.0085     1.0232     1.1220     18.817    30.2257    23.0519    0.90218    1.28931     39.384    6.36402    9.09483  0.000e+00
        245     18.976     27.522   3231.182   8871.750    11.0492   3.426847     1.0244     0.0073     0.1355     0.0085     1.0244     1.1426     18.817    30.2275    23.0535    0.90493    1.29324     39.503    6.36408    9.09490  0.000e+00
        246     18.976     27.522   3231.119   8871.876    11.0483   3.426957     1.0232     0.0073     0.1355     0.0085     1.0232     1.1426     18.817    30.2293    23.0550    0.90219    1.28933     39.384    6.36413    9.09498  0.000e+00
        247     18.976     27.522   3231.056   8872.003    11.0474   3.427067     1.0256     0.0073     0.1368     0.0085     1.0256     1.1633     18.817    30.2311    23.0566    0.90769    1.29717     39.624    6.36419    9.09506  0.000e+00
        248     18.976     27.522   3231.245   8871.816    11.0502   3.426905     1.0244     0.0073     0.1380     0.0085     1.0244     1.1839     18.817    30.2273    23.0532    0.90491    1.29321     39.503    6.36396    9.09473  0.000e+00
        249     18.931     27.458   3231.245   8872.004    11.0502   3.427068     1.0244     0.0073     0.1368     0.0085     1.0244     1.1633     18.773    30.2289    23.0544    0.90490    1.29319     39.502    6.36389    9.09464  0.000e+00
        250     18.976     27.522   3231.245   8872.004    11.0502   3.427068     1.0244     0.0073     0.1380     0.0085     1.0244     1.1839     18.817    30.2289    23.0544    0.90491    1.29320     39.502    6.36389    9.09464  0.000e+00
        251     18.931     27.458   3231.245   8872.005    11.0502   3.427069     1.0244     0.0073     0.1355     0.0085     1.0244     1.1426     18.773    30.2289    23.0544    0.90490    1.29319     39.502    6.36389    9.09464  0.000e+00
        252     18.976     27.522   3231.245   8871.819    11.0502   3.426907     1.0244     0.0073     0.1355     0.0085     1.0244     1.1426     18.817    30.2273    23.0532    0.90491    1.29321     39.503    6.36396    9.09473  0.000e+00
        253     18.976     27.522   3231.182   8871.819    11.0492   3.426907     1.0256     0.0073     0.1355     0.0085     1.0256     1.1426     18.817    30.2281    23.0539    0.90767    1.29715     39.623    6.36405    9.09487  0.000e+00
        254     18.976     27.522   3231.245   8871.820    11.0502   3.426908     1.0256     0.0073     0.1368     0.0085     1.0256     1.1633     18.817    30.2273    23.0532    0.90766    1.29713     39.623    6.36396    9.09473  0.000e+00
        255     18.931     27.458   3231.119   8872.007    11.0483   3.427071     1.0244     0.0073     0.1355     0.0085     1.0244     1.1426     18.773    30.2304    23.0559    0.90492    1.29323     39.503    6.36409    9.09492  0.000e+00
        256     18.976     27.522   3231.309   8872.008    11.0511   3.427071     1.0244     0.0073     0.1355     0.0085     1.0244     1.1426     18.817    30.2282    23.0537    0.90489    1.29318     39.502    6.36380    9.09450  0.000e+00
        257     18.931     27.458   3231.182   8871.821    11.0492   3.426909     1.0244     0.0073     0.1355     0.0085     1.0244     1.1426     18.773    30.2281    23.0539    0.90492    1.29322     39.503    6.36405    9.09487  0.000e+00
        258     18.931     27.458   3231.245   8872.009    11.0502   3.427072     1.0244     0.0073     0.1355     0.0085     1.0244     1.1426     18.773    30.2290    23.0544    0.90490    1.29319     39.502    6.36389    9.09464  0.000e+00
        259     18.976     27.522   3231.245   8872.009    11.0502   3.427072     1.0244     0.0073     0.1355     0.0085     1.0244     1.1426     18.817    30.2289    23.0544    0.90491    1.29320     39.502    6.36389    9.09464  0.000e+00
        260     18.931     27.458   3231.245   8872.010    11.0502   3.427073     1.0244     0.0073     0.1368     0.0085     1.0244     1.1633     18.773    30.2290    23.0544    0.90490    1.29319     39.502    6.36389    9.09464  0.000e+00
        261     18.976     27.522   3231.245   8872.010    11.0502   3.427073     1.0244     0.0073     0.1368     0.0085     1.0244     1.1633     18.817    30.2289    23.0544    0.90491    1.29320     39.502    6.36389    9.09464  0.000e+00
        262     18.976     27.522   3231.245   8872.011    11.0502   3.427074     1.0256     0.0073     0.1380     0.0098     1.0256     1.1839     18.817    30.2290    23.0544    0.90765    1.29712     39.622    6.36389    9.09464  0.000e+00
        263     18.976     27.522   3231.309   8871.825    11.0511   3.426912     1.0256     0.0073     0.1368     0.0085     1.0256     1.1633     18.817    30.2266    23.0525    0.90764    1.29711     39.622    6.36386    9.09459  0.000e+00
