unitTesting/processed_seabird_noalign/ORCA1_CAST0006.cnv
* Sea-Bird SBE 19 Data File:
* FileName =
* Software Version 4.234
* Temperature SN = 2835
* Conductivity SN = 2835
* System UpLoad Time = Thu Jan 20 11:49:52 2005

** Ship: ORCA
** Cruise: Mooring
** Station: Twanoh
** Latitude: 47 22.5
** Longitude: 123 0.5
# nquan = 22
# nvalues = 902                                   
# units = specified
# name 0 = scan: Scan Count
# name 1 = prSM: Pressure, Strain Gauge [db]
# name 2 = prSE: Pressure, Strain Gauge [psi]
# name 3 = f0: Frequency 0
# name 4 = f1: Frequency 1
# name 5 = t090C: Temperature [ITS-90, deg C]
# name 6 = c0S/m: Conductivity [S/m]
# name 7 = v0: Voltage 0
# name 8 = v1: Voltage 1
# name 9 = v2: Voltage 2
# name 10 = v3: Voltage 3
# name 11 = sbeox0V: Oxygen raw, SBE 43 [V]
# name 12 = wetStar: Fluorescence, WET Labs WETstar [mg/m^3]
# name 13 = depSM: Depth [salt water, m], lat = 47.28
# name 14 = sal00: Salinity, Practical [PSU]
# name 15 = sigma-t00: Density [sigma-t, Kg/m^3 ]
# name 16 = sbeox0ML/L: Oxygen, SBE 43 [ml/l]
# name 17 = sbeox0Mg/L: Oxygen, SBE 43 [mg/l]
# name 18 = sbeox0Mm/Kg: Oxygen, SBE 43 [umol/Kg]
# name 19 = oxsatML/L: Oxygen Saturation, Weiss [ml/l]
# name 20 = oxsatMg/L: Oxygen Saturation, Weiss [mg/l]
# name 21 = flag:  0.000e+00
# span 0 =          1,        902                 
# span 1 =      0.951,     29.627                 
# span 2 =      1.380,     42.970                 
# span 3 =   3025.585,   3234.050                 
# span 4 =   7427.609,   8912.958                 
# span 5 =     7.9970,    11.0908                 
# span 6 =   2.276652,   3.462702                 
# span 7 =     0.0000,     3.0928                 
# span 8 =     0.0000,     0.0073                 
# span 9 =     0.0000,     0.6398                 
# span 10 =     0.0000,     0.0098                
# span 11 =     0.0000,     3.0928                
# span 12 =    -1.1506,     9.6749                
# span 13 =      0.943,     29.378                
# span 14 =    20.9658,    30.5642                
# span 15 =    16.2729,    23.3131                
# span 16 =   -1.39433,    6.17667                
# span 17 =   -1.99264,    8.82708                
# span 18 =    -60.863,    271.345                
# span 19 =    6.34892,    7.22945                
# span 20 =    9.07324,   10.33161                
# span 21 = 0.0000e+00, 0.0000e+00                
# interval = seconds: 0.5
# start_time = Jan 31 2016 20:27:03 [DatCnv date, localtime]
# bad_flag = -9.990e-29
*END*
[from data line 264]
        265     18.976     27.522   3232.907   8901.877    11.0743   3.453041     1.3492     0.0073     0.1270     0.0085     1.3492     0.9980     18.817    30.4632    23.2323    1.63112    2.33103     71.192    6.35117    9.07646  0.000e+00
        266     18.976     27.522   3232.907   8901.877    11.0743   3.453041     1.3504     0.0073     0.1282     0.0085     1.3504     1.0187     18.817    30.4631    23.2323    1.63386    2.33495     71.311    6.35117    9.07646  0.000e+00
        267     18.976     27.522   3232.970   8901.876    11.0752   3.453041     1.3492     0.0073     0.1294     0.0085     1.3492     1.0393     18.817    30.4624    23.2316    1.63110    2.33100     71.191    6.35108    9.07632  0.000e+00
        268     18.976     27.522   3232.907   8901.690    11.0743   3.452878     1.3504     0.0073     0.1294     0.0085     1.3504     1.0393     18.817    30.4616    23.2311    1.63387    2.33497     71.312    6.35124    9.07655  0.000e+00
        269     18.976     27.522   3232.907   8901.876    11.0743   3.453040     1.3504     0.0073     0.1282     0.0085     1.3504     1.0187     18.817    30.4631    23.2323    1.63386    2.33495     71.311    6.35117    9.07646  0.000e+00
        270     18.976     27.522   3232.907   8901.876    11.0743   3.453040     1.3504     0.0073     0.1294     0.0085     1.3504     1.0393     18.817    30.4631    23.2323    1.63386    2.33495     71.311    6.35117    9.07646  0.000e+00
        271     18.976     27.522   3232.907   8901.875    11.0743   3.453040     1.3504     0.0073     0.1306     0.0098     1.3504     1.0600     18.817    30.4631    23.2323    1.63386    2.33495     71.311    6.35117    9.07646  0.000e+00
        272     18.976     27.522   3232.970   8901.875    11.0752   3.453040     1.3504     0.0073     0.1270     0.0085     1.3504     0.9980     18.817    30.4624    23.2316    1.63383    2.33491     71.310    6.35108    9.07632  0.000e+00
        273     18.976     27.522   3232.907   8902.061    11.0743   3.453202     1.3504     0.0073     0.1319     0.0098     1.3504     1.0806     18.817    30.4647    23.2335    1.63384    2.33492     71.311    6.35111    9.07637  0.000e+00
        274     18.976     27.522   3232.907   8901.874    11.0743   3.453039     1.3492     0.0061     0.1282     0.0085     1.3492     1.0187     18.817    30.4631    23.2323    1.63112    2.33103     71.192    6.35117    9.07646  0.000e+00
        275     18.976     27.522   3232.970   8901.874    11.0752   3.453039     1.3492     0.0073     0.1282     0.0085     1.3492     1.0187     18.817    30.4624    23.2315    1.63110    2.33100     71.191    6.35108    9.07632  0.000e+00
        276     18.976     27.522   3232.907   8901.874    11.0743   3.453039     1.3492     0.0073     0.1282     0.0085     1.3492     1.0187     18.817    30.4631    23.2323    1.63112    2.33103     71.192    6.35117    9.07646  0.000e+00
        277     19.021     27.587   3232.907   8901.874    11.0743   3.453038     1.3480     0.0073     0.1270     0.0085     1.3480     0.9980     18.862    30.4631    23.2323    1.62839    2.32714     71.073    6.35117    9.07646  0.000e+00
        278     18.976     27.522   3232.844   8901.873    11.0733   3.453038     1.3480     0.0073     0.1270     0.0085     1.3480     0.9980     18.817    30.4639    23.2330    1.62841    2.32716     71.073    6.35127    9.07660  0.000e+00
        279     18.976     27.522   3232.907   8902.059    11.0743   3.453200     1.3480     0.0073     0.1294     0.0085     1.3480     1.0393     18.817    30.4647    23.2335    1.62837    2.32710     71.072    6.35111    9.07637  0.000e+00
        280     18.976     27.522   3232.907   8902.059    11.0743   3.453200     1.3480     0.0073     0.1294     0.0085     1.3480     1.0393     18.817    30.4647    23.2335    1.62837    2.32710     71.072    6.35111    9.07637  0.000e+00
        281     18.976     27.522   3232.907   8902.059    11.0743   3.453200     1.3468     0.0073     0.1270     0.0085     1.3468     0.9980     18.817    30.4647    23.2335    1.62563    2.32319     70.952    6.35111    9.07637  0.000e+00
        282     18.976     27.522   3232.907   8902.058    11.0743   3.453199     1.3480     0.0073     0.1282     0.0098     1.3480     1.0187     18.817    30.4647    23.2335    1.62837    2.32710     71.072    6.35111    9.07637  0.000e+00
        283     18.976     27.522   3232.907   8901.872    11.0743   3.453037     1.3480     0.0073     0.1294     0.0085     1.3480     1.0393     18.817    30.4631    23.2323    1.62838    2.32712     71.072    6.35117    9.07646  0.000e+00
        284     18.976     27.522   3232.844   8901.872    11.0734   3.453037     1.3480     0.0073     0.1294     0.0085     1.3480     1.0393     18.817    30.4639    23.2330    1.62841    2.32716     71.073    6.35127    9.07660  0.000e+00
        285     18.976     27.522   3232.907   8901.685    11.0743   3.452874     1.3492     0.0073     0.1270     0.0085     1.3492     0.9980     18.817    30.4615    23.2310    1.63114    2.33106     71.193    6.35124    9.07655  0.000e+00
        286     18.976     27.522   3232.907   8901.871    11.0743   3.453036     1.3480     0.0073     0.1270     0.0085     1.3480     0.9980     18.817    30.4631    23.2323    1.62838    2.32712     71.072    6.35117    9.07646  0.000e+00
        287     18.976     27.522   3232.844   8902.057    11.0734   3.453198     1.3492     0.0073     0.1282     0.0085     1.3492     1.0187     18.817    30.4654    23.2342    1.63113    2.33104     71.192    6.35121    9.07651  0.000e+00
        288     18.976     27.522   3232.844   8907.086    11.0734   3.457579     1.3480     0.0073     0.1270     0.0085     1.3480     0.9980     18.817    30.5083    23.2676    1.62795    2.32650     71.051    6.34949    9.07406  0.000e+00
        289     18.931     27.458   3232.781   8901.497    11.0724   3.452711     1.3492     0.0073     0.1282     0.0085     1.3492     1.0187     18.773    30.4614    23.2313    1.63119    2.33113     71.195    6.35149    9.07692  0.000e+00
        290     18.842     27.328   3232.971   8901.870    11.0752   3.453035     1.3480     0.0073     0.1306     0.0085     1.3480     1.0600     18.684    30.4624    23.2316    1.62833    2.32705     71.070    6.35108    9.07632  0.000e+00
        291     18.797     27.263   3232.971   8901.870    11.0752   3.453035     1.3492     0.0073     0.1282     0.0085     1.3492     1.0187     18.640    30.4624    23.2316    1.63106    2.33095     71.189    6.35107    9.07632  0.000e+00
        292     18.663     27.068   3232.908   8901.869    11.0743   3.453035     1.3480     0.0073     0.1270     0.0085     1.3480     0.9980     18.507    30.4632    23.2324    1.62831    2.32702     71.069    6.35117    9.07646  0.000e+00
        293     18.573     26.938   3232.908   8901.869    11.0743   3.453034     1.3492     0.0073     0.1270     0.0085     1.3492     0.9980     18.418    30.4632    23.2324    1.63103    2.33091     71.188    6.35117    9.07645  0.000e+00
        294     18.439     26.744   3232.908   8901.682    11.0743   3.452872     1.3504     0.0073     0.1270     0.0085     1.3504     0.9980     18.285    30.4617    23.2312    1.63375    2.33480     71.307    6.35123    9.07654  0.000e+00
        295     18.350     26.614   3232.908   8901.868    11.0743   3.453034     1.3504     0.0061     0.1270     0.0085     1.3504     0.9980     18.196    30.4633    23.2324    1.63372    2.33475     71.305    6.35116    9.07645  0.000e+00
        296     18.215     26.419   3232.908   8901.682    11.0743   3.452871     1.3504     0.0073     0.1270     0.0098     1.3504     0.9980     18.063    30.4618    23.2312    1.63370    2.33473     71.305    6.35123    9.07654  0.000e+00
        297     18.126     26.289   3232.908   8901.681    11.0743   3.452871     1.3504     0.0073     0.1306     0.0085     1.3504     1.0600     17.974    30.4618    23.2313    1.63368    2.33470     71.304    6.35122    9.07653  0.000e+00
        298     18.081     26.225   3232.908   8901.495    11.0743   3.452708     1.3504     0.0073     0.1282     0.0085     1.3504     1.0187     17.930    30.4602    23.2300    1.63369    2.33471     71.304    6.35129    9.07662  0.000e+00
        299     17.947     26.030   3232.718   8901.122    11.0715   3.452383     1.3492     0.0061     0.1282     0.0085     1.3492     1.0187     17.797    30.4594    23.2299    1.63102    2.33090     71.188    6.35170    9.07722  0.000e+00
        300     17.858     25.900   3232.782   8900.749    11.0724   3.452059     1.3504     0.0073     0.1270     0.0098     1.3504     0.9980     17.708    30.4555    23.2267    1.63375    2.33479     71.307    6.35173    9.07726  0.000e+00
        301     17.768     25.770   3232.718   8900.749    11.0715   3.452058     1.3492     0.0073     0.1270     0.0085     1.3492     0.9980     17.619    30.4563    23.2274    1.63102    2.33089     71.188    6.35183    9.07739  0.000e+00
        302     17.589     25.511   3232.655   8900.003    11.0706   3.451409     1.3504     0.0073     0.1282     0.0085     1.3504     1.0187     17.442    30.4507    23.2233    1.63380    2.33486     71.309    6.35217    9.07789  0.000e+00
        303     17.455     25.316   3232.655   8899.257    11.0706   3.450760     1.3504     0.0073     0.1294     0.0085     1.3504     1.0393     17.309    30.4444    23.2184    1.63384    2.33491     71.311    6.35243    9.07825  0.000e+00
        304     17.365     25.186   3232.592   8898.512    11.0697   3.450110     1.3504     0.0073     0.1282     0.0085     1.3504     1.0187     17.220    30.4389    23.2142    1.63390    2.33501     71.315    6.35277    9.07875  0.000e+00
        305     17.231     24.992   3232.466   8897.766    11.0679   3.449461     1.3516     0.0073     0.1294     0.0085     1.3516     1.0393     17.087    30.4341    23.2108    1.63672    2.33904     71.438    6.35322    9.07939  0.000e+00
        306     17.142     24.862   3232.466   8897.206    11.0679   3.448974     1.3516     0.0061     0.1294     0.0085     1.3516     1.0393     16.998    30.4294    23.2072    1.63675    2.33908     71.439    6.35341    9.07966  0.000e+00
        307     17.052     24.732   3232.466   8897.019    11.0679   3.448811     1.3504     0.0073     0.1294     0.0098     1.3504     1.0393     16.910    30.4278    23.2060    1.63401    2.33516     71.320    6.35347    9.07975  0.000e+00
        308     16.963     24.602   3232.403   8896.460    11.0669   3.448324     1.3480     0.0073     0.1282     0.0085     1.3480     1.0187     16.821    30.4238    23.2030    1.62859    2.32741     71.083    6.35376    9.08015  0.000e+00
        309     16.873     24.473   3232.466   8895.714    11.0679   3.447675     1.3480     0.0073     0.1282     0.0098     1.3480     1.0187     16.732    30.4168    23.1974    1.62861    2.32745     71.085    6.35391    9.08038  0.000e+00
        310     16.739     24.278   3232.339   8895.341    11.0660   3.447350     1.3480     0.0073     0.1306     0.0085     1.3480     1.0600     16.599    30.4152    23.1964    1.62866    2.32751     71.087    6.35423    9.08083  0.000e+00
        311     16.650     24.148   3232.339   8894.968    11.0660   3.447025     1.3468     0.0073     0.1294     0.0085     1.3468     1.0393     16.510    30.4120    23.1940    1.62593    2.32362     70.968    6.35436    9.08101  0.000e+00
        312     16.560     24.018   3232.339   8894.408    11.0660   3.446538     1.3468     0.0061     0.1294     0.0085     1.3468     1.0393     16.422    30.4073    23.1903    1.62596    2.32366     70.970    6.35455    9.08128  0.000e+00
        313     16.471     23.889   3232.213   8894.221    11.0642   3.446376     1.3455     0.0073     0.1306     0.0085     1.3455     1.0600     16.333    30.4072    23.1906    1.62327    2.31981     70.852    6.35480    9.08165  0.000e+00
        314     16.336     23.694   3232.213   8894.034    11.0642   3.446213     1.3443     0.0073     0.1294     0.0098     1.3443     1.0393     16.200    30.4057    23.1894    1.62051    2.31588     70.732    6.35486    9.08174  0.000e+00
        315     16.247     23.564   3232.213   8893.102    11.0642   3.445402     1.3431     0.0073     0.1282     0.0085     1.3431     1.0187     16.111    30.3978    23.1833    1.61784    2.31205     70.616    6.35518    9.08219  0.000e+00
        316     16.157     23.434   3232.213   8892.542    11.0642   3.444914     1.3419     0.0073     0.1294     0.0085     1.3419     1.0393     16.022    30.3931    23.1796    1.61513    2.30818     70.498    6.35537    9.08246  0.000e+00
        317     16.068     23.305   3232.087   8892.355    11.0624   3.444752     1.3419     0.0073     0.1282     0.0085     1.3419     1.0187     15.934    30.3930    23.1799    1.61517    2.30824     70.499    6.35562    9.08282  0.000e+00
        318     15.978     23.175   3232.213   8892.168    11.0642   3.444589     1.3394     0.0073     0.1294     0.0098     1.3394     1.0393     15.845    30.3900    23.1772    1.60965    2.30035     70.258    6.35549    9.08264  0.000e+00
        319     15.844     22.980   3232.024   8891.795    11.0615   3.444265     1.3382     0.0073     0.1294     0.0085     1.3382     1.0393     15.712    30.3891    23.1770    1.60698    2.29653     70.142    6.35591    9.08323  0.000e+00
        320     15.755     22.850   3231.960   8891.422    11.0605   3.443940     1.3370     0.0073     0.1282     0.0085     1.3370     1.0187     15.623    30.3867    23.1753    1.60428    2.29267     70.024    6.35613    9.08355  0.000e+00
        321     15.665     22.721   3232.024   8890.675    11.0615   3.443290     1.3346     0.0073     0.1306     0.0085     1.3346     1.0600     15.534    30.3796    23.1696    1.59882    2.28488     69.786    6.35629    9.08377  0.000e+00
        322     15.665     22.721   3232.024   8890.675    11.0615   3.443290     1.3333     0.0073     0.1294     0.0085     1.3333     1.0393     15.534    30.3796    23.1696    1.59608    2.28097     69.667    6.35629    9.08377  0.000e+00
        323     15.531     22.526   3232.024   8891.234    11.0615   3.443777     1.3309     0.0073     0.1294     0.0098     1.3309     1.0393     15.401    30.3844    23.1734    1.59053    2.27303     69.424    6.35609    9.08350  0.000e+00
        324     15.442     22.396   3232.087   8890.861    11.0624   3.443452     1.3297     0.0061     0.1294     0.0085     1.3297     1.0393     15.313    30.3805    23.1702    1.58778    2.26910     69.305    6.35612    9.08354  0.000e+00
        325     15.352     22.266   3232.024   8890.861    11.0615   3.443452     1.3284     0.0073     0.1294     0.0085     1.3284     1.0393     15.224    30.3813    23.1709    1.58505    2.26519     69.185    6.35622    9.08367  0.000e+00
        326     15.263     22.137   3231.961   8890.487    11.0605   3.443127     1.3248     0.0061     0.1331     0.0085     1.3248     1.1013     15.135    30.3790    23.1692    1.57687    2.25351     68.828    6.35644    9.08399  0.000e+00
        327     15.173     22.007   3231.961   8890.300    11.0605   3.442964     1.3236     0.0073     0.1331     0.0098     1.3236     1.1013     15.046    30.3774    23.1680    1.57413    2.24959     68.709    6.35650    9.08408  0.000e+00
        328     15.084     21.877   3231.961   8890.487    11.0605   3.443126     1.3199     0.0073     0.1294     0.0085     1.3199     1.0393     14.958    30.3790    23.1693    1.56588    2.23780     68.349    6.35644    9.08399  0.000e+00
        329     14.994     21.747   3231.961   8890.486    11.0605   3.443126     1.3175     0.0073     0.1282     0.0085     1.3175     1.0187     14.869    30.3790    23.1693    1.56039    2.22995     68.109    6.35644    9.08399  0.000e+00
