unitTesting/processed_seabird_noalign/ORCA1_CAST0022.cnv
* Sea-Bird SBE 19 Data File:
* FileName =
* Software Version 4.234
* Temperature SN = 2835
* Conductivity SN = 2835
* System UpLoad Time = Mon Jan 24 11:58:08 2005

** Ship: ORCA
** Cruise: Mooring
** Station: Twanoh
** Latitude: 47 22.5
** Longitude: 123 0.5
# nquan = 22
# nvalues = 873                                   
# units = specified
# name 0 = scan: Scan Count
# name 1 = prSM: Pressure, Strain Gauge [db]
# name 2 = prSE: Pressure, Strain Gauge [psi]
# name 3 = f0: Frequency 0
# name 4 = f1: Frequency 1
# name 5 = t090C: Temperature [ITS-90, deg C]
# name 6 = c0S/m: Conductivity [S/m]
# name 7 = v0: Voltage 0
# name 8 = v1: Voltage 1
# name 9 = v2: Voltage 2
# name 10 = v3: Voltage 3
# name 11 = sbeox0V: Oxygen raw, SBE 43 [V]
# name 12 = wetStar: Fluorescence, WET Labs WETstar [mg/m^3]
# name 13 = depSM: Depth [salt water, m], lat = 47.28
# name 14 = sal00: Salinity, Practical [PSU]
# name 15 = sigma-t00: Density [sigma-t, Kg/m^3 ]
# name 16 = sbeox0ML/L: Oxygen, SBE 43 [ml/l]
# name 17 = sbeox0Mg/L: Oxygen, SBE 43 [mg/l]
# name 18 = sbeox0Mm/Kg: Oxygen, SBE 43 [umol/Kg]
# name 19 = oxsatML/L: Oxygen Saturation, Weiss [ml/l]
# name 20 = oxsatMg/L: Oxygen Saturation, Weiss [mg/l]
# name 21 = flag:  0.000e+00
# span 0 =          1,        873                 
# span 1 =      0.951,     29.627                 
# span 2 =      1.380,     42.970                 
# span 3 =   3104.761,   3232.848                 
# span 4 =   7625.112,   8897.673                 
# span 5 =     9.1893,    11.0734                 
# span 6 =   2.421764,   3.449384                 
# span 7 =     0.0000,     2.8364                 
# span 8 =     0.0000,     0.0073                 
# span 9 =     0.0000,     0.2759                 
# span 10 =     0.0000,     0.0098                
# span 11 =     0.0000,     2.8364                
# span 12 =    -1.1506,     3.5185                
# span 13 =      0.943,     29.378                
# span 14 =    21.7073,    30.4300                
# span 15 =    16.7071,    23.2080                
# span 16 =   -1.39470,    5.13917                
# span 17 =   -1.99316,    7.34439                
# span 18 =    -60.881,    224.647                
# span 19 =    6.35359,    7.00277                
# span 20 =    9.07991,   10.00766                
# span 21 = 0.0000e+00, 0.0000e+00                
# interval = seconds: 0.5
# start_time = Jan 31 2016 20:27:17 [DatCnv date, localtime]
# bad_flag = -9.990e-29
*END*
[from data line 330]
        331     14.279     20.709   3227.194   8867.172    10.9914   3.422874     1.2039     0.0073     0.1343     0.0085     1.2039     1.1220     14.159    30.2381    23.0716    1.30867    1.87023     57.127    6.37169    9.10578  0.000e+00
        332     14.189     20.580   3227.510   8868.856    10.9960   3.424335     1.2063     0.0073     0.1380     0.0085     1.2063     1.1839     14.070    30.2486    23.0790    1.31393    1.87774     57.357    6.37062    9.10426  0.000e+00
        333     14.100     20.450   3227.637   8867.548    10.9978   3.423200     1.2088     0.0073     0.1355     0.0085     1.2088     1.1426     13.982    30.2360    23.0689    1.31946    1.88564     57.598    6.37087    9.10462  0.000e+00
        334     14.010     20.320   3227.511   8866.614    10.9960   3.422390     1.2125     0.0073     0.1343     0.0085     1.2125     1.1220     13.893    30.2297    23.0643    1.32778    1.89753     57.962    6.37138    9.10535  0.000e+00
        335     13.921     20.190   3227.385   8862.499    10.9941   3.418821     1.2137     0.0073     0.1343     0.0085     1.2137     1.1220     13.804    30.1962    23.0386    1.33083    1.90189     58.097    6.37298    9.10763  0.000e+00
        336     13.831     20.060   3227.006   8861.752    10.9886   3.418173     1.2149     0.0073     0.1355     0.0085     1.2149     1.1426     13.716    30.1944    23.0382    1.33373    1.90603     58.223    6.37382    9.10882  0.000e+00
        337     13.742     19.931   3226.754   8861.566    10.9850   3.418012     1.2161     0.0073     0.1343     0.0085     1.2161     1.1220     13.627    30.1959    23.0399    1.33654    1.91005     58.346    6.37427    9.10947  0.000e+00
        338     13.608     19.736   3226.754   8859.882    10.9850   3.416552     1.2173     0.0073     0.1343     0.0085     1.2173     1.1220     13.494    30.1817    23.0289    1.33938    1.91411     58.470    6.37484    9.11029  0.000e+00
        339     13.518     19.606   3226.501   8860.070    10.9813   3.416716     1.2186     0.0073     0.1331     0.0085     1.2186     1.1013     13.405    30.1863    23.0331    1.34217    1.91810     58.592    6.37516    9.11075  0.000e+00
        340     13.429     19.477   3226.502   8859.884    10.9813   3.416554     1.2198     0.0073     0.1355     0.0085     1.2198     1.1426     13.316    30.1848    23.0319    1.34491    1.92202     58.712    6.37523    9.11083  0.000e+00
        341     13.339     19.347   3226.502   8858.388    10.9813   3.415257     1.2198     0.0073     0.1404     0.0085     1.2198     1.2253     13.228    30.1721    23.0220    1.34500    1.92215     58.716    6.37573    9.11156  0.000e+00
        342     13.205     19.152   3226.313   8858.014    10.9786   3.414933     1.2186     0.0073     0.1368     0.0085     1.2186     1.1633     13.095    30.1712    23.0218    1.34232    1.91831     58.599    6.37615    9.11216  0.000e+00
        343     13.115     19.022   3226.250   8857.266    10.9777   3.414285     1.2210     0.0073     0.1355     0.0085     1.2210     1.1426     13.006    30.1657    23.0177    1.34786    1.92623     58.841    6.37650    9.11266  0.000e+00
        344     13.026     18.893   3226.124   8857.080    10.9758   3.414124     1.2210     0.0073     0.1355     0.0085     1.2210     1.1426     12.917    30.1656    23.0180    1.34790    1.92628     58.843    6.37676    9.11303  0.000e+00
        345     12.892     18.698   3226.124   8856.707    10.9758   3.413800     1.2198     0.0073     0.1355     0.0085     1.2198     1.1426     12.784    30.1625    23.0155    1.34516    1.92236     58.723    6.37688    9.11320  0.000e+00
        346     12.802     18.568   3225.935   8856.146    10.9731   3.413314     1.2222     0.0073     0.1392     0.0085     1.2222     1.2046     12.695    30.1600    23.0141    1.35073    1.93032     58.966    6.37737    9.11389  0.000e+00
        347     12.668     18.374   3225.872   8856.147    10.9722   3.413315     1.2210     0.0073     0.1380     0.0085     1.2210     1.1839     12.562    30.1609    23.0149    1.34798    1.92639     58.846    6.37746    9.11403  0.000e+00
        348     12.579     18.244   3225.809   8854.837    10.9712   3.412180     1.2210     0.0073     0.1453     0.0085     1.2210     1.3079     12.474    30.1505    23.0070    1.34807    1.92653     58.851    6.37800    9.11480  0.000e+00
        349     12.489     18.114   3225.556   8852.965    10.9676   3.410559     1.2186     0.0073     0.1355     0.0085     1.2186     1.1426     12.385    30.1377    22.9976    1.34277    1.91896     58.620    6.37903    9.11627  0.000e+00
        350     12.400     17.984   3225.178   8851.842    10.9621   3.409586     1.2186     0.0073     0.1416     0.0085     1.2186     1.2459     12.296    30.1327    22.9947    1.34295    1.91921     58.628    6.38000    9.11765  0.000e+00
        351     12.266     17.790   3224.799   8848.845    10.9566   3.406991     1.2173     0.0073     0.1343     0.0085     1.2173     1.1220     12.163    30.1118    22.9794    1.34051    1.91572     58.522    6.38160    9.11995  0.000e+00
        352     12.176     17.660   3224.230   8848.846    10.9483   3.406992     1.2173     0.0073     0.1380     0.0098     1.2173     1.1839     12.074    30.1187    22.9861    1.34066    1.91594     58.528    6.38248    9.12120  0.000e+00
        353     12.087     17.530   3224.041   8846.785    10.9456   3.405208     1.2149     0.0073     0.1355     0.0085     1.2149     1.1426     11.986    30.1035    22.9748    1.33535    1.90835     58.297    6.38347    9.12262  0.000e+00
        354     11.952     17.336   3223.472   8846.786    10.9373   3.405209     1.2149     0.0073     0.1416     0.0085     1.2149     1.2459     11.853    30.1103    22.9815    1.33550    1.90856     58.303    6.38435    9.12387  0.000e+00
        355     11.774     17.076   3223.346   8845.100    10.9355   3.403750     1.2112     0.0073     0.1416     0.0085     1.2112     1.2459     11.675    30.0976    22.9719    1.32738    1.89695     57.949    6.38512    9.12497  0.000e+00
        356     11.639     16.881   3223.030   8842.475    10.9309   3.401479     1.2112     0.0073     0.1404     0.0085     1.2112     1.2253     11.542    30.0791    22.9584    1.32763    1.89732     57.961    6.38650    9.12695  0.000e+00
        357     11.550     16.752   3222.588   8842.851    10.9245   3.401805     1.2088     0.0073     0.1368     0.0085     1.2088     1.1633     11.453    30.0876    22.9661    1.32222    1.88958     57.725    6.38705    9.12774  0.000e+00
        358     11.416     16.557   3222.588   8844.728    10.9245   3.403428     1.2100     0.0073     0.1355     0.0098     1.2100     1.1426     11.320    30.1036    22.9785    1.32481    1.89329     57.837    6.38641    9.12682  0.000e+00
        359     11.326     16.427   3222.778   8844.354    10.9272   3.403104     1.2088     0.0073     0.1368     0.0085     1.2088     1.1633     11.232    30.0982    22.9738    1.32202    1.88929     57.715    6.38624    9.12658  0.000e+00
        360     11.192     16.233   3222.652   8846.230    10.9254   3.404728     1.2088     0.0073     0.1343     0.0085     1.2088     1.1220     11.099    30.1157    22.9877    1.32190    1.88912     57.709    6.38579    9.12594  0.000e+00
        361     11.103     16.103   3222.969   8842.480    10.9300   3.401483     1.2100     0.0073     0.1368     0.0085     1.2100     1.1633     11.010    30.0801    22.9593    1.32480    1.89327     57.838    6.38659    9.12707  0.000e+00
        362     10.968     15.908   3222.590   8844.544    10.9245   3.403269     1.2112     0.0073     0.1368     0.0085     1.2112     1.1633     10.877    30.1022    22.9774    1.32749    1.89712     57.954    6.38646    9.12690  0.000e+00
        363     10.879     15.779   3223.033   8848.295    10.9309   3.406515     1.2112     0.0073     0.1368     0.0085     1.2112     1.1633     10.788    30.1288    22.9970    1.32708    1.89653     57.935    6.38450    9.12408  0.000e+00
        364     10.790     15.649   3223.602   8844.921    10.9392   3.403595     1.2149     0.0073     0.1392     0.0085     1.2149     1.2046     10.699    30.0934    22.9681    1.33538    1.90839     58.299    6.38477    9.12447  0.000e+00
        365     10.611     15.389   3223.159   8843.484    10.9328   3.402351     1.2149     0.0073     0.1368     0.0085     1.2149     1.1633     10.522    30.0865    22.9638    1.33558    1.90867     58.308    6.38594    9.12615  0.000e+00
        366     10.566     15.325   3222.717   8842.048    10.9263   3.401109     1.2186     0.0073     0.1392     0.0085     1.2186     1.2046     10.478    30.0797    22.9596    1.34405    1.92078     58.678    6.38711    9.12782  0.000e+00
        367     10.476     15.195   3222.275   8840.614    10.9199   3.399869     1.2210     0.0073     0.1429     0.0085     1.2210     1.2666     10.389    30.0728    22.9553    1.34977    1.92895     58.928    6.38829    9.12950  0.000e+00
        368     10.342     15.000   3222.086   8840.241    10.9171   3.399546     1.2234     0.0073     0.1429     0.0098     1.2234     1.2666     10.256    30.0719    22.9551    1.35532    1.93689     59.170    6.38871    9.13010  0.000e+00
        369     10.253     14.870   3221.959   8841.369    10.9153   3.400522     1.2234     0.0073     0.1380     0.0085     1.2234     1.1839     10.167    30.0830    22.9641    1.35526    1.93680     59.167    6.38851    9.12982  0.000e+00
        370     10.119     14.676   3222.086   8840.809    10.9172   3.400037     1.2271     0.0073     0.1429     0.0085     1.2271     1.2666     10.034    30.0768    22.9589    1.36349    1.94856     59.527    6.38851    9.12981  0.000e+00
        371      9.984     14.481   3222.086   8840.436    10.9172   3.399715     1.2283     0.0073     0.1368     0.0085     1.2283     1.1633      9.901    30.0737    22.9565    1.36624    1.95249     59.647    6.38863    9.12999  0.000e+00
        372      9.895     14.351   3222.087   8841.939    10.9172   3.401015     1.2332     0.0073     0.1392     0.0085     1.2332     1.2046      9.812    30.0865    22.9665    1.37711    1.96802     60.121    6.38812    9.12926  0.000e+00
        373      9.761     14.157   3222.213   8842.692    10.9190   3.401666     1.2344     0.0073     0.1441     0.0085     1.2344     1.2872      9.679    30.0914    22.9700    1.37973    1.97178     60.235    6.38766    9.12861  0.000e+00
        374      9.671     14.027   3222.403   8840.631    10.9218   3.399883     1.2369     0.0073     0.1404     0.0085     1.2369     1.2253      9.591    30.0717    22.9542    1.38531    1.97975     60.480    6.38807    9.12919  0.000e+00
        375      9.537     13.832   3221.961   8839.133    10.9153   3.398588     1.2381     0.0073     0.1465     0.0085     1.2381     1.3286      9.458    30.0643    22.9495    1.38828    1.98399     60.610    6.38926    9.13090  0.000e+00
        376      9.403     13.638   3221.645   8839.323    10.9107   3.398752     1.2393     0.0073     0.1392     0.0098     1.2393     1.2046      9.324    30.0698    22.9545    1.39109    1.98800     60.732    6.38969    9.13150  0.000e+00
        377      9.314     13.508   3221.708   8838.762    10.9117   3.398267     1.2393     0.0073     0.1416     0.0085     1.2393     1.2459      9.236    30.0643    22.9501    1.39109    1.98801     60.732    6.38978    9.13163  0.000e+00
        378      9.179     13.314   3221.646   8838.953    10.9107   3.398432     1.2405     0.0073     0.1404     0.0085     1.2405     1.2253      9.103    30.0667    22.9522    1.39382    1.99191     60.851    6.38981    9.13168  0.000e+00
        379      9.045     13.119   3221.519   8838.392    10.9089   3.397947     1.2405     0.0073     0.1392     0.0085     1.2405     1.2046      8.970    30.0635    22.9500    1.39388    1.99199     60.854    6.39019    9.13223  0.000e+00
        380      8.866     12.859   3221.520   8838.207    10.9089   3.397787     1.2442     0.0073     0.1416     0.0085     1.2442     1.2459      8.792    30.0620    22.9488    1.40210    2.00375     61.213    6.39025    9.13231  0.000e+00
        381      8.777     12.730   3221.457   8838.022    10.9080   3.397627     1.2430     0.0073     0.1392     0.0085     1.2430     1.2046      8.704    30.0612    22.9484    1.39937    1.99984     61.094    6.39041    9.13254  0.000e+00
        382      8.643     12.535   3221.394   8838.024    10.9071   3.397629     1.2454     0.0073     0.1380     0.0098     1.2454     1.1839      8.571    30.0621    22.9492    1.40486    2.00769     61.334    6.39051    9.13267  0.000e+00
        383      8.553     12.405   3221.394   8838.214    10.9071   3.397793     1.2466     0.0073     0.1404     0.0085     1.2466     1.2253      8.482    30.0637    22.9504    1.40758    2.01157     61.452    6.39044    9.13258  0.000e+00
        384      8.419     12.211   3221.394   8838.029    10.9071   3.397633     1.2479     0.0073     0.1416     0.0085     1.2479     1.2459      8.349    30.0622    22.9493    1.41032    2.01548     61.572    6.39050    9.13267  0.000e+00
        385      8.285     12.016   3221.394   8838.032    10.9071   3.397635     1.2491     0.0061     0.1380     0.0085     1.2491     1.1839      8.216    30.0622    22.9493    1.41304    2.01937     61.691    6.39050    9.13266  0.000e+00
        386      8.151     11.822   3221.458   8838.222    10.9080   3.397800     1.2515     0.0073     0.1404     0.0085     1.2515     1.2253      8.083    30.0632    22.9499    1.41848    2.02715     61.928    6.39033    9.13243  0.000e+00
        387      8.061     11.692   3221.521   8838.787    10.9089   3.398289     1.2503     0.0073     0.1404     0.0085     1.2503     1.2253      7.994    30.0672    22.9529    1.41565    2.02310     61.804    6.39004    9.13201  0.000e+00
        388      7.927     11.497   3221.585   8838.039    10.9099   3.397642     1.2527     0.0073     0.1392     0.0085     1.2527     1.2046      7.861    30.0602    22.9472    1.42116    2.03097     62.045    6.39020    9.13223  0.000e+00
        389      7.838     11.368   3221.395   8837.854    10.9071   3.397482     1.2527     0.0061     0.1404     0.0085     1.2527     1.2253      7.772    30.0609    22.9483    1.42121    2.03106     62.047    6.39055    9.13274  0.000e+00
        390      7.748     11.238   3221.332   8837.106    10.9062   3.396835     1.2540     0.0073     0.1392     0.0085     1.2540     1.2046      7.684    30.0553    22.9441    1.42402    2.03507     62.170    6.39090    9.13324  0.000e+00
        391      7.703     11.173   3221.143   8836.921    10.9034   3.396675     1.2540     0.0073     0.1392     0.0085     1.2540     1.2046      7.639    30.0561    22.9451    1.42409    2.03516     62.173    6.39126    9.13375  0.000e+00
        392      7.525     10.913   3221.017   8835.985    10.9016   3.395866     1.2552     0.0073     0.1416     0.0085     1.2552     1.2459      7.462    30.0497    22.9405    1.42691    2.03920     62.297    6.39177    9.13448  0.000e+00
        393      7.435     10.784   3220.890   8834.486    10.8998   3.394570     1.2552     0.0073     0.1453     0.0085     1.2552     1.3079      7.373    30.0385    22.9321    1.42705    2.03940     62.303    6.39248    9.13549  0.000e+00
        394      7.301     10.589   3220.448   8833.549    10.8933   3.393761     1.2564     0.0073     0.1404     0.0085     1.2564     1.2253      7.240    30.0359    22.9312    1.42998    2.04359     62.431    6.39348    9.13693  0.000e+00
        395      7.212     10.459   3220.132   8830.735    10.8887   3.391329     1.2552     0.0073     0.1429     0.0085     1.2552     1.2666      7.151    30.0158    22.9163    1.42753    2.04009     62.325    6.39493    9.13900  0.000e+00
