unitTesting/processed_seabird_noalign/ORCA1_CAST0032.cnv
* Sea-Bird SBE 19 Data File:
* FileName =
* Software Version 4.234
* Temperature SN = 2835
* Conductivity SN = 2835
* System UpLoad Time = Thu Jan 27 00:03:45 2005

** Ship: ORCA
** Cruise: Mooring
** Station: Twanoh
** Latitude: 47 22.5
** Longitude: 123 0.5
# nquan = 22
# nvalues = 915                                   
# units = specified
# name 0 = scan: Scan Count
# name 1 = prSM: Pressure, Strain Gauge [db]
# name 2 = prSE: Pressure, Strain Gauge [psi]
# name 3 = f0: Frequency 0
# name 4 = f1: Frequency 1
# name 5 = t090C: Temperature [ITS-90, deg C]
# name 6 = c0S/m: Conductivity [S/m]
# name 7 = v0: Voltage 0
# name 8 = v1: Voltage 1
# name 9 = v2: Voltage 2
# name 10 = v3: Voltage 3
# name 11 = sbeox0V: Oxygen raw, SBE 43 [V]
# name 12 = wetStar: Fluorescence, WET Labs WETstar [mg/m^3]
# name 13 = depSM: Depth [salt water, m], lat = 47.28
# name 14 = sal00: Salinity, Practical [PSU]
# name 15 = sigma-t00: Density [sigma-t, Kg/m^3 ]
# name 16 = sbeox0ML/L: Oxygen, SBE 43 [ml/l]
# name 17 = sbeox0Mg/L: Oxygen, SBE 43 [mg/l]
# name 18 = sbeox0Mm/Kg: Oxygen, SBE 43 [umol/Kg]
# name 19 = oxsatML/L: Oxygen Saturation, Weiss [ml/l]
# name 20 = oxsatMg/L: Oxygen Saturation, Weiss [mg/l]
# name 21 = flag:  0.000e+00
# span 0 =          1,        915                 
# span 1 =      0.906,     29.582                 
# span 2 =      1.315,     42.905                 
# span 3 =   3098.208,   3234.053                 
# span 4 =   6866.621,   8900.675                 
# span 5 =     9.0914,    11.0909                 
# span 6 =   1.885481,   3.451998                 
# span 7 =     0.0000,     2.9243                 
# span 8 =     0.0000,     0.0073                 
# span 9 =     0.0000,     0.3199                 
# span 10 =     0.0000,     0.0098                
# span 11 =     0.0000,     2.9243                
# span 12 =    -1.1506,     4.2622                
# span 13 =      0.899,     29.334                
# span 14 =    16.5509,    30.4494                
# span 15 =    12.7005,    23.2218                
# span 16 =   -1.39818,    5.74896                
# span 17 =   -1.99814,    8.21585                
# span 18 =    -61.043,    253.428                
# span 19 =    6.35184,    7.25135                
# span 20 =    9.07742,   10.36291                
# span 21 = 0.0000e+00, 0.0000e+00                
# interval = seconds: 0.5
# start_time = Jan 31 2016 20:27:26 [DatCnv date, localtime]
# bad_flag = -9.990e-29
*END*
[from data line 396]
        397      8.330     12.081   3188.055   8727.920    10.4206   3.303035     1.4505     0.0073     0.1746     0.0085     1.4505     1.8037      8.260    29.5265    22.6138    1.89181    2.70359     82.620    6.48103    9.26203  0.000e+00
        398      8.240     11.951   3187.865   8727.352    10.4178   3.302550     1.4518     0.0073     0.1685     0.0085     1.4518     1.7004      8.171    29.5240    22.6123    1.89472    2.70774     82.747    6.48153    9.26275  0.000e+00
        399      8.151     11.822   3186.159   8701.851    10.3928   3.280814     1.4505     0.0073     0.1734     0.0085     1.4505     1.7831      8.083    29.3291    22.4646    1.89522    2.70846     82.781    6.49312    9.27931  0.000e+00
        400      8.017     11.627   3180.279   8698.994    10.3066   3.278383     1.4530     0.0073     0.1722     0.0085     1.4530     1.7624      7.950    29.3746    22.5141    1.90362    2.72046     83.144    6.50362    9.29432  0.000e+00
        401      7.927     11.497   3178.382   8698.043    10.2788   3.277574     1.4542     0.0061     0.1758     0.0085     1.4542     1.8244      7.861    29.3891    22.5299    1.90731    2.72574     83.304    6.50703    9.29919  0.000e+00
        402      7.838     11.368   3177.497   8696.710    10.2658   3.276440     1.4579     0.0073     0.1795     0.0085     1.4579     1.8864      7.772    29.3884    22.5314    1.91621    2.73845     83.692    6.50893    9.30191  0.000e+00
        403      7.748     11.238   3177.308   8696.903    10.2630   3.276605     1.4628     0.0073     0.1734     0.0085     1.4628     1.7831      7.684    29.3923    22.5349    1.92744    2.75450     84.182    6.50917    9.30225  0.000e+00
        404      7.659     11.108   3176.928   8694.235    10.2575   3.274335     1.4676     0.0073     0.1746     0.0085     1.4676     1.8037      7.595    29.3743    22.5218    1.93905    2.77109     84.690    6.51071    9.30446  0.000e+00
        405      7.569     10.978   3176.043   8689.848    10.2445   3.270606     1.4750     0.0073     0.1807     0.0085     1.4750     1.9070      7.506    29.3478    22.5033    1.95667    2.79627     85.462    6.51368    9.30870  0.000e+00
        406      7.435     10.784   3175.095   8688.323    10.2305   3.269310     1.4860     0.0073     0.1770     0.0085     1.4860     1.8450      7.373    29.3463    22.5043    1.98242    2.83307     86.586    6.51575    9.31166  0.000e+00
        407      7.346     10.654   3174.779   8686.225    10.2259   3.267528     1.4933     0.0061     0.1746     0.0085     1.4933     1.8037      7.284    29.3323    22.4942    1.99956    2.85757     87.336    6.51700    9.31344  0.000e+00
        408      7.256     10.524   3174.210   8685.846    10.2175   3.267205     1.5043     0.0073     0.1783     0.0085     1.5043     1.8657      7.196    29.3359    22.4984    2.02505    2.89400     88.449    6.51806    9.31496  0.000e+00
        409      7.167     10.395   3174.210   8686.039    10.2175   3.267369     1.5153     0.0073     0.1795     0.0085     1.5153     1.8864      7.107    29.3376    22.4997    2.05021    2.92996     89.548    6.51799    9.31486  0.000e+00
        410      7.033     10.200   3174.084   8684.895    10.2157   3.266398     1.5275     0.0073     0.1856     0.0085     1.5275     1.9897      6.974    29.3295    22.4936    2.07837    2.97020     90.778    6.51859    9.31572  0.000e+00
        411      6.943     10.070   3173.705   8683.942    10.2101   3.265588     1.5409     0.0073     0.1795     0.0085     1.5409     1.8864      6.885    29.3260    22.4918    2.10945    3.01461     92.136    6.51954    9.31708  0.000e+00
        412      6.854      9.940   3174.147   8685.472    10.2166   3.266888     1.5556     0.0073     0.1893     0.0085     1.5556     2.0516      6.797    29.3337    22.4968    2.14264    3.06205     93.585    6.51828    9.31528  0.000e+00
        413      6.764      9.811   3174.843   8683.947    10.2268   3.265592     1.5714     0.0073     0.1954     0.0085     1.5714     2.1549      6.708    29.3126    22.4787    2.17886    3.11380     95.168    6.51768    9.31442  0.000e+00
        414      6.675      9.681   3175.159   8682.039    10.2315   3.263971     1.5873     0.0073     0.1917     0.0085     1.5873     2.0930      6.619    29.2928    22.4625    2.21530    3.16589     96.762    6.51783    9.31463  0.000e+00
        415      6.541      9.486   3175.096   8678.219    10.2306   3.260729     1.6032     0.0073     0.1954     0.0085     1.6032     2.1549      6.486    29.2613    22.4382    2.25216    3.21857     98.374    6.51926    9.31668  0.000e+00
        416      6.451      9.357   3174.717   8672.104    10.2250   3.255539     1.6190     0.0073     0.1929     0.0085     1.6190     2.1136      6.397    29.2143    22.4025    2.28950    3.27192    100.009    6.52201    9.32060  0.000e+00
        417      6.362      9.227   3174.021   8663.304    10.2148   3.248079     1.6337     0.0073     0.2015     0.0085     1.6337     2.2582      6.309    29.1485    22.3528    2.32456    3.32203    101.545    6.52621    9.32661  0.000e+00
        418      6.272      9.097   3173.326   8662.349    10.2045   3.247270     1.6471     0.0061     0.1941     0.0085     1.6471     2.1343      6.220    29.1487    22.3546    2.35587    3.36678    102.913    6.52768    9.32871  0.000e+00
        419      6.093      8.838   3173.326   8658.137    10.2045   3.243703     1.6569     0.0073     0.1954     0.0085     1.6569     2.1549      6.043    29.1133    22.3271    2.37879    3.39953    103.917    6.52915    9.33080  0.000e+00
        420      5.959      8.643   3173.073   8648.940    10.2008   3.235918     1.6667     0.0061     0.2027     0.0085     1.6667     2.2789      5.910    29.0390    22.2698    2.40250    3.43342    104.958    6.53276    9.33597  0.000e+00
        421      5.870      8.514   3172.062   8645.489    10.1860   3.233001     1.6752     0.0073     0.1966     0.0085     1.6752     2.1756      5.821    29.0220    22.2589    2.42313    3.46290    105.861    6.53562    9.34006  0.000e+00
        422      5.780      8.384   3171.303   8643.381    10.1748   3.231218     1.6838     0.0073     0.1990     0.0085     1.6838     2.2169      5.732    29.0132    22.2539    2.44346    3.49195    106.749    6.53760    9.34289  0.000e+00
        423      5.646      8.189   3170.987   8639.928    10.1702   3.228300     1.6923     0.0061     0.2027     0.0085     1.6923     2.2789      5.599    28.9880    22.2350    2.46371    3.52088    107.636    6.53932    9.34534  0.000e+00
        424      5.557      8.060   3170.545   8638.011    10.1637   3.226680     1.7009     0.0073     0.2051     0.0085     1.7009     2.3202      5.510    28.9771    22.2276    2.48385    3.54967    108.517    6.54072    9.34734  0.000e+00
        425      5.423      7.865   3170.229   8634.172    10.1590   3.223437     1.7070     0.0073     0.2173     0.0085     1.7070     2.5268      5.377    28.9486    22.2061    2.49854    3.57067    109.161    6.54257    9.34999  0.000e+00
        426      5.333      7.735   3169.660   8631.100    10.1507   3.220844     1.7155     0.0061     0.2063     0.0085     1.7155     2.3409      5.289    28.9296    22.1926    2.51893    3.59980    110.053    6.54458    9.35286  0.000e+00
        427      5.244      7.605   3169.217   8629.180    10.1441   3.219224     1.7216     0.0073     0.2100     0.0085     1.7216     2.4028      5.200    28.9187    22.1852    2.53347    3.62059    110.689    6.54598    9.35485  0.000e+00
        428      5.154      7.476   3168.711   8625.530    10.1367   3.216143     1.7277     0.0073     0.2027     0.0085     1.7277     2.2789      5.111    28.8941    22.1672    2.54829    3.64177    111.339    6.54808    9.35786  0.000e+00
        429      5.020      7.281   3167.510   8617.067    10.1190   3.209008     1.7326     0.0073     0.1990     0.0085     1.7326     2.2169      4.978    28.8372    22.1258    2.56136    3.66045    111.914    6.55301    9.36491  0.000e+00
        430      4.931      7.151   3165.044   8612.256    10.0827   3.204955     1.7375     0.0073     0.2063     0.0085     1.7375     2.3409      4.890    28.8258    22.1226    2.57472    3.67954    112.498    6.55877    9.37314  0.000e+00
        431      4.797      6.957   3163.337   8604.937    10.0576   3.198793     1.7436     0.0073     0.2149     0.0085     1.7436     2.4855      4.757    28.7846    22.0945    2.59080    3.70251    113.204    6.56416    9.38084  0.000e+00
        432      4.707      6.827   3160.808   8604.939    10.0204   3.198795     1.7509     0.0073     0.2173     0.0085     1.7509     2.5268      4.668    28.8143    22.1235    2.60921    3.72883    114.005    6.56836    9.38685  0.000e+00
        433      4.573      6.633   3159.860   8595.298    10.0064   3.190687     1.7546     0.0073     0.2210     0.0085     1.7546     2.5888      4.535    28.7446    22.0714    2.61955    3.74360    114.463    6.57331    9.39392  0.000e+00
        434      4.484      6.503   3156.509   8585.647     9.9570   3.182579     1.7595     0.0073     0.2295     0.0085     1.7595     2.7334      4.446    28.7031    22.0468    2.63422    3.76456    115.106    6.58229    9.40675  0.000e+00
        435      4.394      6.373   3154.106   8578.691     9.9215   3.176742     1.7643     0.0073     0.2137     0.0085     1.7643     2.4648      4.358    28.6730    22.0290    2.64796    3.78420    115.709    6.58875    9.41599  0.000e+00
        436      4.260      6.179   3152.083   8574.052     9.8917   3.172851     1.7705     0.0061     0.2271     0.0085     1.7705     2.6921      4.224    28.6579    22.0219    2.66397    3.80709    116.410    6.59378    9.42317  0.000e+00
        437      4.171      6.049   3150.818   8572.700     9.8730   3.171718     1.7753     0.0073     0.2295     0.0085     1.7753     2.7334      4.136    28.6614    22.0275    2.67625    3.82463    116.945    6.59638    9.42688  0.000e+00
        438      4.036      5.854   3150.502   8570.574     9.8683   3.169936     1.7814     0.0073     0.2332     0.0085     1.7814     2.7954      4.003    28.6474    22.0173    2.69087    3.84552    117.585    6.59765    9.42871  0.000e+00
        439      3.947      5.725   3150.186   8569.415     9.8637   3.168964     1.7888     0.0073     0.2210     0.0085     1.7888     2.5888      3.914    28.6414    22.0134    2.70820    3.87028    118.343    6.59859    9.43005  0.000e+00
        440      3.858      5.595   3150.376   8565.932     9.8665   3.166046     1.7998     0.0073     0.2259     0.0085     1.7998     2.6714      3.825    28.6100    21.9885    2.73404    3.90722    119.475    6.59949    9.43134  0.000e+00
        441      3.723      5.400   3150.819   8563.223     9.8730   3.163777     1.8083     0.0073     0.2259     0.0085     1.8083     2.6714      3.692    28.5823    21.9658    2.75394    3.93565    120.347    6.59970    9.43163  0.000e+00
        442      3.634      5.271   3151.325   8557.219     9.8805   3.158751     1.8168     0.0061     0.2259     0.0085     1.8168     2.6714      3.604    28.5262    21.9210    2.77429    3.96474    121.242    6.60095    9.43342  0.000e+00
        443      3.500      5.076   3151.451   8551.404     9.8823   3.153887     1.8291     0.0073     0.2332     0.0085     1.8291     2.7954      3.471    28.4762    21.8817    2.80336    4.00628    122.517    6.60277    9.43602  0.000e+00
        444      3.410      4.946   3151.009   8546.556     9.8758   3.149834     1.8400     0.0073     0.2320     0.0085     1.8400     2.7747      3.382    28.4409    21.8552    2.82986    4.04415    123.678    6.60522    9.43951  0.000e+00
        445      3.187      4.622   3150.440   8549.663     9.8674   3.152431     1.8523     0.0061     0.2442     0.0085     1.8523     2.9813      3.160    28.4736    21.8820    2.85804    4.08442    124.907    6.60508    9.43933  0.000e+00
        446      3.097      4.492   3150.377   8549.083     9.8665   3.151946     1.8657     0.0073     0.2381     0.0085     1.8657     2.8780      3.072    28.4695    21.8790    2.88932    4.12913    126.274    6.60539    9.43977  0.000e+00
        447      2.963      4.298   3150.377   8550.637     9.8665   3.153245     1.8828     0.0073     0.2430     0.0085     1.8828     2.9606      2.939    28.4825    21.8891    2.92872    4.18544    127.995    6.60485    9.43899  0.000e+00
        448      2.874      4.168   3150.377   8538.216     9.8665   3.142866     1.9023     0.0073     0.2393     0.0085     1.9023     2.8987      2.850    28.3789    21.8084    2.97601    4.25301    130.072    6.60920    9.44520  0.000e+00
        449      2.740      3.974   3149.428   8507.860     9.8525   3.117567     1.9194     0.0073     0.2332     0.0085     1.9194     2.7954      2.717    28.1375    21.6224    3.02119    4.31758    132.071    6.62142    9.46267  0.000e+00
        450      2.650      3.844   3147.531   8494.790     9.8244   3.106703     1.9341     0.0073     0.2320     0.0085     1.9341     2.7747      2.628    28.0510    21.5593    3.05874    4.37124    133.720    6.62922    9.47382  0.000e+00
        451      2.561      3.714   3146.520   8488.542     9.8095   3.101515     1.9475     0.0073     0.2259     0.0085     1.9475     2.6714      2.539    28.0108    21.5304    3.09176    4.41843    135.168    6.63313    9.47941  0.000e+00
        452      2.471      3.584   3146.077   8476.226     9.8029   3.091300     1.9609     0.0073     0.2234     0.0098     1.9609     2.6301      2.451    27.9140    21.4559    3.12539    4.46649    136.648    6.63819    9.48663  0.000e+00
        453      2.337      3.390   3145.002   8446.040     9.7871   3.066327     1.9707     0.0061     0.2320     0.0085     1.9707     2.7747      2.318    27.6773    21.2738    3.15392    4.50727    137.920    6.65056    9.50431  0.000e+00
        454      2.248      3.260   3143.801   8417.913     9.7693   3.043139     1.9805     0.0073     0.2247     0.0098     1.9805     2.6508      2.229    27.4598    21.1071    3.18230    4.54783    139.184    6.66242    9.52126  0.000e+00
        455      2.114      3.066   3142.979   8390.483     9.7571   3.020601     1.9902     0.0061     0.2405     0.0085     1.9902     2.9193      2.096    27.2446    20.9412    3.21033    4.58788    140.433    6.67337    9.53691  0.000e+00
        456      2.024      2.936   3141.841   8336.743     9.7403   2.976661     2.0000     0.0073     0.2344     0.0098     2.0000     2.8160      2.007    26.8201    20.6130    3.24310    4.63471    141.911    6.69394    9.56632  0.000e+00
        457      1.935      2.806   3140.197   8310.642     9.7160   2.955422     2.0085     0.0073     0.2564     0.0085     2.0085     3.1879      1.919    26.6271    20.4663    3.26885    4.67151    143.059    6.70584    9.58331  0.000e+00
        458      1.845      2.677   3139.438   8272.637     9.7047   2.924619     2.0183     0.0073     0.2381     0.0085     2.0183     2.8780      1.830    26.3294    20.2360    3.29885    4.71439    144.405    6.72025    9.60391  0.000e+00
        459      1.711      2.482   3138.363   8211.059     9.6888   2.875013     2.0293     0.0073     0.2308     0.0085     2.0293     2.7541      1.697    25.8490    19.8641    3.33605    4.76755    146.086    6.74325    9.63677  0.000e+00
        460      1.622      2.352   3136.909   7989.720     9.6673   2.699805     2.0415     0.0073     0.2357     0.0098     2.0415     2.8367      1.608    24.1348    18.5321    3.40342    4.86382    149.231    6.82055    9.74725  0.000e+00
