unitTesting/processed_seabird_noalign/ORCA1_CAST0040.cnv
* Sea-Bird SBE 19 Data File:
* FileName =
* Software Version 4.234
* Temperature SN = 2835
* Conductivity SN = 2835
* System UpLoad Time = Sat Jan 29 00:08:08 2005

** Ship: ORCA
** Cruise: Mooring
** Station: Twanoh
** Latitude: 47 22.5
** Longitude: 123 0.5
# nquan = 22
# nvalues = 933                                   
# units = specified
# name 0 = scan: Scan Count
# name 1 = prSM: Pressure, Strain Gauge [db]
# name 2 = prSE: Pressure, Strain Gauge [psi]
# name 3 = f0: Frequency 0
# name 4 = f1: Frequency 1
# name 5 = t090C: Temperature [ITS-90, deg C]
# name 6 = c0S/m: Conductivity [S/m]
# name 7 = v0: Voltage 0
# name 8 = v1: Voltage 1
# name 9 = v2: Voltage 2
# name 10 = v3: Voltage 3
# name 11 = sbeox0V: Oxygen raw, SBE 43 [V]
# name 12 = wetStar: Fluorescence, WET Labs WETstar [mg/m^3]
# name 13 = depSM: Depth [salt water, m], lat = 47.28
# name 14 = sal00: Salinity, Practical [PSU]
# name 15 = sigma-t00: Density [sigma-t, Kg/m^3 ]
# name 16 = sbeox0ML/L: Oxygen, SBE 43 [ml/l]
# name 17 = sbeox0Mg/L: Oxygen, SBE 43 [mg/l]
# name 18 = sbeox0Mm/Kg: Oxygen, SBE 43 [umol/Kg]
# name 19 = oxsatML/L: Oxygen Saturation, Weiss [ml/l]
# name 20 = oxsatMg/L: Oxygen Saturation, Weiss [mg/l]
# name 21 = flag:  0.000e+00
# span 0 =          1,        933                 
# span 1 =      0.951,     29.582                 
# span 2 =      1.380,     42.905                 
# span 3 =   3085.024,   3233.512                 
# span 4 =   7271.091,   8901.081                 
# span 5 =     8.8941,    11.0830                 
# span 6 =   2.164380,   3.452352                 
# span 7 =     0.0000,     2.7863                 
# span 8 =     0.0000,     0.0073                 
# span 9 =     0.0000,     0.3199                 
# span 10 =     0.0000,     0.0098                
# span 11 =     0.0000,     2.7863                
# span 12 =    -1.1506,     4.2622                
# span 13 =      0.943,     29.334                
# span 14 =    19.3519,    30.4666                
# span 15 =    14.9082,    23.2380                
# span 16 =   -1.39674,    5.41874                
# span 17 =   -1.99608,    7.74392                
# span 18 =    -60.979,    238.436                
# span 19 =    6.35344,    7.15679                
# span 20 =    9.07971,   10.22777                
# span 21 = 0.0000e+00, 0.0000e+00                
# interval = seconds: 0.5
# start_time = Jan 31 2016 20:27:32 [DatCnv date, localtime]
# bad_flag = -9.990e-29
*END*
[from data line 593]
        594     10.163     14.741   3175.148   8681.452    10.2313   3.263474     1.9524     0.0073     0.2405     0.0085     1.9524     2.9193     10.078    29.2866    22.4577    3.05427    4.36486    133.408    6.51811    9.31503  0.000e+00
        595     10.253     14.870   3180.079   8684.123    10.3037   3.265742     1.9536     0.0061     0.2564     0.0085     1.9536     3.1879     10.167    29.2507    22.4181    3.05322    4.36335    133.367    6.50915    9.30223  0.000e+00
        596     10.342     15.000   3180.269   8677.625    10.3065   3.260224     1.9524     0.0073     0.2442     0.0098     1.9524     2.9813     10.256    29.1937    22.3733    3.05138    4.36073    133.292    6.51110    9.30501  0.000e+00
        597     10.432     15.130   3177.171   8675.328    10.2610   3.258276     1.9499     0.0073     0.2601     0.0085     1.9499     3.2499     10.345    29.2109    22.3940    3.04836    4.35641    133.158    6.51695    9.31337  0.000e+00
        598     10.521     15.260   3175.654   8673.413    10.2387   3.256652     1.9499     0.0073     0.2625     0.0098     1.9499     3.2912     10.433    29.2127    22.3990    3.04977    4.35843    133.219    6.52009    9.31786  0.000e+00
        599     10.611     15.389   3174.579   8672.837    10.2230   3.256163     1.9463     0.0061     0.2613     0.0085     1.9463     3.2705     10.522    29.2205    22.4076    3.04224    4.34767    132.889    6.52205    9.32066  0.000e+00
        600     10.700     15.519   3173.884   8673.790    10.2127   3.256972     1.9438     0.0073     0.2515     0.0085     1.9438     3.1053     10.611    29.2367    22.4219    3.03701    4.34018    132.658    6.52285    9.32181  0.000e+00
        601     10.834     15.714   3174.074   8677.229    10.2155   3.259889     1.9402     0.0073     0.2613     0.0085     1.9402     3.2705     10.744    29.2634    22.4422    3.02796    4.32726    132.260    6.52134    9.31965  0.000e+00
        602     10.879     15.779   3175.781   8681.430    10.2406   3.263455     1.9341     0.0073     0.2491     0.0085     1.9341     3.0639     10.788    29.2786    22.4500    3.01210    4.30459    131.567    6.51710    9.31358  0.000e+00
        603     10.968     15.908   3177.425   8682.382    10.2647   3.264264     1.9243     0.0073     0.2466     0.0085     1.9243     3.0226     10.877    29.2671    22.4372    2.98844    4.27078    130.535    6.51409    9.30928  0.000e+00
        604     11.103     16.103   3178.057   8682.570    10.2740   3.264424     1.9121     0.0073     0.2540     0.0085     1.9121     3.1466     11.010    29.2612    22.4310    2.96003    4.23018    129.295    6.51299    9.30772  0.000e+00
        605     11.192     16.233   3178.099   8683.015    10.2746   3.264801     1.8950     0.0073     0.2601     0.0085     1.8950     3.2499     11.099    29.2644    22.4334    2.92076    4.17406    127.579    6.51277    9.30740  0.000e+00
        606     11.326     16.427   3178.141   8683.460    10.2753   3.265179     1.8791     0.0073     0.2418     0.0073     1.8791     2.9400     11.232    29.2676    22.4358    2.88431    4.12197    125.987    6.51255    9.30709  0.000e+00
        607     11.416     16.557   3178.183   8683.905    10.2759   3.265557     1.8620     0.0073     0.2332     0.0085     1.8620     2.7954     11.320    29.2708    22.4383    2.84505    4.06586    124.271    6.51233    9.30677  0.000e+00
        608     11.505     16.687   3178.309   8684.669    10.2777   3.266206     1.8474     0.0073     0.2198     0.0085     1.8474     2.5681     11.409    29.2757    22.4418    2.81128    4.01761    122.796    6.51186    9.30610  0.000e+00
        609     11.595     16.817   3178.562   8685.815    10.2814   3.267180     1.8364     0.0073     0.2234     0.0085     1.8364     2.6301     11.498    29.2824    22.4463    2.78579    3.98117    121.682    6.51105    9.30494  0.000e+00
        610     11.774     17.076   3178.941   8687.152    10.2870   3.268316     1.8230     0.0073     0.2283     0.0085     1.8230     2.7127     11.675    29.2891    22.4507    2.75462    3.93663    120.320    6.50997    9.30340  0.000e+00
        611     11.952     17.336   3179.699   8692.687    10.2981   3.273020     1.8144     0.0073     0.2125     0.0085     1.8144     2.4442     11.853    29.3267    22.4782    2.73381    3.90688    119.408    6.50682    9.29889  0.000e+00
        612     12.042     17.465   3180.964   8694.023    10.3167   3.274156     1.8046     0.0073     0.2088     0.0085     1.8046     2.3822     11.941    29.3230    22.4723    2.71048    3.87354    118.389    6.50430    9.29530  0.000e+00
        613     12.176     17.660   3181.659   8695.740    10.3269   3.275616     1.7937     0.0073     0.2100     0.0098     1.7937     2.4028     12.074    29.3292    22.4754    2.68468    3.83667    117.262    6.50258    9.29284  0.000e+00
        614     12.310     17.855   3182.417   8697.456    10.3380   3.277076     1.7839     0.0073     0.2100     0.0085     1.7839     2.4028     12.207    29.3346    22.4779    2.66165    3.80376    116.256    6.50076    9.29024  0.000e+00
        615     12.400     17.984   3183.049   8703.366    10.3473   3.282105     1.7741     0.0073     0.2112     0.0085     1.7741     2.4235     12.296    29.3770    22.5093    2.63810    3.77011    115.224    6.49769    9.28584  0.000e+00
        616     12.534     18.179   3186.210   8717.075    10.3936   3.293784     1.7668     0.0073     0.2100     0.0085     1.7668     2.4028     12.429    29.4552    22.5626    2.61757    3.74077    114.321    6.48783    9.27175  0.000e+00
        617     12.668     18.374   3191.583   8722.591    10.4723   3.298488     1.7558     0.0073     0.2161     0.0085     1.7558     2.5061     12.562    29.4380    22.5364    2.58857    3.69933    113.058    6.47728    9.25667  0.000e+00
        618     12.802     18.568   3194.238   8724.873    10.5111   3.300435     1.7485     0.0073     0.2088     0.0085     1.7485     2.3822     12.695    29.4259    22.5206    2.57004    3.67284    112.250    6.47223    9.24947  0.000e+00
        619     12.892     18.698   3195.186   8727.534    10.5250   3.302706     1.7399     0.0073     0.2149     0.0085     1.7399     2.4855     12.784    29.4371    22.5270    2.54967    3.64373    111.360    6.46980    9.24599  0.000e+00
        620     13.026     18.893   3195.755   8728.674    10.5333   3.303679     1.7338     0.0073     0.2149     0.0085     1.7338     2.4855     12.917    29.4399    22.5278    2.53531    3.62322    110.733    6.46850    9.24413  0.000e+00
        621     13.115     19.022   3195.375   8727.724    10.5277   3.302869     1.7253     0.0073     0.2125     0.0085     1.7253     2.4442     13.006    29.4363    22.5260    2.51621    3.59591    109.898    6.46943    9.24547  0.000e+00
        622     13.250     19.217   3194.616   8732.284    10.5166   3.306762     1.7167     0.0073     0.2063     0.0085     1.7167     2.3409     13.139    29.4837    22.5647    2.49659    3.56788    109.037    6.46908    9.24496  0.000e+00
        623     13.339     19.347   3195.185   8740.068    10.5250   3.313414     1.7094     0.0073     0.2100     0.0085     1.7094     2.4028     13.228    29.5426    22.6091    2.47857    3.54213    108.246    6.46548    9.23982  0.000e+00
        624     13.473     19.541   3197.713   8752.962    10.5619   3.324445     1.7009     0.0073     0.2027     0.0085     1.7009     2.2789     13.361    29.6215    22.6644    2.45605    3.50994    107.256    6.45700    9.22770  0.000e+00
        625     13.608     19.736   3201.380   8765.080    10.6155   3.334827     1.6911     0.0073     0.2027     0.0085     1.6911     2.2789     13.494    29.6804    22.7013    2.43028    3.47311    106.127    6.44700    9.21340  0.000e+00
        626     13.697     19.866   3204.856   8781.526    10.6662   3.348941     1.6777     0.0073     0.1990     0.0085     1.6777     2.2169     13.583    29.7782    22.7690    2.39580    3.42384    104.615    6.43583    9.19745  0.000e+00
        627     13.831     20.060   3208.839   8787.002    10.7243   3.353646     1.6642     0.0073     0.2015     0.0085     1.6642     2.2582     13.716    29.7772    22.7585    2.36257    3.37635    103.165    6.42768    9.18579  0.000e+00
        628     13.965     20.255   3211.114   8790.399    10.7575   3.356566     1.6471     0.0061     0.2039     0.0085     1.6471     2.2995     13.849    29.7788    22.7542    2.32228    3.31877    101.406    6.42294    9.17902  0.000e+00
        629     14.055     20.385   3212.694   8798.508    10.7805   3.363542     1.6276     0.0073     0.2015     0.0085     1.6276     2.2582     13.937    29.8286    22.7891    2.27628    3.25303     99.394    6.41768    9.17151  0.000e+00
        630     14.189     20.580   3214.717   8803.031    10.8099   3.367436     1.6105     0.0061     0.2051     0.0085     1.6105     2.3202     14.070    29.8429    22.7952    2.23609    3.19560     97.638    6.41297    9.16477  0.000e+00
        631     14.279     20.709   3215.918   8808.305    10.8274   3.371979     1.5934     0.0073     0.2002     0.0085     1.5934     2.2376     14.159    29.8732    22.8158    2.19626    3.13868     95.897    6.40928    9.15951  0.000e+00
        632     14.413     20.904   3217.498   8815.833    10.8504   3.378469     1.5763     0.0061     0.1929     0.0085     1.5763     2.1136     14.292    29.9181    22.8468    2.15605    3.08121     94.138    6.40424    9.15231  0.000e+00
        633     14.502     21.034   3219.394   8821.475    10.8780   3.383336     1.5604     0.0073     0.1905     0.0085     1.5604     2.0723     14.381    29.9433    22.8618    2.11870    3.02783     92.506    6.39936    9.14533  0.000e+00
        634     14.592     21.163   3220.847   8823.167    10.8991   3.384796     1.5433     0.0073     0.1917     0.0085     1.5433     2.0930     14.470    29.9403    22.8559    2.07929    2.97151     90.786    6.39653    9.14128  0.000e+00
        635     14.815     21.488   3221.416   8823.920    10.9074   3.385446     1.5238     0.0073     0.1856     0.0085     1.5238     1.9897     14.691    29.9399    22.8541    2.03495    2.90814     88.850    6.39539    9.13965  0.000e+00
        636     14.950     21.683   3221.795   8831.435    10.9129   3.391936     1.5043     0.0061     0.1844     0.0085     1.5043     1.9690     14.825    29.9989    22.8991    1.98996    2.84385     86.882    6.39224    9.13515  0.000e+00
        637     15.039     21.812   3222.933   8833.500    10.9295   3.393720     1.4811     0.0073     0.1856     0.0085     1.4811     1.9897     14.913    30.0029    22.8993    1.93698    2.76814     84.569    6.38977    9.13162  0.000e+00
        638     15.129     21.942   3223.628   8834.439    10.9396   3.394532     1.4579     0.0073     0.1795     0.0085     1.4579     1.8864     15.002    30.0025    22.8974    1.88434    2.69292     82.271    6.38837    9.12963  0.000e+00
        639     15.218     22.072   3224.892   8836.692    10.9579   3.396479     1.4335     0.0061     0.1783     0.0085     1.4335     1.8657     15.091    30.0066    22.8974    1.82862    2.61327     79.838    6.38565    9.12573  0.000e+00
        640     15.307     22.202   3224.639   8838.944    10.9542   3.398426     1.4115     0.0073     0.1770     0.0085     1.4115     1.8450     15.179    30.0286    22.9151    1.77903    2.54241     77.671    6.38528    9.12520  0.000e+00
        641     15.442     22.396   3225.207   8840.633    10.9625   3.399887     1.3846     0.0073     0.1758     0.0085     1.3846     1.8244     15.313    30.0361    22.9195    1.71819    2.45547     75.015    6.38382    9.12312  0.000e+00
        642     15.531     22.526   3225.713   8841.571    10.9699   3.400698     1.3590     0.0073     0.1709     0.0098     1.3590     1.7417     15.401    30.0380    22.9198    1.66021    2.37261     72.484    6.38272    9.12155  0.000e+00
        643     15.665     22.721   3225.902   8841.947    10.9726   3.401023     1.3333     0.0061     0.1685     0.0085     1.3333     1.7004     15.534    30.0389    22.9200    1.60242    2.29002     69.960    6.38230    9.12095  0.000e+00
        644     15.800     22.915   3226.028   8842.885    10.9744   3.401834     1.3077     0.0073     0.1661     0.0085     1.3077     1.6591     15.667    30.0453    22.9246    1.54461    2.20740     67.436    6.38179    9.12022  0.000e+00
        645     15.844     22.980   3226.281   8843.823    10.9781   3.402646     1.2845     0.0073     0.1624     0.0085     1.2845     1.5971     15.712    30.0502    22.9279    1.49224    2.13255     65.149    6.38108    9.11921  0.000e+00
        646     15.978     23.175   3226.407   8844.948    10.9799   3.403620     1.2613     0.0073     0.1563     0.0085     1.2613     1.4938     15.845    30.0582    22.9337    1.43992    2.05779     62.865    6.38051    9.11838  0.000e+00
        647     16.068     23.305   3226.597   8846.073    10.9827   3.404593     1.2405     0.0073     0.1563     0.0085     1.2405     1.4938     15.934    30.0654    22.9389    1.39308    1.99085     60.820    6.37983    9.11742  0.000e+00
        648     16.157     23.434   3226.849   8847.386    10.9864   3.405729     1.2186     0.0073     0.1551     0.0085     1.2186     1.4732     16.022    30.0735    22.9446    1.34347    1.91995     58.653    6.37900    9.11622  0.000e+00
        649     16.247     23.564   3227.039   8847.949    10.9891   3.406216     1.2002     0.0073     0.1563     0.0098     1.2002     1.4938     16.111    30.0760    22.9460    1.30218    1.86094     56.851    6.37851    9.11553  0.000e+00
        650     16.336     23.694   3227.291   8847.574    10.9928   3.405892     1.1807     0.0061     0.1636     0.0085     1.1807     1.6178     16.200    30.0698    22.9406    1.25819    1.79808     54.931    6.37825    9.11516  0.000e+00
        651     16.426     23.824   3227.164   8848.324    10.9909   3.406541     1.1612     0.0073     0.1551     0.0085     1.1612     1.4732     16.288    30.0776    22.9470    1.21424    1.73527     53.011    6.37819    9.11508  0.000e+00
        652     16.515     23.953   3227.480   8849.074    10.9955   3.407191     1.1429     0.0073     0.1538     0.0085     1.1429     1.4525     16.377    30.0802    22.9482    1.17291    1.67621     51.207    6.37745    9.11402  0.000e+00
        653     16.605     24.083   3227.543   8850.386    10.9964   3.408327     1.1270     0.0073     0.1502     0.0085     1.1270     1.3905     16.466    30.0905    22.9561    1.13712    1.62506     49.644    6.37691    9.11324  0.000e+00
        654     16.784     24.343   3227.796   8850.761    11.0001   3.408651     1.1111     0.0073     0.1514     0.0085     1.1111     1.4112     16.643    30.0906    22.9555    1.10136    1.57395     48.083    6.37640    9.11251  0.000e+00
        655     16.873     24.473   3227.796   8851.324    11.0001   3.409139     1.0989     0.0061     0.1477     0.0085     1.0989     1.3492     16.732    30.0954    22.9592    1.07387    1.53467     46.883    6.37621    9.11224  0.000e+00
        656     16.963     24.602   3227.922   8853.198    11.0019   3.410761     1.0855     0.0073     0.1490     0.0085     1.0855     1.3699     16.821    30.1097    22.9700    1.04354    1.49133     45.558    6.37538    9.11105  0.000e+00
        657     17.052     24.732   3228.048   8853.947    11.0038   3.411411     1.0733     0.0061     0.1490     0.0085     1.0733     1.3699     16.910    30.1145    22.9735    1.01602    1.45200     44.357    6.37493    9.11041  0.000e+00
        658     17.142     24.862   3228.364   8854.697    11.0083   3.412060     1.0647     0.0073     0.1490     0.0085     1.0647     1.3699     16.998    30.1171    22.9747    0.99670    1.42439     43.513    6.37419    9.10935  0.000e+00
