unitTesting/processed_seabird_noalign/ORCA1_CAST0031.cnv
* Sea-Bird SBE 19 Data File:
* FileName =
* Software Version 4.234
* Temperature SN = 2835
* Conductivity SN = 2835
* System UpLoad Time = Wed Jan 26 18:03:03 2005

** Ship: ORCA
** Cruise: Mooring
** Station: Twanoh
** Latitude: 47 22.5
** Longitude: 123 0.5
# nquan = 22
# nvalues = 901                                   
# units = specified
# name 0 = scan: Scan Count
# name 1 = prSM: Pressure, Strain Gauge [db]
# name 2 = prSE: Pressure, Strain Gauge [psi]
# name 3 = f0: Frequency 0
# name 4 = f1: Frequency 1
# name 5 = t090C: Temperature [ITS-90, deg C]
# name 6 = c0S/m: Conductivity [S/m]
# name 7 = v0: Voltage 0
# name 8 = v1: Voltage 1
# name 9 = v2: Voltage 2
# name 10 = v3: Voltage 3
# name 11 = sbeox0V: Oxygen raw, SBE 43 [V]
# name 12 = wetStar: Fluorescence, WET Labs WETstar [mg/m^3]
# name 13 = depSM: Depth [salt water, m], lat = 47.28
# name 14 = sal00: Salinity, Practical [PSU]
# name 15 = sigma-t00: Density [sigma-t, Kg/m^3 ]
# name 16 = sbeox0ML/L: Oxygen, SBE 43 [ml/l]
# name 17 = sbeox0Mg/L: Oxygen, SBE 43 [mg/l]
# name 18 = sbeox0Mm/Kg: Oxygen, SBE 43 [umol/Kg]
# name 19 = oxsatML/L: Oxygen Saturation, Weiss [ml/l]
# name 20 = oxsatMg/L: Oxygen Saturation, Weiss [mg/l]
# name 21 = flag:  0.000e+00
# span 0 =          1,        901                 
# span 1 =      0.862,     29.672                 
# span 2 =      1.250,     43.035                 
# span 3 =   3093.566,   3233.644                 
# span 4 =   6828.581,   8905.141                 
# span 5 =     9.0220,    11.0850                 
# span 6 =   1.860083,   3.455888                 
# span 7 =     0.0000,     2.9206                 
# span 8 =     0.0000,     0.0073                 
# span 9 =     0.0000,     0.2796                 
# span 10 =     0.0000,     0.0098                
# span 11 =     0.0000,     2.9206                
# span 12 =    -1.1506,     3.5804                
# span 13 =      0.855,     29.422                
# span 14 =    16.3442,    30.4913                
# span 15 =    12.5488,    23.2552                
# span 16 =   -1.39574,    5.76856                
# span 17 =   -1.99465,    8.24385                
# span 18 =    -60.929,    254.429                
# span 19 =    6.35081,    7.27467                
# span 20 =    9.07594,   10.39622                
# span 21 = 0.0000e+00, 0.0000e+00                
# interval = seconds: 0.5
# start_time = Jan 31 2016 20:27:25 [DatCnv date, localtime]
# bad_flag = -9.990e-29
*END*
[from data line 856]
        857     23.451     34.012   3232.592   8885.547    11.0697   3.438833     1.0696     0.0073     0.1331     0.0085     1.0696     1.1013     23.254    30.3261    23.1266    1.00596    1.43761     43.911    6.35729    9.08521  0.000e+00
        858     23.272     33.753   3232.655   8884.614    11.0706   3.438022     1.0696     0.0073     0.1331     0.0085     1.0696     1.1013     23.077    30.3175    23.1197    1.00597    1.43763     43.911    6.35751    9.08552  0.000e+00
        859     23.137     33.558   3232.402   8883.680    11.0669   3.437211     1.0684     0.0073     0.1343     0.0085     1.0684     1.1220     22.943    30.3126    23.1166    1.00332    1.43384     43.796    6.35821    9.08652  0.000e+00
        860     23.093     33.493   3232.402   8883.307    11.0669   3.436886     1.0672     0.0061     0.1331     0.0085     1.0672     1.1013     22.899    30.3095    23.1141    1.00059    1.42994     43.677    6.35834    9.08670  0.000e+00
        861     22.958     33.298   3232.275   8882.747    11.0651   3.436399     1.0659     0.0073     0.1343     0.0085     1.0659     1.1220     22.766    30.3063    23.1120    0.99789    1.42608     43.559    6.35872    9.08725  0.000e+00
        862     22.869     33.169   3232.212   8882.373    11.0642   3.436075     1.0659     0.0061     0.1331     0.0085     1.0659     1.1013     22.677    30.3039    23.1103    0.99791    1.42611     43.560    6.35894    9.08757  0.000e+00
        863     22.779     33.039   3232.212   8882.000    11.0642   3.435750     1.0647     0.0073     0.1331     0.0085     1.0647     1.1013     22.588    30.3008    23.1078    0.99517    1.42220     43.441    6.35907    9.08775  0.000e+00
        864     22.690     32.909   3232.339   8881.253    11.0660   3.435101     1.0647     0.0073     0.1343     0.0085     1.0647     1.1220     22.500    30.2929    23.1014    0.99517    1.42220     43.441    6.35913    9.08783  0.000e+00
        865     22.600     32.779   3232.086   8881.813    11.0624   3.435588     1.0647     0.0073     0.1343     0.0085     1.0647     1.1220     22.411    30.3008    23.1082    0.99519    1.42222     43.441    6.35932    9.08811  0.000e+00
        866     22.511     32.649   3232.339   8882.560    11.0660   3.436237     1.0647     0.0073     0.1319     0.0085     1.0647     1.0806     22.322    30.3041    23.1101    0.99508    1.42207     43.436    6.35868    9.08719  0.000e+00
        867     22.421     32.519   3232.275   8882.933    11.0651   3.436561     1.0647     0.0073     0.1355     0.0085     1.0647     1.1426     22.234    30.3081    23.1134    0.99506    1.42204     43.435    6.35865    9.08715  0.000e+00
        868     22.332     32.390   3232.275   8882.560    11.0651   3.436237     1.0647     0.0073     0.1343     0.0085     1.0647     1.1220     22.145    30.3050    23.1109    0.99507    1.42205     43.436    6.35877    9.08732  0.000e+00
        869     22.242     32.260   3232.149   8881.626    11.0633   3.435426     1.0647     0.0073     0.1343     0.0085     1.0647     1.1220     22.056    30.2986    23.1063    0.99513    1.42215     43.439    6.35928    9.08805  0.000e+00
        870     22.153     32.130   3232.212   8880.506    11.0642   3.434452     1.0647     0.0073     0.1343     0.0085     1.0647     1.1220     21.967    30.2883    23.0982    0.99517    1.42219     43.441    6.35957    9.08846  0.000e+00
        871     22.019     31.935   3232.212   8880.132    11.0642   3.434127     1.0647     0.0061     0.1331     0.0085     1.0647     1.1013     21.834    30.2852    23.0957    0.99517    1.42220     43.441    6.35969    9.08864  0.000e+00
        872     21.929     31.806   3232.212   8880.132    11.0642   3.434127     1.0659     0.0073     0.1331     0.0085     1.0659     1.1013     21.745    30.2852    23.0958    0.99790    1.42610     43.560    6.35969    9.08864  0.000e+00
        873     21.840     31.676   3232.086   8880.319    11.0624   3.434290     1.0659     0.0073     0.1355     0.0085     1.0659     1.1426     21.657    30.2884    23.0985    0.99790    1.42610     43.560    6.35982    9.08882  0.000e+00
        874     21.750     31.546   3232.086   8880.319    11.0624   3.434290     1.0659     0.0073     0.1392     0.0085     1.0659     1.2046     21.568    30.2884    23.0985    0.99789    1.42609     43.560    6.35982    9.08882  0.000e+00
        875     21.661     31.416   3232.086   8879.759    11.0624   3.433803     1.0659     0.0073     0.1331     0.0085     1.0659     1.1013     21.479    30.2837    23.0949    0.99791    1.42611     43.561    6.36001    9.08909  0.000e+00
        876     21.526     31.221   3232.212   8879.572    11.0642   3.433640     1.0672     0.0073     0.1355     0.0085     1.0672     1.1426     21.346    30.2806    23.0922    1.00061    1.42998     43.679    6.35988    9.08890  0.000e+00
        877     21.482     31.157   3232.023   8879.572    11.0614   3.433640     1.0672     0.0061     0.1331     0.0085     1.0672     1.1013     21.302    30.2829    23.0944    1.00065    1.43003     43.680    6.36017    9.08931  0.000e+00
        878     21.392     31.027   3232.086   8879.385    11.0624   3.433478     1.0659     0.0061     0.1343     0.0085     1.0659     1.1220     21.213    30.2806    23.0925    0.99789    1.42609     43.560    6.36013    9.08926  0.000e+00
        879     21.303     30.897   3232.149   8879.012    11.0633   3.433154     1.0672     0.0073     0.1355     0.0085     1.0672     1.1426     21.124    30.2767    23.0893    1.00063    1.43000     43.679    6.36016    9.08930  0.000e+00
        880     21.258     30.832   3232.086   8879.012    11.0624   3.433154     1.0659     0.0061     0.1355     0.0085     1.0659     1.1426     21.080    30.2775    23.0901    0.99789    1.42609     43.560    6.36026    9.08944  0.000e+00
        881     21.168     30.702   3232.086   8879.012    11.0624   3.433154     1.0647     0.0073     0.1343     0.0085     1.0647     1.1220     20.991    30.2775    23.0901    0.99514    1.42216     43.440    6.36025    9.08944  0.000e+00
        882     21.079     30.572   3232.023   8879.012    11.0614   3.433154     1.0647     0.0073     0.1331     0.0085     1.0647     1.1013     20.902    30.2783    23.0909    0.99514    1.42216     43.440    6.36035    9.08958  0.000e+00
        883     20.990     30.443   3232.086   8878.638    11.0624   3.432829     1.0623     0.0061     0.1343     0.0085     1.0623     1.1220     20.814    30.2744    23.0877    0.98965    1.41431     43.200    6.36038    9.08962  0.000e+00
        884     20.900     30.313   3232.023   8878.638    11.0614   3.432829     1.0611     0.0073     0.1343     0.0085     1.0611     1.1220     20.725    30.2752    23.0885    0.98691    1.41040     43.081    6.36047    9.08975  0.000e+00
        885     20.811     30.183   3232.023   8878.265    11.0614   3.432504     1.0611     0.0073     0.1331     0.0085     1.0611     1.1013     20.636    30.2721    23.0860    0.98692    1.41041     43.081    6.36060    9.08993  0.000e+00
        886     20.676     29.988   3232.023   8877.891    11.0614   3.432180     1.0598     0.0073     0.1331     0.0085     1.0598     1.1013     20.503    30.2689    23.0836    0.98418    1.40649     42.962    6.36073    9.09011  0.000e+00
        887     20.587     29.859   3231.833   8877.331    11.0587   3.431693     1.0586     0.0061     0.1331     0.0085     1.0586     1.1013     20.414    30.2665    23.0821    0.98150    1.40266     42.845    6.36121    9.09080  0.000e+00
        888     20.453     29.664   3231.643   8876.957    11.0559   3.431369     1.0586     0.0073     0.1441     0.0098     1.0586     1.2872     20.281    30.2656    23.0820    0.98154    1.40272     42.847    6.36162    9.09139  0.000e+00
        889     20.318     29.469   3231.707   8877.144    11.0569   3.431531     1.0574     0.0061     0.1331     0.0085     1.0574     1.1013     20.148    30.2665    23.0825    0.97876    1.39874     42.725    6.36146    9.09116  0.000e+00
        890     20.274     29.404   3231.833   8876.957    11.0587   3.431368     1.0562     0.0061     0.1331     0.0085     1.0562     1.1013     20.104    30.2634    23.0798    0.97599    1.39479     42.604    6.36133    9.09097  0.000e+00
        891     20.139     29.210   3231.770   8876.770    11.0578   3.431206     1.0562     0.0073     0.1368     0.0085     1.0562     1.1633     19.971    30.2627    23.0793    0.97600    1.39480     42.605    6.36149    9.09120  0.000e+00
        892     20.050     29.080   3231.707   8876.583    11.0569   3.431044     1.0549     0.0073     0.1380     0.0085     1.0549     1.1839     19.882    30.2619    23.0789    0.97327    1.39090     42.486    6.36164    9.09143  0.000e+00
        893     19.916     28.885   3231.643   8876.583    11.0559   3.431044     1.0537     0.0073     0.1343     0.0085     1.0537     1.1220     19.749    30.2627    23.0796    0.97052    1.38697     42.366    6.36174    9.09156  0.000e+00
        894     19.826     28.755   3231.707   8876.396    11.0569   3.430882     1.0537     0.0073     0.1343     0.0085     1.0537     1.1220     19.660    30.2604    23.0777    0.97050    1.38695     42.365    6.36170    9.09151  0.000e+00
        895     19.737     28.626   3231.643   8876.396    11.0559   3.430882     1.0525     0.0073     0.1368     0.0085     1.0525     1.1633     19.571    30.2612    23.0785    0.96776    1.38303     42.245    6.36180    9.09165  0.000e+00
        896     19.647     28.496   3231.770   8876.210    11.0578   3.430719     1.0525     0.0061     0.1331     0.0085     1.0525     1.1013     19.483    30.2581    23.0758    0.96774    1.38299     42.244    6.36167    9.09146  0.000e+00
        897     19.558     28.366   3231.643   8876.770    11.0559   3.431206     1.0513     0.0073     0.1343     0.0098     1.0513     1.1220     19.394    30.2644    23.0810    0.96498    1.37905     42.124    6.36167    9.09146  0.000e+00
        898     19.423     28.171   3231.643   8876.396    11.0559   3.430881     1.0501     0.0073     0.1343     0.0085     1.0501     1.1220     19.261    30.2613    23.0786    0.96224    1.37514     42.004    6.36180    9.09164  0.000e+00
        899     19.334     28.042   3231.707   8876.583    11.0569   3.431044     1.0488     0.0073     0.1331     0.0085     1.0488     1.1013     19.172    30.2621    23.0791    0.95946    1.37117     41.883    6.36163    9.09141  0.000e+00
        900     19.244     27.912   3231.707   8875.836    11.0569   3.430395     1.0488     0.0073     0.1343     0.0098     1.0488     1.1220     19.083    30.2558    23.0742    0.95949    1.37121     41.884    6.36189    9.09177  0.000e+00
        901     19.155     27.782   3231.580   8876.396    11.0550   3.430881     1.0476     0.0061     0.1355     0.0085     1.0476     1.1426     18.995    30.2621    23.0794    0.95674    1.36727     41.764    6.36189    9.09177  0.000e+00
