unitTesting/processed_seabird_noalign/ORCA1_CAST0022.cnv
* Sea-Bird SBE 19 Data File:
* FileName =
* Software Version 4.234
* Temperature SN = 2835
* Conductivity SN = 2835
* System UpLoad Time = Mon Jan 24 11:58:08 2005

** Ship: ORCA
** Cruise: Mooring
** Station: Twanoh
** Latitude: 47 22.5
** Longitude: 123 0.5
# nquan = 22
# nvalues = 873                                   
# units = specified
# name 0 = scan: Scan Count
# name 1 = prSM: Pressure, Strain Gauge [db]
# name 2 = prSE: Pressure, Strain Gauge [psi]
# name 3 = f0: Frequency 0
# name 4 = f1: Frequency 1
# name 5 = t090C: Temperature [ITS-90, deg C]
# name 6 = c0S/m: Conductivity [S/m]
# name 7 = v0: Voltage 0
# name 8 = v1: Voltage 1
# name 9 = v2: Voltage 2
# name 10 = v3: Voltage 3
# name 11 = sbeox0V: Oxygen raw, SBE 43 [V]
# name 12 = wetStar: Fluorescence, WET Labs WETstar [mg/m^3]
# name 13 = depSM: Depth [salt water, m], lat = 47.28
# name 14 = sal00: Salinity, Practical [PSU]
# name 15 = sigma-t00: Density [sigma-t, Kg/m^3 ]
# name 16 = sbeox0ML/L: Oxygen, SBE 43 [ml/l]
# name 17 = sbeox0Mg/L: Oxygen, SBE 43 [mg/l]
# name 18 = sbeox0Mm/Kg: Oxygen, SBE 43 [umol/Kg]
# name 19 = oxsatML/L: Oxygen Saturation, Weiss [ml/l]
# name 20 = oxsatMg/L: Oxygen Saturation, Weiss [mg/l]
# name 21 = flag:  0.000e+00
# span 0 =          1,        873                 
# span 1 =      0.951,     29.627                 
# span 2 =      1.380,     42.970                 
# span 3 =   3104.761,   3232.848                 
# span 4 =   7625.112,   8897.673                 
# span 5 =     9.1893,    11.0734                 
# span 6 =   2.421764,   3.449384                 
# span 7 =     0.0000,     2.8364                 
# span 8 =     0.0000,     0.0073                 
# span 9 =     0.0000,     0.2759                 
# span 10 =     0.0000,     0.0098                
# span 11 =     0.0000,     2.8364                
# span 12 =    -1.1506,     3.5185                
# span 13 =      0.943,     29.378                
# span 14 =    21.7073,    30.4300                
# span 15 =    16.7071,    23.2080                
# span 16 =   -1.39470,    5.13917                
# span 17 =   -1.99316,    7.34439                
# span 18 =    -60.881,    224.647                
# span 19 =    6.35359,    7.00277                
# span 20 =    9.07991,   10.00766                
# span 21 = 0.0000e+00, 0.0000e+00                
# interval = seconds: 0.5
# start_time = Jan 31 2016 20:27:17 [DatCnv date, localtime]
# bad_flag = -9.990e-29
*END*
[from data line 856]
        857     20.900     30.313   3232.211   8890.384    11.0642   3.443039     1.1819     0.0073     0.1331     0.0098     1.1819     1.1013     20.725    30.3728    23.1639    1.25748    1.79706     54.887    6.35618    9.08362  0.000e+00
        858     20.811     30.183   3232.211   8890.011    11.0642   3.442714     1.1819     0.0073     0.1319     0.0085     1.1819     1.0806     20.636    30.3697    23.1614    1.25749    1.79707     54.888    6.35631    9.08380  0.000e+00
        859     20.676     29.988   3232.274   8890.198    11.0651   3.442877     1.1807     0.0061     0.1319     0.0085     1.1807     1.0806     20.503    30.3706    23.1620    1.25469    1.79308     54.766    6.35615    9.08357  0.000e+00
        860     20.587     29.859   3232.211   8889.825    11.0642   3.442552     1.1795     0.0073     0.1355     0.0085     1.1795     1.1426     20.414    30.3682    23.1603    1.25198    1.78921     54.648    6.35637    9.08389  0.000e+00
        861     20.408     29.599   3232.274   8889.638    11.0651   3.442390     1.1795     0.0073     0.1331     0.0085     1.1795     1.1013     20.237    30.3659    23.1583    1.25195    1.78915     54.646    6.35633    9.08384  0.000e+00
        862     20.318     29.469   3232.337   8889.638    11.0660   3.442390     1.1783     0.0073     0.1331     0.0085     1.1783     1.1013     20.148    30.3652    23.1576    1.24917    1.78519     54.525    6.35624    9.08370  0.000e+00
        863     20.184     29.275   3232.401   8889.638    11.0669   3.442390     1.1770     0.0073     0.1331     0.0085     1.1770     1.1013     20.015    30.3645    23.1569    1.24639    1.78122     54.404    6.35614    9.08356  0.000e+00
        864     20.095     29.145   3232.274   8889.638    11.0651   3.442390     1.1783     0.0073     0.1331     0.0085     1.1783     1.1013     19.926    30.3661    23.1584    1.24915    1.78516     54.524    6.35633    9.08383  0.000e+00
        865     19.960     28.950   3232.211   8889.451    11.0642   3.442227     1.1758     0.0061     0.1331     0.0085     1.1758     1.1013     19.793    30.3653    23.1580    1.24368    1.77734     54.286    6.35649    9.08406  0.000e+00
        866     19.871     28.820   3232.274   8889.451    11.0651   3.442227     1.1746     0.0061     0.1319     0.0085     1.1746     1.0806     19.705    30.3646    23.1573    1.24091    1.77338     54.165    6.35639    9.08392  0.000e+00
        867     19.781     28.691   3232.211   8889.451    11.0642   3.442227     1.1746     0.0073     0.1343     0.0098     1.1746     1.1220     19.616    30.3653    23.1580    1.24091    1.77338     54.165    6.35648    9.08405  0.000e+00
        868     19.692     28.561   3232.211   8889.265    11.0642   3.442065     1.1722     0.0061     0.1319     0.0085     1.1722     1.0806     19.527    30.3638    23.1568    1.23543    1.76555     53.925    6.35655    9.08414  0.000e+00
        869     19.558     28.366   3232.211   8888.892    11.0642   3.441740     1.1709     0.0073     0.1319     0.0085     1.1709     1.0806     19.394    30.3607    23.1544    1.23269    1.76164     53.806    6.35667    9.08432  0.000e+00
        870     19.423     28.171   3232.148   8888.705    11.0633   3.441578     1.1685     0.0073     0.1343     0.0085     1.1685     1.1220     19.261    30.3599    23.1540    1.22722    1.75382     53.567    6.35683    9.08455  0.000e+00
        871     19.334     28.042   3232.021   8888.892    11.0614   3.441740     1.1685     0.0073     0.1343     0.0098     1.1685     1.1220     19.172    30.3630    23.1567    1.22723    1.75383     53.567    6.35696    9.08473  0.000e+00
        872     19.244     27.912   3232.211   8888.705    11.0642   3.441578     1.1661     0.0073     0.1331     0.0085     1.1661     1.1013     19.083    30.3592    23.1533    1.22169    1.74592     53.326    6.35673    9.08440  0.000e+00
        873     19.110     27.717   3232.211   8888.519    11.0642   3.441416     1.1661     0.0061     0.1331     0.0085     1.1661     1.1013     18.950    30.3577    23.1521    1.22168    1.74591     53.326    6.35679    9.08449  0.000e+00
