unitTesting/processed_seabird_noalign/ORCA1_CAST0017.cnv
* Sea-Bird SBE 19 Data File:
* FileName =
* Software Version 4.234
* Temperature SN = 2835
* Conductivity SN = 2835
* System UpLoad Time = Sun Jan 23 05:55:48 2005

** Ship: ORCA
** Cruise: Mooring
** Station: Twanoh
** Latitude: 47 22.5
** Longitude: 123 0.5
# nquan = 22
# nvalues = 925                                   
# units = specified
# name 0 = scan: Scan Count
# name 1 = prSM: Pressure, Strain Gauge [db]
# name 2 = prSE: Pressure, Strain Gauge [psi]
# name 3 = f0: Frequency 0
# name 4 = f1: Frequency 1
# name 5 = t090C: Temperature [ITS-90, deg C]
# name 6 = c0S/m: Conductivity [S/m]
# name 7 = v0: Voltage 0
# name 8 = v1: Voltage 1
# name 9 = v2: Voltage 2
# name 10 = v3: Voltage 3
# name 11 = sbeox0V: Oxygen raw, SBE 43 [V]
# name 12 = wetStar: Fluorescence, WET Labs WETstar [mg/m^3]
# name 13 = depSM: Depth [salt water, m], lat = 47.28
# name 14 = sal00: Salinity, Practical [PSU]
# name 15 = sigma-t00: Density [sigma-t, Kg/m^3 ]
# name 16 = sbeox0ML/L: Oxygen, SBE 43 [ml/l]
# name 17 = sbeox0Mg/L: Oxygen, SBE 43 [mg/l]
# name 18 = sbeox0Mm/Kg: Oxygen, SBE 43 [umol/Kg]
# name 19 = oxsatML/L: Oxygen Saturation, Weiss [ml/l]
# name 20 = oxsatMg/L: Oxygen Saturation, Weiss [mg/l]
# name 21 = flag:  0.000e+00
# span 0 =          1,        925                 
# span 1 =      0.906,     29.582                 
# span 2 =      1.315,     42.905                 
# span 3 =   3075.867,   3233.282                 
# span 4 =   7174.980,   8908.874                 
# span 5 =     8.7567,    11.0797                 
# span 6 =   2.096643,   3.459142                 
# span 7 =     0.0000,     3.0965                 
# span 8 =     0.0000,     0.0073                 
# span 9 =     0.0000,     0.3468                 
# span 10 =     0.0000,     0.0098                
# span 11 =     0.0000,     3.0965                
# span 12 =    -1.1506,     4.7167                
# span 13 =      0.899,     29.334                
# span 14 =    18.7612,    30.5262                
# span 15 =    14.4635,    23.2829                
# span 16 =   -1.39529,    6.15447                
# span 17 =   -1.99401,    8.79535                
# span 18 =    -60.908,    270.929                
# span 19 =    6.34991,    7.20692                
# span 20 =    9.07466,   10.29941                
# span 21 = 0.0000e+00, 0.0000e+00                
# interval = seconds: 0.5
# start_time = Jan 31 2016 20:27:13 [DatCnv date, localtime]
# bad_flag = -9.990e-29
*END*
[from data line 461]
        462      1.756      2.547   3115.774   7662.318     9.3534   2.449533     1.5018     0.0061     0.1563     0.0085     1.5018     1.4938      1.741    21.8796    16.8194    2.15490    3.07956     94.646    6.96884    9.95917  0.000e+00
        463      1.667      2.417   3107.869   7589.677     9.2357   2.395443     1.5238     0.0073     0.1612     0.0098     1.5238     1.5765      1.653    21.4209    16.4778    2.22076    3.17369     97.571    7.00814   10.01534  0.000e+00
        464      1.577      2.287   3100.596   7557.047     9.1271   2.371317     1.5446     0.0073     0.1600     0.0085     1.5446     1.5558      1.564    21.2490    16.3581    2.27964    3.25783    100.170    7.03334   10.05134  0.000e+00
        465      1.488      2.158   3096.865   7547.607     9.0714   2.364356     1.5653     0.0073     0.1636     0.0085     1.5653     1.6178      1.475    21.2138    16.3379    2.33421    3.33581    102.570    7.04394   10.06650  0.000e+00
        466      1.443      2.093   3094.967   7544.972     9.0430   2.362415     1.5873     0.0073     0.1636     0.0085     1.5873     1.6178      1.431    21.2116    16.3399    2.39004    3.41561    105.023    7.04864   10.07321  0.000e+00
        467      1.309      1.898   3094.082   7542.116     9.0298   2.360312     1.6178     0.0073     0.1673     0.0085     1.6178     1.6798      1.298    21.1988    16.3316    2.46645    3.52480    108.381    7.05136   10.07710  0.000e+00
        468      1.175      1.704   3092.185   7490.703     9.0014   2.322586     1.6593     0.0073     0.1685     0.0085     1.6593     1.7004      1.165    20.8446    16.0591    2.57658    3.68219    113.251    7.07198   10.10657  0.000e+00
        469      1.085      1.574   3087.568   7385.454     8.9322   2.246170     1.7021     0.0073     0.1685     0.0085     1.7021     1.7004      1.076    20.1341    15.5140    2.69891    3.85701    118.692    7.11554   10.16883  0.000e+00
        470      0.996      1.444   3083.267   7283.238     8.8678   2.173006     1.7546     0.0073     0.1722     0.0098     1.7546     1.7624      0.988    19.4532    14.9911    2.84636    4.06773    125.241    7.15730   10.22849  0.000e+00
        471      0.906      1.315   3080.168   7235.030     8.8213   2.138858     1.8132     0.0073     0.1783     0.0073     1.8132     1.8657      0.899    19.1444    14.7559    3.00251    4.29089    132.142    7.17920   10.25980  0.000e+00
        472      0.951      1.380   3079.029   7195.723     8.8042   2.111186     1.8767     0.0073     0.2112     0.0098     1.8767     2.4235      0.943    18.8830    14.5541    3.16898    4.52879    139.497    7.19409   10.28107  0.000e+00
        473      0.906      1.315   3078.460   7190.884     8.7957   2.107789     1.9414     0.0073     0.1868     0.0085     1.9414     2.0103      0.899    18.8543    14.5328    3.33358    4.76402    146.745    7.19683   10.28500  0.000e+00
        474      0.951      1.380   3078.270   7190.656     8.7928   2.107629     2.0085     0.0073     0.2247     0.0085     2.0085     2.6508      0.943    18.8543    14.5331    3.50343    5.00675    154.222    7.19731   10.28568  0.000e+00
        475      0.951      1.380   3078.081   7189.505     8.7900   2.106822     2.0806     0.0073     0.2552     0.0085     2.0806     3.1672      0.943    18.8479    14.5285    3.68577    5.26733    162.249    7.19808   10.28678  0.000e+00
        476      0.951      1.380   3078.081   7189.046     8.7900   2.106500     2.1465     0.0073     0.2650     0.0085     2.1465     3.3325      0.943    18.8447    14.5261    3.85240    5.50546    169.585    7.19823   10.28699  0.000e+00
        477      0.951      1.380   3078.081   7188.587     8.7900   2.106178     2.2112     0.0073     0.3016     0.0085     2.2112     3.9523      0.943    18.8416    14.5236    4.01595    5.73920    176.785    7.19837   10.28720  0.000e+00
        478      0.951      1.380   3078.017   7188.590     8.7890   2.106180     2.2759     0.0073     0.2601     0.0085     2.2759     3.2499      0.943    18.8421    14.5241    4.17950    5.97293    183.984    7.19851   10.28739  0.000e+00
        479      0.951      1.380   3077.891   7186.977     8.7871   2.105049     2.3431     0.0073     0.3468     0.0085     2.3431     4.7167      0.943    18.8321    14.5165    4.34961    6.21603    191.474    7.19929   10.28851  0.000e+00
        480      0.951      1.380   3077.701   7183.979     8.7843   2.102947     2.4078     0.0073     0.2662     0.0085     2.4078     3.3532      0.943    18.8130    14.5020    4.51394    6.45087    198.711    7.20064   10.29044  0.000e+00
        481      0.951      1.380   3077.385   7181.442     8.7795   2.101169     2.4689     0.0073     0.2589     0.0085     2.4689     3.2292      0.943    18.7982    14.4910    4.66914    6.67267    205.545    7.20212   10.29256  0.000e+00
        482      0.951      1.380   3077.005   7177.517     8.7738   2.098420     2.5263     0.0073     0.2161     0.0085     2.5263     2.5061      0.943    18.7743    14.4731    4.81552    6.88186    211.993    7.20418   10.29549  0.000e+00
        483      0.906      1.315   3076.563   7177.519     8.7672   2.098422     2.5812     0.0061     0.2442     0.0085     2.5812     2.9813      0.899    18.7779    14.4766    4.95501    7.08120    218.133    7.20513   10.29685  0.000e+00
        484      0.951      1.380   3076.310   7174.980     8.7634   2.096643     2.6300     0.0073     0.2308     0.0098     2.6300     2.7541      0.943    18.7625    14.4651    5.07945    7.25904    223.614    7.20648   10.29877  0.000e+00
        485      0.951      1.380   3076.162   7175.520     8.7611   2.097022     2.6740     0.0061     0.1856     0.0085     2.6740     1.9897      0.943    18.7673    14.4692    5.19070    7.41803    228.510    7.20662   10.29898  0.000e+00
        486      0.951      1.380   3076.014   7176.058     8.7589   2.097398     2.7106     0.0073     0.2112     0.0085     2.7106     2.4235      0.943    18.7722    14.4732    5.28343    7.55055    232.591    7.20677   10.29919  0.000e+00
        487      0.951      1.380   3075.867   7176.594     8.7567   2.097774     2.7460     0.0073     0.1880     0.0085     2.7460     2.0310      0.943    18.7770    14.4773    5.37307    7.67866    236.537    7.20692   10.29941  0.000e+00
        488      0.951      1.380   3076.119   7176.591     8.7605   2.097772     2.7766     0.0073     0.2051     0.0085     2.7766     2.3202      0.943    18.7750    14.4752    5.44989    7.78844    239.919    7.20638   10.29863  0.000e+00
        489      0.906      1.315   3076.183   7175.894     8.7615   2.097284     2.8022     0.0073     0.1868     0.0085     2.8022     2.0103      0.899    18.7698    14.4710    5.51477    7.88116    242.776    7.20646   10.29875  0.000e+00
        490      0.951      1.380   3076.182   7176.816     8.7615   2.097929     2.8303     0.0073     0.1807     0.0085     2.8303     1.9070      0.943    18.7761    14.4759    5.58560    7.98238    245.893    7.20617   10.29834  0.000e+00
        491      0.951      1.380   3076.309   7177.044     8.7634   2.098089     2.8571     0.0073     0.1807     0.0098     2.8571     1.9070      0.943    18.7766    14.4761    5.65327    8.07909    248.872    7.20583   10.29784  0.000e+00
        492      0.951      1.380   3076.498   7179.351     8.7662   2.099705     2.8816     0.0073     0.1868     0.0085     2.8816     2.0103      0.943    18.7909    14.4869    5.71415    8.16609    251.550    7.20469   10.29622  0.000e+00
        493      0.951      1.380   3076.751   7183.505     8.7700   2.102615     2.9060     0.0073     0.1893     0.0098     2.9060     2.0516      0.943    18.8174    14.5071    5.77443    8.25224    254.198    7.20283   10.29357  0.000e+00
        494      0.951      1.380   3077.130   7183.964     8.7757   2.102937     2.9243     0.0073     0.1893     0.0085     2.9243     2.0516      0.943    18.8175    14.5065    5.82000    8.31736    256.204    7.20187   10.29220  0.000e+00
        495      0.951      1.380   3077.130   7179.573     8.7757   2.099860     2.9377     0.0073     0.1819     0.0085     2.9377     1.9277      0.943    18.7874    14.4831    5.85507    8.36748    257.754    7.20326   10.29418  0.000e+00
        496      0.951      1.380   3077.004   7177.028     8.7738   2.098078     2.9536     0.0073     0.1746     0.0098     2.9536     1.8037      0.943    18.7710    14.4705    5.89606    8.42606    259.562    7.20434   10.29572  0.000e+00
        497      0.951      1.380   3076.497   7177.256     8.7662   2.098237     2.9658     0.0073     0.1807     0.0085     2.9658     1.9070      0.943    18.7766    14.4758    5.92770    8.47128    260.954    7.20535   10.29717  0.000e+00
        498      0.906      1.315   3076.497   7180.257     8.7662   2.100339     2.9792     0.0073     0.1783     0.0098     2.9792     1.8657      0.899    18.7971    14.4918    5.96084    8.51864    262.408    7.20440   10.29581  0.000e+00
        499      0.951      1.380   3076.877   7185.564     8.7719   2.104059     2.9878     0.0073     0.1783     0.0085     2.9878     1.8657      0.943    18.8305    14.5171    5.98046    8.54668    263.266    7.20191   10.29225  0.000e+00
        500      0.951      1.380   3077.066   7179.788     8.7747   2.100011     2.9951     0.0073     0.1856     0.0085     2.9951     1.9897      0.943    18.7894    14.4847    6.00018    8.57486    264.142    7.20333   10.29428  0.000e+00
        501      0.951      1.380   3076.813   7177.706     8.7709   2.098552     3.0012     0.0073     0.2234     0.0085     3.0012     2.6301      0.943    18.7771    14.4756    6.01659    8.59831    264.867    7.20453   10.29600  0.000e+00
        502      0.951      1.380   3076.497   7177.934     8.7662   2.098712     3.0061     0.0061     0.1978     0.0085     3.0061     2.1963      0.943    18.7812    14.4794    6.02940    8.61662    265.430    7.20514   10.29687  0.000e+00
        503      0.951      1.380   3076.623   7179.548     8.7681   2.099842     3.0122     0.0073     0.1905     0.0098     3.0122     2.0723      0.943    18.7913    14.4870    6.04420    8.63777    266.079    7.20436   10.29575  0.000e+00
        504      0.906      1.315   3076.813   7183.471     8.7709   2.102591     3.0183     0.0061     0.2051     0.0085     3.0183     2.3202      0.899    18.8166    14.5064    6.05824    8.65783    266.692    7.20271   10.29339  0.000e+00
        505      0.951      1.380   3077.002   7178.618     8.7738   2.099191     3.0244     0.0073     0.1880     0.0085     3.0244     2.0310      0.943    18.7819    14.4790    6.07468    8.68133    267.423    7.20384   10.29501  0.000e+00
        506      0.951      1.380   3076.623   7175.148     8.7681   2.096761     3.0330     0.0073     0.2161     0.0085     3.0330     2.5061      0.943    18.7612    14.4635    6.09786    8.71445    268.448    7.20575   10.29774  0.000e+00
        507      0.951      1.380   3076.180   7175.607     8.7614   2.097083     3.0391     0.0073     0.1917     0.0085     3.0391     2.0930      0.943    18.7678    14.4695    6.11392    8.73741    269.153    7.20656   10.29889  0.000e+00
        508      0.951      1.380   3076.243   7177.222     8.7624   2.098213     3.0476     0.0073     0.1990     0.0098     3.0476     2.2169      0.943    18.7784    14.4776    6.13499    8.76752    270.079    7.20591   10.29797  0.000e+00
        509      0.951      1.380   3076.496   7179.298     8.7662   2.099668     3.0525     0.0073     0.1917     0.0085     3.0525     2.0930      0.943    18.7906    14.4867    6.14635    8.78376    270.576    7.20471   10.29625  0.000e+00
        510      0.951      1.380   3076.622   7182.760     8.7681   2.102093     3.0562     0.0073     0.1880     0.0098     3.0562     2.0310      0.943    18.8133    14.5042    6.15447    8.79535    270.929    7.20335   10.29430  0.000e+00
        511      0.951      1.380   3077.064   7186.681     8.7747   2.104841     3.0549     0.0073     0.1929     0.0085     3.0549     2.1136      0.943    18.8366    14.5216    6.14957    8.78834    270.709    7.20116   10.29117  0.000e+00
        512      0.906      1.315   3077.064   7188.524     8.7747   2.106134     3.0562     0.0073     0.1978     0.0098     3.0562     2.1963      0.899    18.8493    14.5314    6.15212    8.79199    270.818    7.20057   10.29034  0.000e+00
        513      1.041      1.509   3077.507   7229.245     8.7813   2.134776     3.0586     0.0073     0.1880     0.0085     3.0586     2.0310      1.032    19.1259    14.7464    6.14660    8.78411    270.518    7.18671   10.27053  0.000e+00
        514      1.130      1.639   3077.570   7255.121     8.7823   2.153062     3.0598     0.0073     0.2173     0.0098     3.0598     2.5268      1.121    19.3045    14.8855    6.14259    8.77838    270.305    7.17833   10.25856  0.000e+00
        515      1.264      1.833   3078.013   7310.686     8.7889   2.192552     3.0635     0.0073     0.2027     0.0098     3.0635     2.2789      1.254    19.6881    15.1840    6.13594    8.76887    269.932    7.15960   10.23179  0.000e+00
        516      1.354      1.963   3079.530   7426.158     8.8117   2.275594     3.0672     0.0073     0.1868     0.0085     3.0672     2.0103      1.342    20.4922    15.8083    6.11061    8.73268    268.653    7.11906   10.17385  0.000e+00
        517      1.488      2.158   3085.033   7442.218     8.8942   2.287248     3.0696     0.0073     0.2247     0.0085     3.0696     2.6508      1.475    20.5593    15.8502    6.10325    8.72215    268.318    7.10244   10.15009  0.000e+00
        518      1.622      2.352   3086.234   7469.577     8.9123   2.307160     3.0720     0.0073     0.1868     0.0085     3.0720     2.0103      1.608    20.7447    15.9926    6.09981    8.71724    268.130    7.09106   10.13383  0.000e+00
        519      1.711      2.482   3088.005   7505.680     8.9388   2.333549     3.0733     0.0073     0.1905     0.0085     3.0733     2.0723      1.697    20.9890    16.1797    6.08989    8.70306    267.644    7.07565   10.11181  0.000e+00
        520      1.845      2.677   3090.598   7526.420     8.9776   2.348767     3.0745     0.0073     0.2125     0.0098     3.0745     2.4442      1.830    21.1159    16.2737    6.08297    8.69317    267.315    7.06358   10.09456  0.000e+00
        521      1.935      2.806   3092.937   7603.591     9.0126   2.405765     3.0733     0.0061     0.1929     0.0085     3.0733     2.1136      1.919    21.6567    16.6909    6.05443    8.65238    265.952    7.03351   10.05159  0.000e+00
        522      2.069      3.001   3098.186   7665.720     9.0911   2.452081     3.0745     0.0073     0.1954     0.0098     3.0745     2.1549      2.052    22.0656    16.9994    6.03151    8.61963    264.865    7.00250   10.00727  0.000e+00
        523      2.203      3.195   3105.206   7713.600     9.1959   2.488035     3.0757     0.0073     0.1880     0.0085     3.0757     2.0310      2.185    22.3551    17.2111    6.00990    8.58875    263.861    6.97279    9.96481  0.000e+00
        524      2.337      3.390   3111.340   7766.099     9.2874   2.527718     3.0855     0.0073     0.1807     0.0085     3.0855     1.9070      2.318    22.6885    17.4586    6.00928    8.58787    263.769    6.94342    9.92284  0.000e+00
        525      2.427      3.520   3113.806   7897.607     9.3241   2.628322     3.0891     0.0073     0.1770     0.0085     3.0891     1.8450      2.406    23.6578    18.2090    5.97646    8.54096    262.136    6.89481    9.85337  0.000e+00
        526      2.561      3.714   3123.039   8193.835     9.4615   2.861207     3.0952     0.0073     0.1807     0.0085     3.0952     1.9070      2.539    25.8750    19.9177    5.88996    8.41734    257.909    6.77682    9.68475  0.000e+00
