unitTesting/processed_seabird_noalign/ORCA1_CAST0031.cnv
* Sea-Bird SBE 19 Data File:
* FileName =
* Software Version 4.234
* Temperature SN = 2835
* Conductivity SN = 2835
* System UpLoad Time = Wed Jan 26 18:03:03 2005

** Ship: ORCA
** Cruise: Mooring
** Station: Twanoh
** Latitude: 47 22.5
** Longitude: 123 0.5
# nquan = 22
# nvalues = 901                                   
# units = specified
# name 0 = scan: Scan Count
# name 1 = prSM: Pressure, Strain Gauge [db]
# name 2 = prSE: Pressure, Strain Gauge [psi]
# name 3 = f0: Frequency 0
# name 4 = f1: Frequency 1
# name 5 = t090C: Temperature [ITS-90, deg C]
# name 6 = c0S/m: Conductivity [S/m]
# name 7 = v0: Voltage 0
# name 8 = v1: Voltage 1
# name 9 = v2: Voltage 2
# name 10 = v3: Voltage 3
# name 11 = sbeox0V: Oxygen raw, SBE 43 [V]
# name 12 = wetStar: Fluorescence, WET Labs WETstar [mg/m^3]
# name 13 = depSM: Depth [salt water, m], lat = 47.28
# name 14 = sal00: Salinity, Practical [PSU]
# name 15 = sigma-t00: Density [sigma-t, Kg/m^3 ]
# name 16 = sbeox0ML/L: Oxygen, SBE 43 [ml/l]
# name 17 = sbeox0Mg/L: Oxygen, SBE 43 [mg/l]
# name 18 = sbeox0Mm/Kg: Oxygen, SBE 43 [umol/Kg]
# name 19 = oxsatML/L: Oxygen Saturation, Weiss [ml/l]
# name 20 = oxsatMg/L: Oxygen Saturation, Weiss [mg/l]
# name 21 = flag:  0.000e+00
# span 0 =          1,        901                 
# span 1 =      0.862,     29.672                 
# span 2 =      1.250,     43.035                 
# span 3 =   3093.566,   3233.644                 
# span 4 =   6828.581,   8905.141                 
# span 5 =     9.0220,    11.0850                 
# span 6 =   1.860083,   3.455888                 
# span 7 =     0.0000,     2.9206                 
# span 8 =     0.0000,     0.0073                 
# span 9 =     0.0000,     0.2796                 
# span 10 =     0.0000,     0.0098                
# span 11 =     0.0000,     2.9206                
# span 12 =    -1.1506,     3.5804                
# span 13 =      0.855,     29.422                
# span 14 =    16.3442,    30.4913                
# span 15 =    12.5488,    23.2552                
# span 16 =   -1.39574,    5.76856                
# span 17 =   -1.99465,    8.24385                
# span 18 =    -60.929,    254.429                
# span 19 =    6.35081,    7.27467                
# span 20 =    9.07594,   10.39622                
# span 21 = 0.0000e+00, 0.0000e+00                
# interval = seconds: 0.5
# start_time = Jan 31 2016 20:27:25 [DatCnv date, localtime]
# bad_flag = -9.990e-29
*END*
[from data line 264]
        265     19.021     27.587   3231.609   8874.488    11.0554   3.429224     1.0427     0.0061     0.1343     0.0085     1.0427     1.1220     18.862    30.2456    23.0665    0.94584    1.35170     41.289    6.36249    9.09264  0.000e+00
        266     19.021     27.587   3231.546   8874.303    11.0545   3.429063     1.0427     0.0073     0.1416     0.0085     1.0427     1.2459     18.862    30.2448    23.0660    0.94587    1.35174     41.290    6.36265    9.09286  0.000e+00
        267     19.021     27.587   3231.547   8874.865    11.0545   3.429552     1.0440     0.0073     0.1368     0.0085     1.0440     1.1633     18.862    30.2496    23.0697    0.94858    1.35561     41.408    6.36246    9.09259  0.000e+00
        268     18.976     27.522   3231.547   8874.494    11.0545   3.429229     1.0440     0.0061     0.1343     0.0085     1.0440     1.1220     18.817    30.2464    23.0673    0.94859    1.35563     41.409    6.36258    9.09277  0.000e+00
        269     19.021     27.587   3231.611   8874.496    11.0555   3.429231     1.0440     0.0061     0.1343     0.0085     1.0440     1.1220     18.862    30.2457    23.0665    0.94858    1.35562     41.409    6.36249    9.09263  0.000e+00
        270     19.021     27.587   3231.485   8874.498    11.0536   3.429233     1.0440     0.0073     0.1368     0.0085     1.0440     1.1633     18.862    30.2472    23.0680    0.94861    1.35566     41.410    6.36268    9.09290  0.000e+00
        271     19.021     27.587   3231.549   8874.500    11.0546   3.429235     1.0427     0.0061     0.1343     0.0085     1.0427     1.1220     18.862    30.2465    23.0673    0.94585    1.35172     41.289    6.36258    9.09276  0.000e+00
        272     19.021     27.587   3231.549   8874.876    11.0546   3.429561     1.0427     0.0073     0.1355     0.0085     1.0427     1.1426     18.862    30.2496    23.0698    0.94584    1.35169     41.288    6.36245    9.09258  0.000e+00
        273     19.021     27.587   3231.486   8874.878    11.0537   3.429563     1.0440     0.0073     0.1368     0.0085     1.0440     1.1633     18.862    30.2504    23.0705    0.94859    1.35563     41.409    6.36255    9.09272  0.000e+00
        274     18.976     27.522   3231.550   8874.693    11.0546   3.429402     1.0440     0.0061     0.1343     0.0085     1.0440     1.1220     18.817    30.2481    23.0686    0.94858    1.35562     41.408    6.36251    9.09267  0.000e+00
        275     18.976     27.522   3231.550   8874.882    11.0546   3.429566     1.0415     0.0073     0.1343     0.0085     1.0415     1.1220     18.817    30.2497    23.0698    0.94309    1.34777     41.169    6.36245    9.09257  0.000e+00
        276     19.021     27.587   3231.551   8874.697    11.0546   3.429406     1.0427     0.0073     0.1355     0.0085     1.0427     1.1426     18.862    30.2481    23.0686    0.94584    1.35171     41.289    6.36251    9.09266  0.000e+00
        277     19.021     27.587   3231.425   8874.699    11.0528   3.429408     1.0440     0.0073     0.1343     0.0085     1.0440     1.1220     18.862    30.2496    23.0701    0.94861    1.35566     41.410    6.36270    9.09294  0.000e+00
        278     19.021     27.587   3231.552   8874.701    11.0546   3.429409     1.0427     0.0061     0.1343     0.0085     1.0427     1.1220     18.862    30.2481    23.0686    0.94584    1.35171     41.289    6.36251    9.09266  0.000e+00
        279     19.021     27.587   3231.678   8874.703    11.0564   3.429411     1.0427     0.0073     0.1331     0.0085     1.0427     1.1013     18.862    30.2466    23.0671    0.94582    1.35167     41.288    6.36231    9.09238  0.000e+00
        280     19.021     27.587   3231.616   8874.892    11.0555   3.429575     1.0427     0.0061     0.1355     0.0085     1.0427     1.1426     18.862    30.2490    23.0691    0.94582    1.35167     41.288    6.36234    9.09243  0.000e+00
        281     19.021     27.587   3231.553   8874.894    11.0546   3.429577     1.0427     0.0073     0.1355     0.0085     1.0427     1.1426     18.862    30.2498    23.0698    0.94583    1.35169     41.288    6.36244    9.09256  0.000e+00
        282     19.021     27.587   3231.617   8874.896    11.0555   3.429579     1.0427     0.0061     0.1331     0.0085     1.0427     1.1013     18.862    30.2490    23.0691    0.94582    1.35167     41.288    6.36234    9.09242  0.000e+00
        283     19.021     27.587   3231.554   8875.085    11.0546   3.429743     1.0427     0.0073     0.1343     0.0085     1.0427     1.1220     18.862    30.2514    23.0711    0.94582    1.35168     41.288    6.36237    9.09247  0.000e+00
        284     19.021     27.587   3231.617   8874.900    11.0556   3.429582     1.0427     0.0061     0.1331     0.0085     1.0427     1.1013     18.862    30.2490    23.0691    0.94582    1.35167     41.288    6.36234    9.09242  0.000e+00
        285     19.021     27.587   3231.618   8874.903    11.0556   3.429584     1.0427     0.0073     0.1343     0.0085     1.0427     1.1220     18.862    30.2490    23.0691    0.94582    1.35167     41.288    6.36234    9.09242  0.000e+00
        286     18.976     27.522   3231.555   8874.905    11.0547   3.429586     1.0415     0.0061     0.1331     0.0085     1.0415     1.1013     18.817    30.2498    23.0699    0.94309    1.34776     41.168    6.36243    9.09255  0.000e+00
        287     19.021     27.587   3231.556   8874.720    11.0547   3.429425     1.0415     0.0073     0.1343     0.0085     1.0415     1.1220     18.862    30.2482    23.0687    0.94310    1.34778     41.169    6.36249    9.09264  0.000e+00
        288     19.021     27.587   3231.556   8882.380    11.0547   3.436080     1.0415     0.0061     0.1343     0.0085     1.0415     1.1220     18.862    30.3133    23.1192    0.94271    1.34723     41.150    6.35988    9.08891  0.000e+00
        289     18.976     27.522   3231.240   8874.350    11.0501   3.429105     1.0427     0.0073     0.1355     0.0085     1.0427     1.1426     18.817    30.2489    23.0699    0.94592    1.35182     41.292    6.36310    9.09351  0.000e+00
        290     18.887     27.393   3231.557   8874.726    11.0547   3.429431     1.0427     0.0061     0.1343     0.0085     1.0427     1.1220     18.728    30.2483    23.0687    0.94582    1.35168     41.288    6.36249    9.09263  0.000e+00
        291     18.752     27.198   3231.557   8874.354    11.0547   3.429108     1.0415     0.0073     0.1343     0.0085     1.0415     1.1220     18.595    30.2452    23.0663    0.94308    1.34776     41.168    6.36261    9.09281  0.000e+00
        292     18.663     27.068   3231.495   8873.796    11.0538   3.428623     1.0415     0.0061     0.1331     0.0085     1.0415     1.1013     18.507    30.2413    23.0634    0.94311    1.34780     41.170    6.36290    9.09322  0.000e+00
        293     18.573     26.938   3231.369   8873.798    11.0520   3.428625     1.0415     0.0073     0.1343     0.0085     1.0415     1.1220     18.418    30.2428    23.0649    0.94313    1.34782     41.170    6.36309    9.09349  0.000e+00
        294     18.439     26.744   3231.369   8873.800    11.0520   3.428627     1.0415     0.0061     0.1343     0.0085     1.0415     1.1220     18.285    30.2429    23.0650    0.94311    1.34780     41.170    6.36308    9.09348  0.000e+00
        295     18.350     26.614   3231.370   8873.802    11.0520   3.428628     1.0415     0.0073     0.1343     0.0085     1.0415     1.1220     18.196    30.2429    23.0650    0.94310    1.34778     41.169    6.36308    9.09348  0.000e+00
        296     18.215     26.419   3231.244   8873.804    11.0501   3.428630     1.0415     0.0061     0.1331     0.0085     1.0415     1.1013     18.063    30.2445    23.0665    0.94311    1.34779     41.170    6.36327    9.09375  0.000e+00
        297     18.126     26.289   3231.244   8873.432    11.0501   3.428307     1.0415     0.0073     0.1355     0.0085     1.0415     1.1426     17.974    30.2414    23.0641    0.94311    1.34780     41.170    6.36340    9.09393  0.000e+00
        298     18.036     26.160   3231.244   8873.247    11.0501   3.428147     1.0415     0.0073     0.1355     0.0085     1.0415     1.1426     17.886    30.2398    23.0629    0.94311    1.34780     41.170    6.36346    9.09402  0.000e+00
        299     17.902     25.965   3231.118   8873.249    11.0483   3.428149     1.0415     0.0073     0.1343     0.0085     1.0415     1.1220     17.752    30.2414    23.0644    0.94312    1.34781     41.170    6.36365    9.09429  0.000e+00
        300     17.813     25.835   3231.182   8872.691    11.0492   3.427664     1.0415     0.0061     0.1355     0.0085     1.0415     1.1426     17.664    30.2359    23.0600    0.94312    1.34782     41.171    6.36374    9.09442  0.000e+00
        301     17.723     25.705   3231.119   8872.132    11.0483   3.427179     1.0403     0.0073     0.1331     0.0085     1.0403     1.1013     17.575    30.2320    23.0571    0.94041    1.34394     41.052    6.36402    9.09483  0.000e+00
        302     17.544     25.446   3230.930   8871.573    11.0456   3.426693     1.0415     0.0061     0.1355     0.0085     1.0415     1.1426     17.398    30.2296    23.0557    0.94320    1.34792     41.174    6.36450    9.09551  0.000e+00
        303     17.410     25.251   3230.678   8870.827    11.0419   3.426046     1.0415     0.0073     0.1355     0.0085     1.0415     1.1426     17.264    30.2263    23.0538    0.94327    1.34803     41.177    6.36514    9.09642  0.000e+00
        304     17.321     25.121   3230.552   8870.456    11.0401   3.425724     1.0415     0.0073     0.1392     0.0085     1.0415     1.2046     17.176    30.2247    23.0528    0.94330    1.34808     41.179    6.36546    9.09688  0.000e+00
        305     17.186     24.927   3230.299   8869.336    11.0364   3.424752     1.0403     0.0073     0.1355     0.0085     1.0403     1.1426     17.043    30.2182    23.0485    0.94065    1.34429     41.063    6.36623    9.09797  0.000e+00
        306     17.142     24.862   3230.047   8868.777    11.0328   3.424267     1.0415     0.0073     0.1355     0.0098     1.0415     1.1426     16.998    30.2165    23.0478    0.94347    1.34831     41.186    6.36680    9.09880  0.000e+00
        307     17.052     24.732   3229.731   8867.283    11.0282   3.422971     1.0415     0.0073     0.1355     0.0085     1.0415     1.1426     16.910    30.2076    23.0416    0.94360    1.34850     41.192    6.36779    9.10021  0.000e+00
        308     16.918     24.537   3229.289   8866.537    11.0218   3.422323     1.0427     0.0073     0.1368     0.0085     1.0427     1.1633     16.776    30.2066    23.0420    0.94646    1.35258     41.317    6.36873    9.10155  0.000e+00
        309     16.829     24.408   3228.974   8865.416    11.0172   3.421352     1.0415     0.0073     0.1355     0.0085     1.0415     1.1426     16.688    30.2009    23.0383    0.94382    1.34882     41.202    6.36959    9.10278  0.000e+00
        310     16.694     24.213   3228.595   8863.735    11.0117   3.419893     1.0427     0.0073     0.1380     0.0085     1.0427     1.1839     16.555    30.1912    23.0317    0.94671    1.35295     41.328    6.37074    9.10443  0.000e+00
        311     16.605     24.083   3228.090   8862.240    11.0044   3.418597     1.0427     0.0073     0.1368     0.0085     1.0427     1.1633     16.466    30.1846    23.0278    0.94688    1.35319     41.336    6.37203    9.10627  0.000e+00
        312     16.515     23.953   3227.774   8863.364    10.9998   3.419572     1.0440     0.0073     0.1368     0.0085     1.0440     1.1633     16.377    30.1979    23.0390    0.94963    1.35711     41.455    6.37213    9.10641  0.000e+00
        313     16.426     23.824   3227.774   8862.618    10.9998   3.418925     1.0440     0.0073     0.1368     0.0085     1.0440     1.1633     16.288    30.1916    23.0341    0.94965    1.35715     41.457    6.37238    9.10677  0.000e+00
        314     16.336     23.694   3227.648   8861.871    10.9980   3.418278     1.0452     0.0073     0.1380     0.0085     1.0452     1.1839     16.200    30.1868    23.0306    0.95245    1.36115     41.579    6.37283    9.10741  0.000e+00
        315     16.202     23.499   3227.522   8862.061    10.9961   3.418442     1.0452     0.0073     0.1392     0.0085     1.0452     1.2046     16.067    30.1900    23.0334    0.95245    1.36114     41.579    6.37296    9.10759  0.000e+00
        316     16.113     23.369   3227.396   8859.442    10.9943   3.416172     1.0476     0.0073     0.1380     0.0085     1.0476     1.1839     15.978    30.1693    23.0176    0.95809    1.36920     41.825    6.37404    9.10914  0.000e+00
        317     16.023     23.240   3226.385   8857.198    10.9796   3.414227     1.0513     0.0073     0.1392     0.0098     1.0513     1.2046     15.889    30.1623    23.0147    0.96664    1.38143     42.199    6.37636    9.11246  0.000e+00
        318     16.023     23.240   3225.817   8854.016    10.9714   3.411470     1.0537     0.0073     0.1368     0.0085     1.0537     1.1633     15.889    30.1421    23.0004    0.97242    1.38969     42.452    6.37832    9.11526  0.000e+00
        319     15.934     23.110   3224.680   8853.081    10.9548   3.410661     1.0586     0.0073     0.1368     0.0085     1.0586     1.1633     15.800    30.1478    23.0077    0.98370    1.40580     42.944    6.38040    9.11823  0.000e+00
        320     15.800     22.915   3224.174   8853.083    10.9475   3.410663     1.0623     0.0061     0.1355     0.0085     1.0623     1.1426     15.667    30.1539    23.0136    0.99203    1.41772     43.308    6.38117    9.11934  0.000e+00
        321     15.665     22.721   3224.111   8850.650    10.9466   3.408555     1.0684     0.0073     0.1368     0.0085     1.0684     1.1633     15.534    30.1340    22.9984    1.00590    1.43753     43.914    6.38210    9.12066  0.000e+00
        322     15.576     22.591   3223.669   8849.340    10.9402   3.407421     1.0720     0.0073     0.1355     0.0085     1.0720     1.1426     15.446    30.1282    22.9949    1.01430    1.44954     44.281    6.38323    9.12227  0.000e+00
        323     15.486     22.461   3223.101   8846.155    10.9319   3.404665     1.0769     0.0073     0.1368     0.0085     1.0769     1.1633     15.357    30.1080    22.9806    1.02559    1.46567     44.774    6.38519    9.12508  0.000e+00
        324     15.397     22.331   3222.216   8845.407    10.9190   3.404018     1.0806     0.0061     0.1355     0.0085     1.0806     1.1426     15.268    30.1122    22.9861    1.03407    1.47779     45.144    6.38682    9.12740  0.000e+00
        325     15.263     22.137   3221.964   8845.034    10.9154   3.403695     1.0855     0.0073     0.1368     0.0085     1.0855     1.1633     15.135    30.1121    22.9867    1.04513    1.49360     45.627    6.38733    9.12814  0.000e+00
        326     15.173     22.007   3221.901   8843.911    10.9145   3.402723     1.0916     0.0073     0.1368     0.0085     1.0916     1.1633     15.046    30.1034    22.9800    1.05895    1.51334     46.230    6.38781    9.12882  0.000e+00
        327     15.129     21.942   3221.712   8842.976    10.9117   3.401914     1.0989     0.0073     0.1368     0.0085     1.0989     1.1633     15.002    30.0977    22.9761    1.07555    1.53706     46.955    6.38842    9.12970  0.000e+00
        328     15.039     21.812   3221.396   8842.790    10.9071   3.401753     1.1062     0.0061     0.1355     0.0085     1.1062     1.1426     14.913    30.0999    22.9786    1.09212    1.56075     47.679    6.38898    9.13048  0.000e+00
        329     14.950     21.683   3221.144   8842.042    10.9035   3.401106     1.1148     0.0073     0.1368     0.0085     1.1148     1.1633     14.825    30.0966    22.9767    1.11147    1.58841     48.524    6.38962    9.13141  0.000e+00
