unitTesting/processed_seabird_noalign/ORCA1_CAST0049.cnv
* Sea-Bird SBE 19 Data File:
* FileName =
* Software Version 4.234
* Temperature SN = 2835
* Conductivity SN = 2835
* System UpLoad Time = Mon Jan 31 06:13:00 2005

** Ship: ORCA
** Cruise: Mooring
** Station: Twanoh
** Latitude: 47 22.5
** Longitude: 123 0.5
# nquan = 22
# nvalues = 932                                   
# units = specified
# name 0 = scan: Scan Count
# name 1 = prSM: Pressure, Strain Gauge [db]
# name 2 = prSE: Pressure, Strain Gauge [psi]
# name 3 = f0: Frequency 0
# name 4 = f1: Frequency 1
# name 5 = t090C: Temperature [ITS-90, deg C]
# name 6 = c0S/m: Conductivity [S/m]
# name 7 = v0: Voltage 0
# name 8 = v1: Voltage 1
# name 9 = v2: Voltage 2
# name 10 = v3: Voltage 3
# name 11 = sbeox0V: Oxygen raw, SBE 43 [V]
# name 12 = wetStar: Fluorescence, WET Labs WETstar [mg/m^3]
# name 13 = depSM: Depth [salt water, m], lat = 47.28
# name 14 = sal00: Salinity, Practical [PSU]
# name 15 = sigma-t00: Density [sigma-t, Kg/m^3 ]
# name 16 = sbeox0ML/L: Oxygen, SBE 43 [ml/l]
# name 17 = sbeox0Mg/L: Oxygen, SBE 43 [mg/l]
# name 18 = sbeox0Mm/Kg: Oxygen, SBE 43 [umol/Kg]
# name 19 = oxsatML/L: Oxygen Saturation, Weiss [ml/l]
# name 20 = oxsatMg/L: Oxygen Saturation, Weiss [mg/l]
# name 21 = flag:  0.000e+00
# span 0 =          1,        932                 
# span 1 =      0.906,     29.582                 
# span 2 =      1.315,     42.905                 
# span 3 =   3100.212,   3227.843                 
# span 4 =   7479.576,   8903.377                 
# span 5 =     9.1214,    11.0008                 
# span 6 =   2.314454,   3.454353                 
# span 7 =     0.0000,     2.7363                 
# span 8 =     0.0000,     0.0073                 
# span 9 =     0.0000,     0.2821                 
# span 10 =     0.0000,     0.0098                
# span 11 =     0.0000,     2.7363                
# span 12 =    -1.1506,     3.6217                
# span 13 =      0.899,     29.334                
# span 14 =    20.6917,    30.5867                
# span 15 =    15.9234,    23.3522                
# span 16 =   -1.39818,    5.21058                
# span 17 =   -1.99814,    7.44643                
# span 18 =    -61.035,    228.978                
# span 19 =    6.36539,    7.05896                
# span 20 =    9.09678,   10.08795                
# span 21 = 0.0000e+00, 0.0000e+00                
# interval = seconds: 0.5
# start_time = Jan 31 2016 20:27:40 [DatCnv date, localtime]
# bad_flag = -9.990e-29
*END*
[from data line 659]
        660     17.321     25.121   3225.038   8877.972    10.9600   3.432251     1.1929     0.0073     0.1404     0.0098     1.1929     1.2253     17.176    30.3546    23.1676    1.28439    1.83552     56.062    6.37136    9.10530  0.000e+00
        661     17.455     25.316   3225.038   8878.345    10.9600   3.432574     1.1941     0.0073     0.1404     0.0085     1.1941     1.2253     17.309    30.3577    23.1700    1.28713    1.83943     56.181    6.37123    9.10512  0.000e+00
        662     17.500     25.381   3225.101   8878.904    10.9610   3.433060     1.1941     0.0061     0.1416     0.0085     1.1941     1.2459     17.353    30.3617    23.1729    1.28708    1.83936     56.179    6.37094    9.10471  0.000e+00
        663     17.723     25.705   3225.101   8879.277    10.9610   3.433384     1.1966     0.0073     0.1416     0.0085     1.1966     1.2459     17.575    30.3648    23.1753    1.29258    1.84723     56.419    6.37082    9.10454  0.000e+00
        664     17.858     25.900   3225.165   8880.396    10.9619   3.434356     1.1954     0.0073     0.1416     0.0085     1.1954     1.2459     17.708    30.3735    23.1820    1.28977    1.84320     56.296    6.37034    9.10385  0.000e+00
        665     17.902     25.965   3225.165   8880.395    10.9619   3.434355     1.1978     0.0073     0.1416     0.0085     1.1978     1.2459     17.752    30.3735    23.1819    1.29526    1.85106     56.536    6.37034    9.10385  0.000e+00
        666     18.036     26.160   3225.038   8880.581    10.9601   3.434517     1.1966     0.0073     0.1416     0.0085     1.1966     1.2459     17.886    30.3765    23.1846    1.29256    1.84720     56.418    6.37047    9.10404  0.000e+00
        667     18.171     26.354   3224.849   8881.140    10.9573   3.435003     1.1990     0.0073     0.1392     0.0085     1.1990     1.2046     18.019    30.3835    23.1905    1.29809    1.85510     56.659    6.37057    9.10419  0.000e+00
        668     18.260     26.484   3224.723   8881.326    10.9555   3.435164     1.1990     0.0073     0.1416     0.0085     1.1990     1.2459     18.107    30.3866    23.1932    1.29813    1.85516     56.660    6.37071    9.10438  0.000e+00
        669     18.350     26.614   3224.723   8881.325    10.9555   3.435163     1.2015     0.0061     0.1404     0.0085     1.2015     1.2253     18.196    30.3866    23.1932    1.30364    1.86303     56.901    6.37071    9.10438  0.000e+00
        670     18.484     26.809   3224.849   8881.510    10.9573   3.435325     1.2015     0.0073     0.1404     0.0085     1.2015     1.2253     18.329    30.3866    23.1929    1.30361    1.86299     56.900    6.37045    9.10401  0.000e+00
        671     18.618     27.003   3224.849   8881.696    10.9573   3.435486     1.2027     0.0073     0.1416     0.0085     1.2027     1.2459     18.462    30.3881    23.1941    1.30637    1.86693     57.020    6.37039    9.10393  0.000e+00
        672     18.708     27.133   3224.849   8881.695    10.9573   3.435485     1.2051     0.0073     0.1416     0.0085     1.2051     1.2459     18.551    30.3880    23.1940    1.31187    1.87480     57.260    6.37039    9.10393  0.000e+00
        673     18.797     27.263   3224.849   8881.694    10.9573   3.435484     1.2051     0.0061     0.1429     0.0085     1.2051     1.2666     18.640    30.3880    23.1940    1.31189    1.87482     57.261    6.37039    9.10393  0.000e+00
        674     18.931     27.458   3224.850   8882.066    10.9573   3.435808     1.2076     0.0073     0.1416     0.0085     1.2076     1.2459     18.773    30.3911    23.1964    1.31738    1.88266     57.500    6.37027    9.10375  0.000e+00
        675     19.021     27.587   3224.850   8882.065    10.9573   3.435807     1.2088     0.0061     0.1404     0.0085     1.2088     1.2253     18.862    30.3911    23.1964    1.32014    1.88661     57.621    6.37027    9.10375  0.000e+00
        676     19.110     27.717   3224.850   8882.251    10.9573   3.435968     1.2100     0.0073     0.1404     0.0098     1.2100     1.2253     18.950    30.3926    23.1976    1.32288    1.89053     57.741    6.37021    9.10366  0.000e+00
        677     19.244     27.912   3224.850   8882.249    10.9573   3.435967     1.2112     0.0061     0.1392     0.0085     1.2112     1.2046     19.083    30.3926    23.1975    1.32565    1.89449     57.861    6.37021    9.10367  0.000e+00
        678     19.379     28.106   3224.850   8882.248    10.9573   3.435966     1.2137     0.0073     0.1392     0.0085     1.2137     1.2046     19.216    30.3925    23.1975    1.33117    1.90237     58.102    6.37021    9.10367  0.000e+00
        679     19.468     28.236   3224.787   8882.621    10.9564   3.436290     1.2149     0.0073     0.1392     0.0085     1.2149     1.2046     19.305    30.3964    23.2007    1.33392    1.90631     58.222    6.37018    9.10363  0.000e+00
        680     19.558     28.366   3224.850   8882.806    10.9573   3.436451     1.2161     0.0073     0.1380     0.0085     1.2161     1.1839     19.394    30.3972    23.2011    1.33665    1.91021     58.341    6.37002    9.10340  0.000e+00
        681     19.692     28.561   3224.850   8882.992    10.9573   3.436613     1.2186     0.0073     0.1392     0.0085     1.2186     1.2046     19.527    30.3987    23.2023    1.34215    1.91807     58.581    6.36996    9.10331  0.000e+00
        682     19.826     28.755   3224.913   8883.364    10.9582   3.436936     1.2186     0.0073     0.1392     0.0085     1.2186     1.2046     19.660    30.4011    23.2040    1.34213    1.91804     58.580    6.36974    9.10300  0.000e+00
        683     19.916     28.885   3224.850   8883.550    10.9573   3.437098     1.2210     0.0073     0.1392     0.0085     1.2210     1.2046     19.749    30.4034    23.2060    1.34764    1.92591     58.821    6.36977    9.10304  0.000e+00
        684     20.005     29.015   3224.914   8883.735    10.9582   3.437259     1.2210     0.0061     0.1392     0.0085     1.2210     1.2046     19.838    30.4042    23.2064    1.34763    1.92589     58.820    6.36962    9.10282  0.000e+00
        685     20.139     29.210   3224.914   8884.854    10.9582   3.438232     1.2210     0.0073     0.1380     0.0085     1.2210     1.1839     19.971    30.4136    23.2138    1.34757    1.92581     58.817    6.36923    9.10227  0.000e+00
        686     20.274     29.404   3224.914   8885.787    10.9582   3.439042     1.2234     0.0073     0.1380     0.0085     1.2234     1.1839     20.104    30.4215    23.2199    1.35302    1.93359     59.054    6.36892    9.10182  0.000e+00
        687     20.363     29.534   3224.851   8885.972    10.9573   3.439203     1.2247     0.0073     0.1380     0.0085     1.2247     1.1839     20.193    30.4238    23.2219    1.35578    1.93755     59.175    6.36895    9.10187  0.000e+00
        688     20.542     29.794   3224.977   8886.344    10.9592   3.439527     1.2247     0.0073     0.1392     0.0085     1.2247     1.2046     20.370    30.4254    23.2228    1.35575    1.93750     59.174    6.36863    9.10141  0.000e+00
        689     20.676     29.988   3224.914   8886.530    10.9583   3.439688     1.2247     0.0073     0.1380     0.0085     1.2247     1.1839     20.503    30.4277    23.2247    1.35578    1.93755     59.175    6.36867    9.10146  0.000e+00
        690     20.766     30.118   3225.041   8886.902    10.9601   3.440012     1.2271     0.0073     0.1368     0.0085     1.2271     1.1633     20.592    30.4293    23.2257    1.36122    1.94532     59.412    6.36835    9.10101  0.000e+00
        691     20.855     30.248   3224.978   8887.088    10.9592   3.440173     1.2259     0.0073     0.1368     0.0085     1.2259     1.1633     20.681    30.4316    23.2276    1.35850    1.94143     59.293    6.36838    9.10106  0.000e+00
        692     20.945     30.378   3225.167   8887.087    10.9619   3.440172     1.2283     0.0061     0.1392     0.0085     1.2283     1.2046     20.769    30.4293    23.2253    1.36395    1.94922     59.531    6.36809    9.10064  0.000e+00
        693     21.034     30.508   3225.041   8886.899    10.9601   3.440009     1.2295     0.0073     0.1380     0.0085     1.2295     1.1839     20.858    30.4292    23.2256    1.36676    1.95324     59.654    6.36835    9.10101  0.000e+00
        694     21.168     30.702   3224.978   8887.084    10.9592   3.440170     1.2295     0.0061     0.1355     0.0085     1.2295     1.1426     20.991    30.4315    23.2275    1.36679    1.95328     59.655    6.36839    9.10106  0.000e+00
        695     21.303     30.897   3224.915   8887.083    10.9583   3.440170     1.2295     0.0073     0.1380     0.0085     1.2295     1.1839     21.124    30.4322    23.2282    1.36684    1.95334     59.657    6.36849    9.10121  0.000e+00
        696     21.347     30.962   3225.104   8887.269    10.9610   3.440331     1.2295     0.0061     0.1392     0.0085     1.2295     1.2046     21.169    30.4315    23.2272    1.36677    1.95326     59.654    6.36813    9.10070  0.000e+00
        697     21.482     31.157   3225.041   8887.268    10.9601   3.440330     1.2320     0.0073     0.1392     0.0098     1.2320     1.2046     21.302    30.4322    23.2279    1.37231    1.96116     59.896    6.36823    9.10084  0.000e+00
        698     21.571     31.286   3225.105   8887.640    10.9610   3.440654     1.2332     0.0061     0.1368     0.0085     1.2332     1.1633     21.390    30.4345    23.2296    1.37502    1.96504     60.014    6.36801    9.10052  0.000e+00
        699     21.661     31.416   3225.168   8887.639    10.9619   3.440653     1.2357     0.0073     0.1368     0.0098     1.2357     1.1633     21.479    30.4337    23.2288    1.38051    1.97288     60.254    6.36791    9.10039  0.000e+00
        700     21.750     31.546   3225.168   8887.638    10.9619   3.440652     1.2369     0.0073     0.1380     0.0085     1.2369     1.1839     21.568    30.4337    23.2287    1.38327    1.97683     60.374    6.36792    9.10039  0.000e+00
        701     21.884     31.741   3225.042   8887.823    10.9601   3.440813     1.2393     0.0073     0.1380     0.0085     1.2393     1.1839     21.701    30.4367    23.2314    1.38881    1.98475     60.616    6.36805    9.10058  0.000e+00
        702     21.929     31.806   3225.042   8887.635    10.9601   3.440650     1.2405     0.0073     0.1368     0.0085     1.2405     1.1633     21.745    30.4351    23.2302    1.39158    1.98870     60.737    6.36811    9.10067  0.000e+00
        703     22.063     32.000   3224.979   8887.634    10.9592   3.440649     1.2430     0.0061     0.1380     0.0085     1.2430     1.1839     21.879    30.4358    23.2309    1.39711    1.99661     60.978    6.36821    9.10081  0.000e+00
        704     22.153     32.130   3224.979   8887.820    10.9592   3.440810     1.2442     0.0073     0.1392     0.0085     1.2442     1.2046     21.967    30.4374    23.2321    1.39986    2.00054     61.098    6.36815    9.10072  0.000e+00
        705     22.242     32.260   3225.042   8888.192    10.9601   3.441134     1.2454     0.0073     0.1368     0.0085     1.2454     1.1633     22.056    30.4397    23.2338    1.40257    2.00442     61.217    6.36793    9.10040  0.000e+00
        706     22.332     32.390   3225.042   8888.191    10.9601   3.441133     1.2466     0.0073     0.1368     0.0098     1.2466     1.1633     22.145    30.4397    23.2337    1.40534    2.00837     61.337    6.36793    9.10041  0.000e+00
        707     22.466     32.584   3224.979   8888.376    10.9592   3.441294     1.2479     0.0073     0.1355     0.0085     1.2479     1.1426     22.278    30.4420    23.2357    1.40811    2.01233     61.458    6.36796    9.10046  0.000e+00
        708     22.556     32.714   3225.169   8888.375    10.9619   3.441293     1.2491     0.0073     0.1368     0.0085     1.2491     1.1633     22.367    30.4396    23.2334    1.41082    2.01620     61.576    6.36767    9.10004  0.000e+00
        709     22.645     32.844   3225.042   8888.747    10.9601   3.441617     1.2515     0.0073     0.1368     0.0085     1.2515     1.1633     22.455    30.4443    23.2373    1.41633    2.02408     61.817    6.36774    9.10014  0.000e+00
        710     22.735     32.974   3225.043   8888.746    10.9601   3.441616     1.2515     0.0073     0.1368     0.0085     1.2515     1.1633     22.544    30.4443    23.2373    1.41635    2.02411     61.818    6.36774    9.10014  0.000e+00
        711     22.869     33.169   3224.916   8888.558    10.9583   3.441453     1.2540     0.0073     0.1368     0.0085     1.2540     1.1633     22.677    30.4441    23.2375    1.42192    2.03207     62.061    6.36800    9.10052  0.000e+00
        712     22.958     33.298   3224.979   8888.744    10.9592   3.441614     1.2540     0.0073     0.1355     0.0085     1.2540     1.1426     22.766    30.4449    23.2379    1.42191    2.03205     62.060    6.36785    9.10029  0.000e+00
        713     23.093     33.493   3225.043   8888.743    10.9601   3.441613     1.2552     0.0073     0.1343     0.0085     1.2552     1.1220     22.899    30.4441    23.2371    1.42466    2.03598     62.180    6.36775    9.10015  0.000e+00
        714     23.137     33.558   3225.043   8888.742    10.9601   3.441612     1.2552     0.0073     0.1355     0.0085     1.2552     1.1426     22.943    30.4441    23.2371    1.42467    2.03599     62.181    6.36775    9.10015  0.000e+00
        715     23.272     33.753   3224.980   8888.554    10.9592   3.441449     1.2576     0.0073     0.1355     0.0085     1.2576     1.1426     23.077    30.4432    23.2366    1.43022    2.04392     62.423    6.36791    9.10039  0.000e+00
        716     23.451     34.012   3224.917   8888.926    10.9583   3.441773     1.2576     0.0073     0.1355     0.0085     1.2576     1.1426     23.254    30.4470    23.2397    1.43024    2.04396     62.424    6.36789    9.10035  0.000e+00
        717     23.540     34.142   3224.917   8888.925    10.9583   3.441772     1.2576     0.0061     0.1368     0.0085     1.2576     1.1633     23.343    30.4470    23.2397    1.43026    2.04399     62.425    6.36789    9.10035  0.000e+00
        718     23.674     34.337   3224.980   8889.110    10.9592   3.441933     1.2613     0.0073     0.1343     0.0085     1.2613     1.1220     23.476    30.4477    23.2401    1.43849    2.05574     62.784    6.36773    9.10012  0.000e+00
        719     23.764     34.467   3224.980   8888.923    10.9592   3.441770     1.2601     0.0061     0.1355     0.0085     1.2601     1.1426     23.565    30.4461    23.2389    1.43578    2.05187     62.665    6.36780    9.10022  0.000e+00
        720     23.853     34.596   3224.917   8889.108    10.9583   3.441931     1.2625     0.0073     0.1355     0.0085     1.2625     1.1426     23.653    30.4484    23.2408    1.44129    2.05975     62.906    6.36783    9.10027  0.000e+00
        721     23.943     34.726   3224.917   8889.107    10.9583   3.441930     1.2637     0.0061     0.1355     0.0085     1.2637     1.1426     23.742    30.4484    23.2408    1.44405    2.06370     63.027    6.36783    9.10027  0.000e+00
        722     24.032     34.856   3224.854   8889.293    10.9574   3.442092     1.2637     0.0073     0.1355     0.0085     1.2637     1.1426     23.831    30.4507    23.2427    1.44408    2.06373     63.027    6.36787    9.10032  0.000e+00
        723     24.167     35.051   3224.854   8888.918    10.9574   3.441766     1.2650     0.0073     0.1380     0.0085     1.2650     1.1839     23.964    30.4474    23.2402    1.44688    2.06773     63.150    6.36800    9.10050  0.000e+00
        724     24.256     35.181   3224.917   8888.917    10.9583   3.441765     1.2650     0.0061     0.1343     0.0085     1.2650     1.1220     24.053    30.4466    23.2394    1.44688    2.06773     63.150    6.36790    9.10037  0.000e+00
