unitTesting/processed_seabird_noalign/ORCA1_CAST0031.cnv
* Sea-Bird SBE 19 Data File:
* FileName =
* Software Version 4.234
* Temperature SN = 2835
* Conductivity SN = 2835
* System UpLoad Time = Wed Jan 26 18:03:03 2005

** Ship: ORCA
** Cruise: Mooring
** Station: Twanoh
** Latitude: 47 22.5
** Longitude: 123 0.5
# nquan = 22
# nvalues = 901                                   
# units = specified
# name 0 = scan: Scan Count
# name 1 = prSM: Pressure, Strain Gauge [db]
# name 2 = prSE: Pressure, Strain Gauge [psi]
# name 3 = f0: Frequency 0
# name 4 = f1: Frequency 1
# name 5 = t090C: Temperature [ITS-90, deg C]
# name 6 = c0S/m: Conductivity [S/m]
# name 7 = v0: Voltage 0
# name 8 = v1: Voltage 1
# name 9 = v2: Voltage 2
# name 10 = v3: Voltage 3
# name 11 = sbeox0V: Oxygen raw, SBE 43 [V]
# name 12 = wetStar: Fluorescence, WET Labs WETstar [mg/m^3]
# name 13 = depSM: Depth [salt water, m], lat = 47.28
# name 14 = sal00: Salinity, Practical [PSU]
# name 15 = sigma-t00: Density [sigma-t, Kg/m^3 ]
# name 16 = sbeox0ML/L: Oxygen, SBE 43 [ml/l]
# name 17 = sbeox0Mg/L: Oxygen, SBE 43 [mg/l]
# name 18 = sbeox0Mm/Kg: Oxygen, SBE 43 [umol/Kg]
# name 19 = oxsatML/L: Oxygen Saturation, Weiss [ml/l]
# name 20 = oxsatMg/L: Oxygen Saturation, Weiss [mg/l]
# name 21 = flag:  0.000e+00
# span 0 =          1,        901                 
# span 1 =      0.862,     29.672                 
# span 2 =      1.250,     43.035                 
# span 3 =   3093.566,   3233.644                 
# span 4 =   6828.581,   8905.141                 
# span 5 =     9.0220,    11.0850                 
# span 6 =   1.860083,   3.455888                 
# span 7 =     0.0000,     2.9206                 
# span 8 =     0.0000,     0.0073                 
# span 9 =     0.0000,     0.2796                 
# span 10 =     0.0000,     0.0098                
# span 11 =     0.0000,     2.9206                
# span 12 =    -1.1506,     3.5804                
# span 13 =      0.855,     29.422                
# span 14 =    16.3442,    30.4913                
# span 15 =    12.5488,    23.2552                
# span 16 =   -1.39574,    5.76856                
# span 17 =   -1.99465,    8.24385                
# span 18 =    -60.929,    254.429                
# span 19 =    6.35081,    7.27467                
# span 20 =    9.07594,   10.39622                
# span 21 = 0.0000e+00, 0.0000e+00                
# interval = seconds: 0.5
# start_time = Jan 31 2016 20:27:25 [DatCnv date, localtime]
# bad_flag = -9.990e-29
*END*
[from data line 659]
        660     20.095     29.145   3231.505   8875.339    11.0539   3.429964     1.1441     0.0073     0.1368     0.0085     1.1441     1.1633     19.926    30.2537    23.0730    1.17355    1.67711     51.229    6.36238    9.09247  0.000e+00
        661     20.274     29.404   3231.569   8875.339    11.0549   3.429963     1.1343     0.0073     0.1368     0.0085     1.1343     1.1633     20.104    30.2528    23.0722    1.15162    1.64578     50.272    6.36228    9.09234  0.000e+00
        662     20.318     29.469   3231.569   8875.152    11.0549   3.429801     1.1270     0.0073     0.1355     0.0085     1.1270     1.1426     20.148    30.2512    23.0710    1.13519    1.62230     49.554    6.36235    9.09243  0.000e+00
        663     20.542     29.794   3231.569   8875.899    11.0549   3.430450     1.1197     0.0073     0.1355     0.0085     1.1197     1.1426     20.370    30.2575    23.0758    1.11873    1.59877     48.835    6.36210    9.09207  0.000e+00
        664     20.632     29.924   3231.569   8875.711    11.0549   3.430287     1.1148     0.0061     0.1380     0.0085     1.1148     1.1839     20.459    30.2559    23.0746    1.10778    1.58313     48.358    6.36216    9.09217  0.000e+00
        665     20.766     30.118   3231.569   8875.711    11.0549   3.430287     1.1099     0.0073     0.1380     0.0085     1.1099     1.1839     20.592    30.2558    23.0745    1.09683    1.56749     47.880    6.36216    9.09217  0.000e+00
        666     20.855     30.248   3231.632   8875.711    11.0558   3.430286     1.1050     0.0073     0.1355     0.0085     1.1050     1.1426     20.681    30.2550    23.0737    1.08586    1.55181     47.401    6.36207    9.09203  0.000e+00
        667     20.945     30.378   3231.569   8876.084    11.0549   3.430611     1.1013     0.0073     0.1368     0.0085     1.1013     1.1633     20.769    30.2589    23.0769    1.07764    1.54006     47.042    6.36204    9.09199  0.000e+00
        668     21.079     30.572   3231.569   8876.083    11.0549   3.430610     1.0940     0.0061     0.1343     0.0085     1.0940     1.1220     20.902    30.2589    23.0769    1.06121    1.51658     46.325    6.36204    9.09199  0.000e+00
        669     21.213     30.767   3231.569   8876.083    11.0549   3.430610     1.0904     0.0073     0.1343     0.0085     1.0904     1.1220     21.036    30.2588    23.0768    1.05300    1.50485     45.966    6.36204    9.09200  0.000e+00
        670     21.258     30.832   3231.696   8876.083    11.0567   3.430610     1.0855     0.0073     0.1343     0.0085     1.0855     1.1220     21.080    30.2573    23.0753    1.04201    1.48914     45.487    6.36185    9.09172  0.000e+00
        671     21.392     31.027   3231.822   8876.082    11.0585   3.430609     1.0842     0.0073     0.1343     0.0085     1.0842     1.1220     21.213    30.2557    23.0738    1.03926    1.48521     45.367    6.36166    9.09145  0.000e+00
        672     21.482     31.157   3231.822   8876.456    11.0585   3.430933     1.0806     0.0073     0.1355     0.0085     1.0806     1.1426     21.302    30.2588    23.0762    1.03103    1.47344     45.007    6.36153    9.09127  0.000e+00
        673     21.571     31.286   3231.696   8876.642    11.0567   3.431095     1.0769     0.0061     0.1343     0.0085     1.0769     1.1220     21.390    30.2619    23.0789    1.02283    1.46173     44.649    6.36167    9.09146  0.000e+00
        674     21.661     31.416   3231.759   8876.642    11.0576   3.431095     1.0745     0.0073     0.1343     0.0085     1.0745     1.1220     21.479    30.2611    23.0781    1.01734    1.45389     44.410    6.36157    9.09132  0.000e+00
        675     21.750     31.546   3231.696   8876.828    11.0567   3.431257     1.0733     0.0073     0.1355     0.0085     1.0733     1.1426     21.568    30.2634    23.0801    1.01462    1.44999     44.291    6.36160    9.09137  0.000e+00
        676     21.884     31.741   3231.949   8876.828    11.0604   3.431257     1.0696     0.0073     0.1368     0.0085     1.0696     1.1633     21.701    30.2603    23.0771    1.00635    1.43818     43.930    6.36122    9.09082  0.000e+00
        677     21.974     31.870   3231.886   8877.201    11.0594   3.431581     1.0696     0.0073     0.1355     0.0085     1.0696     1.1426     21.790    30.2642    23.0802    1.00636    1.43819     43.930    6.36119    9.09078  0.000e+00
        678     22.063     32.000   3231.949   8877.387    11.0604   3.431743     1.0672     0.0061     0.1404     0.0085     1.0672     1.2253     21.879    30.2650    23.0807    1.00086    1.43033     43.690    6.36103    9.09055  0.000e+00
        679     22.198     32.195   3231.949   8877.574    11.0604   3.431905     1.0672     0.0073     0.1368     0.0085     1.0672     1.1633     22.012    30.2665    23.0819    1.00087    1.43035     43.690    6.36097    9.09046  0.000e+00
        680     22.287     32.325   3232.139   8877.573    11.0631   3.431904     1.0647     0.0073     0.1392     0.0085     1.0647     1.2046     22.100    30.2642    23.0796    0.99536    1.42247     43.450    6.36068    9.09005  0.000e+00
        681     22.421     32.519   3232.139   8877.947    11.0631   3.432229     1.0623     0.0073     0.1331     0.0085     1.0623     1.1013     22.234    30.2673    23.0820    0.98987    1.41463     43.210    6.36056    9.08987  0.000e+00
        682     22.511     32.649   3232.012   8878.320    11.0613   3.432553     1.0635     0.0073     0.1343     0.0085     1.0635     1.1220     22.322    30.2720    23.0860    0.99264    1.41857     43.331    6.36062    9.08997  0.000e+00
        683     22.600     32.779   3232.076   8878.506    11.0622   3.432715     1.0598     0.0073     0.1343     0.0085     1.0598     1.1220     22.411    30.2728    23.0864    0.98440    1.40680     42.971    6.36047    9.08974  0.000e+00
        684     22.690     32.909   3232.139   8878.879    11.0631   3.433039     1.0598     0.0073     0.1343     0.0098     1.0598     1.1220     22.500    30.2752    23.0881    0.98438    1.40677     42.970    6.36024    9.08942  0.000e+00
        685     22.824     33.104   3232.076   8879.439    11.0622   3.433526     1.0586     0.0061     0.1331     0.0085     1.0586     1.1013     22.633    30.2806    23.0925    0.98164    1.40286     42.850    6.36015    9.08929  0.000e+00
        686     22.958     33.298   3232.139   8879.252    11.0631   3.433363     1.0574     0.0073     0.1355     0.0085     1.0574     1.1426     22.766    30.2782    23.0905    0.97891    1.39896     42.731    6.36012    9.08925  0.000e+00
        687     23.048     33.428   3232.202   8879.812    11.0640   3.433849     1.0574     0.0061     0.1343     0.0085     1.0574     1.1220     22.855    30.2822    23.0934    0.97888    1.39891     42.730    6.35983    9.08884  0.000e+00
        688     23.137     33.558   3232.202   8879.812    11.0640   3.433849     1.0562     0.0073     0.1331     0.0085     1.0562     1.1013     22.943    30.2822    23.0934    0.97615    1.39501     42.611    6.35984    9.08884  0.000e+00
        689     23.316     33.818   3232.076   8879.624    11.0622   3.433687     1.0549     0.0073     0.1343     0.0085     1.0549     1.1220     23.121    30.2820    23.0936    0.97347    1.39118     42.494    6.36010    9.08921  0.000e+00
        690     23.451     34.012   3232.202   8879.624    11.0640   3.433686     1.0537     0.0073     0.1331     0.0085     1.0537     1.1013     23.254    30.2804    23.0921    0.97071    1.38725     42.374    6.35990    9.08894  0.000e+00
        691     23.540     34.142   3232.202   8879.624    11.0640   3.433686     1.0537     0.0073     0.1368     0.0085     1.0537     1.1633     23.343    30.2804    23.0920    0.97073    1.38727     42.374    6.35991    9.08894  0.000e+00
        692     23.674     34.337   3232.076   8879.810    11.0622   3.433848     1.0525     0.0073     0.1343     0.0085     1.0525     1.1220     23.476    30.2834    23.0947    0.96802    1.38340     42.256    6.36004    9.08913  0.000e+00
        693     23.764     34.467   3231.950   8879.810    11.0604   3.433848     1.0525     0.0073     0.1343     0.0085     1.0525     1.1220     23.565    30.2849    23.0962    0.96806    1.38345     42.257    6.36023    9.08941  0.000e+00
        694     23.898     34.661   3231.950   8880.183    11.0604   3.434172     1.0525     0.0073     0.1343     0.0085     1.0525     1.1220     23.698    30.2880    23.0986    0.96806    1.38345     42.257    6.36011    9.08923  0.000e+00
        695     23.988     34.791   3232.013   8880.182    11.0613   3.434171     1.0513     0.0073     0.1343     0.0085     1.0513     1.1220     23.787    30.2872    23.0978    0.96531    1.37953     42.138    6.36001    9.08909  0.000e+00
        696     24.077     34.921   3231.887   8880.369    11.0595   3.434333     1.0525     0.0061     0.1343     0.0085     1.0525     1.1220     23.875    30.2903    23.1005    0.96808    1.38349     42.258    6.36014    9.08928  0.000e+00
        697     24.211     35.116   3231.697   8880.929    11.0567   3.434820     1.0537     0.0073     0.1343     0.0085     1.0537     1.1220     24.008    30.2973    23.1064    0.97086    1.38745     42.379    6.36024    9.08943  0.000e+00
        698     24.346     35.310   3231.634   8882.235    11.0558   3.435955     1.0537     0.0073     0.1343     0.0085     1.0537     1.1220     24.142    30.3091    23.1157    0.97082    1.38740     42.377    6.35990    9.08893  0.000e+00
        699     24.435     35.440   3231.950   8883.729    11.0604   3.437253     1.0549     0.0073     0.1343     0.0085     1.0549     1.1220     24.230    30.3179    23.1218    0.97343    1.39113     42.491    6.35891    9.08751  0.000e+00
        700     24.525     35.570   3232.393   8885.408    11.0668   3.438713     1.0549     0.0061     0.1343     0.0085     1.0549     1.1220     24.319    30.3269    23.1277    0.97326    1.39088     42.483    6.35766    9.08573  0.000e+00
        701     24.659     35.765   3232.709   8886.341    11.0714   3.439524     1.0562     0.0073     0.1343     0.0085     1.0562     1.1220     24.452    30.3310    23.1301    0.97590    1.39466     42.598    6.35686    9.08459  0.000e+00
        702     24.748     35.895   3232.772   8886.900    11.0723   3.440011     1.0574     0.0061     0.1331     0.0085     1.0574     1.1013     24.541    30.3350    23.1330    0.97861    1.39853     42.717    6.35658    9.08418  0.000e+00
        703     24.883     36.089   3232.899   8886.713    11.0741   3.439848     1.0574     0.0073     0.1331     0.0085     1.0574     1.1013     24.674    30.3318    23.1303    0.97861    1.39853     42.717    6.35645    9.08400  0.000e+00
        704     24.972     36.219   3232.962   8886.713    11.0751   3.439848     1.0598     0.0073     0.1355     0.0085     1.0598     1.1426     24.763    30.3310    23.1295    0.98409    1.40637     42.956    6.35635    9.08386  0.000e+00
        705     25.106     36.414   3232.962   8886.899    11.0751   3.440010     1.0611     0.0061     0.1331     0.0085     1.0611     1.1013     24.896    30.3325    23.1307    0.98684    1.41030     43.076    6.35629    9.08378  0.000e+00
        706     25.196     36.544   3233.025   8886.899    11.0760   3.440009     1.0635     0.0073     0.1331     0.0085     1.0635     1.1013     24.985    30.3317    23.1299    0.99232    1.41813     43.315    6.35620    9.08364  0.000e+00
        707     25.330     36.738   3232.899   8886.898    11.0741   3.440009     1.0659     0.0073     0.1331     0.0085     1.0659     1.1013     25.118    30.3332    23.1313    0.99785    1.42603     43.557    6.35639    9.08392  0.000e+00
        708     25.420     36.868   3232.836   8887.085    11.0732   3.440171     1.0672     0.0073     0.1343     0.0085     1.0672     1.1220     25.206    30.3355    23.1333    1.00061    1.42997     43.677    6.35643    9.08397  0.000e+00
        709     25.509     36.998   3232.899   8887.084    11.0741   3.440171     1.0696     0.0073     0.1355     0.0085     1.0696     1.1426     25.295    30.3347    23.1325    1.00609    1.43781     43.916    6.35633    9.08383  0.000e+00
        710     25.643     37.193   3232.962   8887.270    11.0751   3.440332     1.0684     0.0073     0.1355     0.0085     1.0684     1.1426     25.428    30.3355    23.1330    1.00334    1.43388     43.796    6.35617    9.08361  0.000e+00
        711     25.733     37.322   3232.899   8886.897    11.0741   3.440008     1.0696     0.0073     0.1331     0.0085     1.0696     1.1013     25.517    30.3330    23.1312    1.00613    1.43786     43.918    6.35640    9.08393  0.000e+00
        712     25.822     37.452   3232.962   8887.083    11.0751   3.440170     1.0696     0.0073     0.1343     0.0085     1.0696     1.1220     25.606    30.3338    23.1317    1.00612    1.43785     43.917    6.35624    9.08370  0.000e+00
        713     25.957     37.647   3232.962   8887.083    11.0751   3.440169     1.0696     0.0061     0.1331     0.0085     1.0696     1.1013     25.739    30.3338    23.1316    1.00614    1.43787     43.918    6.35624    9.08370  0.000e+00
        714     26.001     37.712   3232.899   8887.269    11.0741   3.440331     1.0696     0.0073     0.1368     0.0085     1.0696     1.1633     25.783    30.3361    23.1336    1.00615    1.43789     43.919    6.35628    9.08375  0.000e+00
        715     26.136     37.907   3233.026   8887.828    11.0760   3.440818     1.0684     0.0061     0.1368     0.0085     1.0684     1.1633     25.916    30.3393    23.1357    1.00337    1.43391     43.797    6.35589    9.08321  0.000e+00
        716     26.315     38.166   3233.026   8888.574    11.0760   3.441466     1.0672     0.0073     0.1343     0.0085     1.0672     1.1220     26.094    30.3455    23.1406    1.00061    1.42997     43.677    6.35564    9.08285  0.000e+00
        717     26.404     38.296   3232.836   8888.574    11.0732   3.441466     1.0672     0.0073     0.1355     0.0085     1.0672     1.1426     26.183    30.3478    23.1428    1.00067    1.43005     43.679    6.35593    9.08326  0.000e+00
        718     26.494     38.426   3232.836   8888.947    11.0732   3.441790     1.0647     0.0061     0.1331     0.0085     1.0647     1.1013     26.272    30.3509    23.1453    0.99518    1.42220     43.439    6.35581    9.08309  0.000e+00
        719     26.583     38.556   3232.836   8889.319    11.0732   3.442115     1.0647     0.0073     0.1343     0.0085     1.0647     1.1220     26.360    30.3540    23.1477    0.99517    1.42219     43.439    6.35568    9.08291  0.000e+00
        720     26.718     38.751   3233.026   8889.132    11.0760   3.441952     1.0647     0.0061     0.1368     0.0085     1.0647     1.1633     26.493    30.3501    23.1442    0.99515    1.42217     43.438    6.35546    9.08259  0.000e+00
        721     26.807     38.880   3232.773   8889.319    11.0723   3.442114     1.0635     0.0073     0.1343     0.0085     1.0635     1.1220     26.582    30.3547    23.1484    0.99247    1.41834     43.321    6.35578    9.08305  0.000e+00
        722     26.897     39.010   3232.773   8888.945    11.0723   3.441789     1.0635     0.0073     0.1355     0.0085     1.0635     1.1426     26.671    30.3515    23.1459    0.99250    1.41838     43.322    6.35591    9.08323  0.000e+00
        723     26.986     39.140   3232.836   8889.131    11.0732   3.441951     1.0635     0.0073     0.1343     0.0085     1.0635     1.1220     26.760    30.3523    23.1463    0.99249    1.41837     43.322    6.35575    9.08301  0.000e+00
        724     27.120     39.335   3232.900   8889.317    11.0742   3.442113     1.0623     0.0073     0.1343     0.0085     1.0623     1.1220     26.893    30.3531    23.1468    0.98974    1.41444     43.202    6.35559    9.08278  0.000e+00
