unitTesting/processed_seabird_noalign/ORCA1_CAST0047.cnv
* Sea-Bird SBE 19 Data File:
* FileName =
* Software Version 4.234
* Temperature SN = 2835
* Conductivity SN = 2835
* System UpLoad Time = Sun Jan 30 18:11:03 2005

** Ship: ORCA
** Cruise: Mooring
** Station: Twanoh
** Latitude: 47 22.5
** Longitude: 123 0.5
# nquan = 22
# nvalues = 836                                   
# units = specified
# name 0 = scan: Scan Count
# name 1 = prSM: Pressure, Strain Gauge [db]
# name 2 = prSE: Pressure, Strain Gauge [psi]
# name 3 = f0: Frequency 0
# name 4 = f1: Frequency 1
# name 5 = t090C: Temperature [ITS-90, deg C]
# name 6 = c0S/m: Conductivity [S/m]
# name 7 = v0: Voltage 0
# name 8 = v1: Voltage 1
# name 9 = v2: Voltage 2
# name 10 = v3: Voltage 3
# name 11 = sbeox0V: Oxygen raw, SBE 43 [V]
# name 12 = wetStar: Fluorescence, WET Labs WETstar [mg/m^3]
# name 13 = depSM: Depth [salt water, m], lat = 47.28
# name 14 = sal00: Salinity, Practical [PSU]
# name 15 = sigma-t00: Density [sigma-t, Kg/m^3 ]
# name 16 = sbeox0ML/L: Oxygen, SBE 43 [ml/l]
# name 17 = sbeox0Mg/L: Oxygen, SBE 43 [mg/l]
# name 18 = sbeox0Mm/Kg: Oxygen, SBE 43 [umol/Kg]
# name 19 = oxsatML/L: Oxygen Saturation, Weiss [ml/l]
# name 20 = oxsatMg/L: Oxygen Saturation, Weiss [mg/l]
# name 21 = flag:  0.000e+00
# span 0 =          1,        836                 
# span 1 =      0.996,     29.627                 
# span 2 =      1.444,     42.970                 
# span 3 =   3100.838,   3228.676                 
# span 4 =   7326.305,   8893.259                 
# span 5 =     9.1307,    11.0129                 
# span 6 =   2.203705,   3.445544                 
# span 7 =     0.0000,     2.9219                 
# span 8 =     0.0000,     0.0073                 
# span 9 =     0.0000,     0.3358                 
# span 10 =     0.0000,     0.0098                
# span 11 =     0.0000,     2.9219                
# span 12 =    -1.1506,     4.5308                
# span 13 =      0.988,     29.378                
# span 14 =    19.6075,    30.4798                
# span 15 =    15.0783,    23.2649                
# span 16 =   -1.40156,    5.69480                
# span 17 =   -2.00297,    8.13844                
# span 18 =    -61.193,    250.541                
# span 19 =    6.36277,    7.10661                
# span 20 =    9.09303,   10.15606                
# span 21 = 0.0000e+00, 0.0000e+00                
# interval = seconds: 0.5
# start_time = Jan 31 2016 20:27:38 [DatCnv date, localtime]
# bad_flag = -9.990e-29
*END*
[from data line 461]
        462      5.557      8.060   3150.283   8514.757     9.8651   3.123308     2.5140     0.0073     0.2527     0.0085     2.5140     3.1259      5.510    28.1838    21.6566    4.40454    6.29452    192.537    6.61761    9.45722  0.000e+00
        463      5.646      8.189   3150.978   8536.737     9.8754   3.141633     2.4835     0.0073     0.2527     0.0085     2.4835     3.1259      5.599    28.3585    21.7911    4.32781    6.18487    189.158    6.60874    9.44455  0.000e+00
        464      5.780      8.384   3152.622   8540.814     9.8996   3.145037     2.4542     0.0073     0.2527     0.0085     2.4542     3.1259      5.732    28.3734    21.7989    4.25721    6.08397    186.071    6.60454    9.43854  0.000e+00
        465      5.915      8.578   3153.507   8545.278     9.9127   3.148766     2.4261     0.0073     0.2662     0.0085     2.4261     3.3532      5.865    28.4003    21.8178    4.19019    5.98820    183.138    6.60148    9.43418  0.000e+00
        466      6.049      8.773   3154.835   8549.933     9.9323   3.152657     2.4005     0.0073     0.2454     0.0098     2.4005     3.0020      5.998    28.4236    21.8330    4.12842    5.89993    180.436    6.59762    9.42866  0.000e+00
        467      6.272      9.097   3156.162   8551.290     9.9519   3.153791     2.3785     0.0061     0.2405     0.0085     2.3785     2.9193      6.220    28.4194    21.8266    4.07598    5.82498    178.145    6.59491    9.42479  0.000e+00
        468      6.407      9.292   3156.794   8552.258     9.9612   3.154601     2.3602     0.0073     0.2552     0.0098     2.3602     3.1672      6.353    28.4201    21.8257    4.03276    5.76322    176.256    6.59351    9.42279  0.000e+00
        469      6.496      9.422   3157.363   8560.398     9.9696   3.161412     2.3394     0.0061     0.2576     0.0085     2.3394     3.2086      6.442    28.4813    21.8721    3.98242    5.69127    174.048    6.58972    9.41737  0.000e+00
        470      6.630      9.616   3159.386   8567.368     9.9994   3.167249     2.3236     0.0073     0.2601     0.0098     2.3236     3.2499      6.575    28.5159    21.8943    3.94237    5.63404    172.294    6.58389    9.40904  0.000e+00
        471      6.764      9.811   3161.410   8574.526    10.0292   3.173248     2.3089     0.0061     0.2698     0.0085     2.3089     3.4152      6.708    28.5520    21.9178    3.90518    5.58089    170.665    6.57801    9.40064  0.000e+00
        472      6.854      9.940   3163.369   8574.525    10.0581   3.173247     2.2955     0.0073     0.2637     0.0098     2.2955     3.3119      6.797    28.5292    21.8955    3.87237    5.53400    169.234    6.57474    9.39596  0.000e+00
        473      6.988     10.135   3163.749   8576.844    10.0637   3.175192     2.2808     0.0073     0.2625     0.0085     2.2808     3.2912      6.930    28.5441    21.9062    3.83773    5.48451    167.719    6.57330    9.39390  0.000e+00
        474      7.122     10.330   3164.381   8592.491    10.0730   3.188328     2.2662     0.0073     0.2808     0.0085     2.2662     3.6011      7.063    28.6673    22.0007    3.80020    5.43087    166.064    6.56680    9.38462  0.000e+00
        475      7.256     10.524   3165.708   8606.568    10.0925   3.200167     2.2503     0.0061     0.2723     0.0085     2.2503     3.4565      7.196    28.7695    22.0772    3.75962    5.37288    164.278    6.55969    9.37446  0.000e+00
        476      7.390     10.719   3166.341   8605.796    10.1018   3.199517     2.2369     0.0073     0.2698     0.0098     2.2369     3.4152      7.329    28.7556    22.0649    3.72830    5.32811    162.911    6.55892    9.37335  0.000e+00
        477      7.480     10.849   3166.846   8608.685    10.1093   3.201949     2.2234     0.0061     0.2711     0.0085     2.2234     3.4358      7.417    28.7739    22.0779    3.69634    5.28244    161.513    6.55707    9.37071  0.000e+00
        478      7.614     11.043   3167.352   8623.505    10.1167   3.214437     2.2088     0.0073     0.2759     0.0085     2.2088     3.5185      7.550    28.8921    22.1688    3.65929    5.22949    159.879    6.55107    9.36214  0.000e+00
        479      7.748     11.238   3168.553   8618.502    10.1344   3.210218     2.1929     0.0073     0.2869     0.0085     2.1929     3.7044      7.684    28.8360    22.1223    3.62272    5.17722    158.289    6.55083    9.36179  0.000e+00
        480      7.838     11.368   3168.806   8620.810    10.1381   3.212164     2.1758     0.0073     0.2869     0.0085     2.1758     3.7044      7.772    28.8523    22.1345    3.58270    5.12004    156.539    6.54961    9.36005  0.000e+00
        481      7.972     11.562   3169.185   8634.840    10.1437   3.224003     2.1575     0.0073     0.2906     0.0085     2.1575     3.7664      7.905    28.9655    22.2217    3.53760    5.05558    154.555    6.54410    9.35217  0.000e+00
        482      8.106     11.757   3170.892   8634.647    10.1688   3.223840     2.1392     0.0073     0.2869     0.0085     2.1392     3.7044      8.038    28.9438    22.2008    3.49414    4.99347    152.659    6.54136    9.34825  0.000e+00
        483      8.195     11.886   3171.334   8634.262    10.1753   3.223514     2.1221     0.0073     0.2698     0.0085     2.1221     3.4152      8.127    28.9353    22.1932    3.45454    4.93689    150.930    6.54076    9.34740  0.000e+00
        484      8.330     12.081   3171.650   8646.353    10.1799   3.233732     2.1001     0.0073     0.2796     0.0085     2.1001     3.5804      8.260    29.0331    22.2686    3.40157    4.86118    148.605    6.53604    9.34065  0.000e+00
        485      8.419     12.211   3172.978   8651.463    10.1994   3.238054     2.0818     0.0073     0.3187     0.0085     2.0818     4.2415      8.349    29.0604    22.2867    3.35754    4.79825    146.679    6.53208    9.33499  0.000e+00
        486      8.598     12.470   3174.306   8656.573    10.2189   3.242379     2.0635     0.0073     0.2723     0.0085     2.0635     3.4565      8.526    29.0876    22.3048    3.31359    4.73545    144.756    6.52813    9.32934  0.000e+00
        487      8.687     12.600   3175.633   8661.683    10.2384   3.246706     2.0476     0.0073     0.2772     0.0085     2.0476     3.5391      8.615    29.1149    22.3229    3.27526    4.68068    143.079    6.52418    9.32370  0.000e+00
        488      8.777     12.730   3177.151   8655.937    10.2607   3.241840     2.0269     0.0073     0.2808     0.0085     2.0269     3.6011      8.704    29.0488    22.2678    3.22749    4.61241    141.000    6.52369    9.32301  0.000e+00
        489      8.866     12.859   3177.151   8667.234    10.2607   3.251411     2.0098     0.0073     0.2833     0.0085     2.0098     3.6424      8.792    29.1437    22.3417    3.18635    4.55362    139.193    6.51977    9.31740  0.000e+00
        490      9.045     13.119   3178.542   8671.443    10.2811   3.254979     1.9927     0.0073     0.2747     0.0085     1.9927     3.4978      8.970    29.1626    22.3531    3.14549    4.49521    137.406    6.51604    9.31207  0.000e+00
        491      9.224     13.378   3179.743   8676.796    10.2988   3.259521     1.9780     0.0073     0.2808     0.0098     1.9780     3.6011      9.147    29.1934    22.3743    3.11020    4.44479    135.862    6.51223    9.30662  0.000e+00
        492      9.314     13.508   3181.071   8684.057    10.3182   3.265685     1.9597     0.0073     0.2796     0.0085     1.9597     3.5804      9.236    29.2388    22.4065    3.06613    4.38180    133.932    6.50755    9.29994  0.000e+00
        493      9.448     13.703   3183.157   8699.131    10.3488   3.278499     1.9438     0.0073     0.2906     0.0085     1.9438     3.7664      9.369    29.3411    22.4811    3.02593    4.32436    132.167    6.49893    9.28763  0.000e+00
        494      9.582     13.897   3187.077   8719.126    10.4063   3.295532     1.9292     0.0073     0.2979     0.0085     1.9292     3.8903      9.502    29.4634    22.5669    2.98659    4.26814    130.438    6.48567    9.26867  0.000e+00
        495      9.627     13.962   3191.312   8726.731    10.4683   3.302020     1.9145     0.0073     0.2857     0.0085     1.9145     3.6837      9.546    29.4774    22.5677    2.94910    4.21457    128.800    6.47623    9.25518  0.000e+00
        496      9.761     14.157   3194.410   8734.329    10.5136   3.308509     1.8987     0.0073     0.2698     0.0098     1.8987     3.4152      9.679    29.5048    22.5815    2.90973    4.15829    127.079    6.46864    9.24434  0.000e+00
        497      9.895     14.351   3195.864   8740.593    10.5349   3.313862     1.8840     0.0073     0.2833     0.0085     1.8840     3.6424      9.812    29.5404    22.6057    2.87449    4.10793    125.537    6.46416    9.23793  0.000e+00
        498      9.984     14.481   3196.749   8744.008    10.5478   3.316782     1.8681     0.0073     0.2857     0.0085     1.8681     3.6837      9.901    29.5587    22.6179    2.83730    4.05478    123.911    6.46157    9.23423  0.000e+00
        499     10.074     14.611   3197.508   8748.180    10.5589   3.320351     1.8535     0.0073     0.2698     0.0085     1.8535     3.4152      9.990    29.5849    22.6364    2.80288    4.00559    122.406    6.45892    9.23044  0.000e+00
        500     10.208     14.806   3198.582   8749.696    10.5746   3.321649     1.8376     0.0073     0.2625     0.0085     1.8376     3.2912     10.123    29.5849    22.6338    2.76592    3.95278    120.792    6.45669    9.22725  0.000e+00
        501     10.298     14.935   3199.278   8753.297    10.5848   3.324731     1.8242     0.0073     0.2637     0.0085     1.8242     3.3119     10.212    29.6070    22.6494    2.73445    3.90780    119.416    6.45434    9.22390  0.000e+00
        502     10.387     15.065   3200.795   8765.982    10.6069   3.335600     1.8083     0.0073     0.2466     0.0085     1.8083     3.0226     10.300    29.6962    22.7151    2.69564    3.85234    117.713    6.44756    9.21421  0.000e+00
        503     10.476     15.195   3203.829   8775.437    10.6512   3.343712     1.7888     0.0073     0.2369     0.0085     1.7888     2.8574     10.389    29.7401    22.7419    2.64815    3.78447    115.637    6.43950    9.20269  0.000e+00
        504     10.611     15.389   3206.611   8782.993    10.6918   3.350201     1.7668     0.0073     0.2381     0.0085     1.7668     2.8780     10.522    29.7710    22.7591    2.59566    3.70946    113.343    6.43251    9.19270  0.000e+00
        505     10.700     15.519   3209.203   8790.354    10.7296   3.356528     1.7448     0.0073     0.2503     0.0085     1.7448     3.0846     10.611    29.8024    22.7772    2.54340    3.63478    111.059    6.42590    9.18326  0.000e+00
        506     10.834     15.714   3211.605   8798.652    10.7646   3.363666     1.7192     0.0073     0.2283     0.0098     1.7192     2.7127     10.744    29.8441    22.8037    2.48295    3.54839    108.416    6.41929    9.17380  0.000e+00
        507     10.924     15.843   3214.323   8812.213    10.8042   3.375347     1.6923     0.0073     0.2283     0.0085     1.6923     2.7127     10.832    29.9265    22.8612    2.41900    3.45699    105.618    6.41038    9.16108  0.000e+00
        508     11.013     15.973   3216.852   8815.976    10.8410   3.378591     1.6691     0.0073     0.2186     0.0098     1.6691     2.5475     10.921    29.9283    22.8564    2.36481    3.37954    103.252    6.40515    9.15360  0.000e+00
        509     11.103     16.103   3217.926   8816.917    10.8567   3.379402     1.6447     0.0061     0.2051     0.0085     1.6447     2.3202     11.010    29.9235    22.8500    2.30904    3.29985    100.818    6.40315    9.15075  0.000e+00
        510     11.192     16.233   3218.495   8819.362    10.8649   3.381512     1.6203     0.0073     0.2088     0.0085     1.6203     2.3822     11.099    29.9374    22.8594    2.25338    3.22030     98.387    6.40143    9.14829  0.000e+00
        511     11.192     16.233   3218.875   8822.370    10.8705   3.384108     1.5971     0.0073     0.2063     0.0085     1.5971     2.3409     11.099    29.9584    22.8747    2.20050    3.14473     96.077    6.39981    9.14597  0.000e+00
        512     11.416     16.557   3219.507   8827.257    10.8797   3.388326     1.5739     0.0073     0.2076     0.0085     1.5739     2.3615     11.320    29.9921    22.8995    2.14737    3.06881     93.755    6.39716    9.14218  0.000e+00
        513     11.595     16.817   3220.708   8831.953    10.8971   3.392382     1.5482     0.0073     0.2039     0.0085     1.5482     2.2995     11.498    30.0176    22.9163    2.08853    2.98472     91.184    6.39369    9.13723  0.000e+00
        514     11.639     16.881   3222.162   8842.837    10.9183   3.401792     1.5250     0.0073     0.1954     0.0085     1.5250     2.1549     11.542    30.0925    22.9710    2.03442    2.90738     88.817    6.38772    9.12869  0.000e+00
        515     11.774     17.076   3223.237   8842.275    10.9339   3.401306     1.4994     0.0073     0.2027     0.0085     1.4994     2.2789     11.675    30.0749    22.9546    1.97631    2.82434     86.281    6.38625    9.12659  0.000e+00
        516     11.908     17.271   3223.616   8844.900    10.9394   3.403577     1.4713     0.0073     0.1978     0.0085     1.4713     2.1963     11.808    30.0926    22.9674    1.91269    2.73343     83.503    6.38477    9.12448  0.000e+00
        517     12.042     17.465   3223.742   8846.400    10.9412   3.404875     1.4432     0.0073     0.1966     0.0085     1.4432     2.1756     11.941    30.1038    22.9758    1.84932    2.64286     80.736    6.38406    9.12347  0.000e+00
        518     12.176     17.660   3224.122   8847.713    10.9467   3.406011     1.4188     0.0073     0.1954     0.0085     1.4188     2.1549     12.074    30.1103    22.9799    1.79412    2.56397     78.325    6.38303    9.12199  0.000e+00
        519     12.310     17.855   3224.311   8848.650    10.9495   3.406823     1.3919     0.0073     0.1966     0.0085     1.3919     2.1756     12.207    30.1160    22.9839    1.73354    2.47741     75.681    6.38242    9.12112  0.000e+00
        520     12.400     17.984   3224.438   8848.088    10.9513   3.406336     1.3675     0.0073     0.1954     0.0085     1.3675     2.1549     12.296    30.1097    22.9786    1.67862    2.39892     73.283    6.38242    9.12112  0.000e+00
        521     12.489     18.114   3224.564   8849.775    10.9532   3.407796     1.3443     0.0073     0.1868     0.0085     1.3443     2.0103     12.385    30.1224    22.9882    1.62625    2.32407     70.996    6.38165    9.12002  0.000e+00
        522     12.579     18.244   3224.944   8854.271    10.9587   3.411690     1.3199     0.0073     0.1819     0.0085     1.3199     1.9277     12.474    30.1560    23.0134    1.57081    2.24485     68.574    6.37953    9.11699  0.000e+00
        523     12.668     18.374   3225.955   8855.395    10.9734   3.412664     1.3004     0.0073     0.1734     0.0085     1.3004     1.7831     12.562    30.1535    23.0089    1.52646    2.18146     66.638    6.37759    9.11421  0.000e+00
        524     12.758     18.503   3226.398   8855.583    10.9798   3.412826     1.2796     0.0061     0.1770     0.0085     1.2796     1.8450     12.651    30.1498    23.0049    1.47965    2.11456     64.595    6.37684    9.11315  0.000e+00
        525     12.892     18.698   3226.398   8855.021    10.9798   3.412340     1.2613     0.0073     0.1709     0.0085     1.2613     1.7417     12.784    30.1449    23.0012    1.43854    2.05581     62.801    6.37704    9.11342  0.000e+00
        526     12.981     18.828   3226.398   8855.396    10.9798   3.412664     1.2430     0.0073     0.1685     0.0085     1.2430     1.7004     12.873    30.1481    23.0036    1.39735    1.99695     61.002    6.37691    9.11324  0.000e+00
