unitTesting/processed_seabird_noalign/ORCA1_CAST0040.cnv
* Sea-Bird SBE 19 Data File:
* FileName =
* Software Version 4.234
* Temperature SN = 2835
* Conductivity SN = 2835
* System UpLoad Time = Sat Jan 29 00:08:08 2005

** Ship: ORCA
** Cruise: Mooring
** Station: Twanoh
** Latitude: 47 22.5
** Longitude: 123 0.5
# nquan = 22
# nvalues = 933                                   
# units = specified
# name 0 = scan: Scan Count
# name 1 = prSM: Pressure, Strain Gauge [db]
# name 2 = prSE: Pressure, Strain Gauge [psi]
# name 3 = f0: Frequency 0
# name 4 = f1: Frequency 1
# name 5 = t090C: Temperature [ITS-90, deg C]
# name 6 = c0S/m: Conductivity [S/m]
# name 7 = v0: Voltage 0
# name 8 = v1: Voltage 1
# name 9 = v2: Voltage 2
# name 10 = v3: Voltage 3
# name 11 = sbeox0V: Oxygen raw, SBE 43 [V]
# name 12 = wetStar: Fluorescence, WET Labs WETstar [mg/m^3]
# name 13 = depSM: Depth [salt water, m], lat = 47.28
# name 14 = sal00: Salinity, Practical [PSU]
# name 15 = sigma-t00: Density [sigma-t, Kg/m^3 ]
# name 16 = sbeox0ML/L: Oxygen, SBE 43 [ml/l]
# name 17 = sbeox0Mg/L: Oxygen, SBE 43 [mg/l]
# name 18 = sbeox0Mm/Kg: Oxygen, SBE 43 [umol/Kg]
# name 19 = oxsatML/L: Oxygen Saturation, Weiss [ml/l]
# name 20 = oxsatMg/L: Oxygen Saturation, Weiss [mg/l]
# name 21 = flag:  0.000e+00
# span 0 =          1,        933                 
# span 1 =      0.951,     29.582                 
# span 2 =      1.380,     42.905                 
# span 3 =   3085.024,   3233.512                 
# span 4 =   7271.091,   8901.081                 
# span 5 =     8.8941,    11.0830                 
# span 6 =   2.164380,   3.452352                 
# span 7 =     0.0000,     2.7863                 
# span 8 =     0.0000,     0.0073                 
# span 9 =     0.0000,     0.3199                 
# span 10 =     0.0000,     0.0098                
# span 11 =     0.0000,     2.7863                
# span 12 =    -1.1506,     4.2622                
# span 13 =      0.943,     29.334                
# span 14 =    19.3519,    30.4666                
# span 15 =    14.9082,    23.2380                
# span 16 =   -1.39674,    5.41874                
# span 17 =   -1.99608,    7.74392                
# span 18 =    -60.979,    238.436                
# span 19 =    6.35344,    7.15679                
# span 20 =    9.07971,   10.22777                
# span 21 = 0.0000e+00, 0.0000e+00                
# interval = seconds: 0.5
# start_time = Jan 31 2016 20:27:32 [DatCnv date, localtime]
# bad_flag = -9.990e-29
*END*
[from data line 791]
        792     29.582     42.905   3231.767   8894.175    11.0577   3.446340     1.0745     0.0061     0.1355     0.0073     1.0745     1.1426     29.334    30.4070    23.1915    1.01749    1.45410     44.411    6.35571    9.08294  0.000e+00
        793     29.582     42.905   3231.830   8894.175    11.0586   3.446340     1.0745     0.0073     0.1368     0.0085     1.0745     1.1633     29.334    30.4062    23.1908    1.01748    1.45408     44.411    6.35561    9.08280  0.000e+00
        794     29.582     42.905   3231.830   8894.176    11.0586   3.446340     1.0733     0.0073     0.1355     0.0085     1.0733     1.1426     29.334    30.4062    23.1908    1.01474    1.45016     44.291    6.35561    9.08280  0.000e+00
        795     29.582     42.905   3231.767   8894.362    11.0577   3.446503     1.0733     0.0073     0.1368     0.0085     1.0733     1.1633     29.334    30.4086    23.1928    1.01474    1.45017     44.291    6.35564    9.08285  0.000e+00
        796     29.582     42.905   3231.704   8894.363    11.0568   3.446503     1.0733     0.0073     0.1368     0.0085     1.0733     1.1633     29.334    30.4094    23.1935    1.01475    1.45019     44.292    6.35574    9.08299  0.000e+00
        797     29.582     42.905   3231.704   8894.363    11.0568   3.446504     1.0733     0.0073     0.1355     0.0085     1.0733     1.1426     29.334    30.4094    23.1935    1.01475    1.45019     44.292    6.35574    9.08299  0.000e+00
        798     29.582     42.905   3231.704   8894.177    11.0568   3.446342     1.0733     0.0073     0.1368     0.0085     1.0733     1.1633     29.334    30.4078    23.1923    1.01476    1.45020     44.292    6.35580    9.08308  0.000e+00
        799     29.582     42.905   3231.704   8894.178    11.0568   3.446342     1.0733     0.0073     0.1368     0.0085     1.0733     1.1633     29.334    30.4078    23.1923    1.01476    1.45020     44.292    6.35580    9.08308  0.000e+00
        800     29.582     42.905   3231.767   8894.178    11.0577   3.446342     1.0720     0.0073     0.1368     0.0085     1.0720     1.1633     29.334    30.4070    23.1915    1.01201    1.44626     44.172    6.35571    9.08294  0.000e+00
        801     29.582     42.905   3231.768   8894.178    11.0577   3.446343     1.0720     0.0073     0.1368     0.0085     1.0720     1.1633     29.334    30.4070    23.1915    1.01201    1.44626     44.172    6.35571    9.08294  0.000e+00
        802     29.582     42.905   3231.768   8894.365    11.0577   3.446505     1.0720     0.0073     0.1355     0.0085     1.0720     1.1426     29.334    30.4086    23.1928    1.01200    1.44625     44.171    6.35564    9.08285  0.000e+00
        803     29.582     42.905   3231.705   8894.179    11.0568   3.446343     1.0720     0.0073     0.1355     0.0085     1.0720     1.1426     29.334    30.4078    23.1923    1.01202    1.44628     44.172    6.35580    9.08308  0.000e+00
        804     29.582     42.905   3231.705   8894.366    11.0568   3.446506     1.0720     0.0073     0.1380     0.0085     1.0720     1.1839     29.334    30.4094    23.1935    1.01201    1.44627     44.172    6.35574    9.08298  0.000e+00
        805     29.582     42.905   3231.705   8894.366    11.0568   3.446506     1.0720     0.0061     0.1355     0.0085     1.0720     1.1426     29.334    30.4094    23.1935    1.01201    1.44627     44.172    6.35574    9.08298  0.000e+00
        806     29.582     42.905   3231.642   8894.367    11.0559   3.446507     1.0720     0.0073     0.1368     0.0098     1.0720     1.1633     29.334    30.4101    23.1943    1.01203    1.44629     44.173    6.35583    9.08312  0.000e+00
        807     29.582     42.905   3231.705   8894.367    11.0568   3.446507     1.0720     0.0061     0.1380     0.0085     1.0720     1.1839     29.334    30.4094    23.1935    1.01201    1.44627     44.172    6.35574    9.08298  0.000e+00
        808     29.582     42.905   3231.705   8894.368    11.0568   3.446507     1.0733     0.0073     0.1368     0.0085     1.0733     1.1633     29.334    30.4094    23.1935    1.01475    1.45019     44.292    6.35574    9.08298  0.000e+00
        809     29.582     42.905   3231.705   8894.181    11.0568   3.446346     1.0745     0.0073     0.1368     0.0085     1.0745     1.1633     29.334    30.4078    23.1923    1.01751    1.45412     44.412    6.35580    9.08307  0.000e+00
        810     29.582     42.905   3231.705   8894.368    11.0568   3.446508     1.0745     0.0073     0.1368     0.0085     1.0745     1.1633     29.334    30.4094    23.1935    1.01750    1.45410     44.411    6.35574    9.08298  0.000e+00
        811     29.582     42.905   3231.642   8894.182    11.0559   3.446346     1.0745     0.0073     0.1368     0.0098     1.0745     1.1633     29.334    30.4086    23.1930    1.01752    1.45414     44.412    6.35590    9.08321  0.000e+00
        812     29.582     42.905   3231.579   8894.369    11.0550   3.446509     1.0745     0.0073     0.1368     0.0085     1.0745     1.1633     29.334    30.4109    23.1950    1.01753    1.45415     44.412    6.35593    9.08326  0.000e+00
        813     29.582     42.905   3231.705   8894.369    11.0568   3.446509     1.0745     0.0073     0.1380     0.0085     1.0745     1.1839     29.334    30.4094    23.1935    1.01750    1.45410     44.411    6.35573    9.08298  0.000e+00
        814     29.582     42.905   3231.706   8894.370    11.0568   3.446509     1.0745     0.0073     0.1380     0.0085     1.0745     1.1839     29.334    30.4094    23.1935    1.01750    1.45410     44.411    6.35573    9.08298  0.000e+00
        815     29.582     42.905   3231.706   8894.370    11.0568   3.446510     1.0745     0.0073     0.1368     0.0085     1.0745     1.1633     29.334    30.4094    23.1935    1.01750    1.45410     44.411    6.35573    9.08298  0.000e+00
        816     29.582     42.905   3231.643   8894.371    11.0559   3.446510     1.0757     0.0073     0.1355     0.0085     1.0757     1.1426     29.334    30.4102    23.1943    1.02025    1.45804     44.532    6.35583    9.08312  0.000e+00
        817     29.582     42.905   3231.706   8901.081    11.0568   3.452352     1.0757     0.0073     0.1380     0.0085     1.0757     1.1839     29.334    30.4666    23.2380    1.01987    1.45750     44.513    6.35344    9.07971  0.000e+00
        818     29.493     42.775   3231.453   8893.812    11.0532   3.446024     1.0757     0.0061     0.1355     0.0085     1.0757     1.1426     29.245    30.4077    23.1929    1.02031    1.45813     44.534    6.35631    9.08380  0.000e+00
        819     29.448     42.710   3231.706   8894.185    11.0568   3.446349     1.0757     0.0073     0.1368     0.0085     1.0757     1.1633     29.200    30.4079    23.1924    1.02023    1.45801     44.531    6.35579    9.08307  0.000e+00
        820     29.358     42.581   3231.643   8894.372    11.0559   3.446511     1.0769     0.0061     0.1355     0.0085     1.0769     1.1426     29.112    30.4103    23.1944    1.02296    1.46192     44.650    6.35583    9.08311  0.000e+00
        821     29.313     42.516   3231.643   8894.373    11.0559   3.446512     1.0781     0.0073     0.1355     0.0085     1.0781     1.1426     29.067    30.4103    23.1944    1.02570    1.46583     44.769    6.35582    9.08311  0.000e+00
        822     29.224     42.386   3231.706   8894.187    11.0568   3.446350     1.0781     0.0073     0.1355     0.0085     1.0781     1.1426     28.979    30.4080    23.1924    1.02568    1.46581     44.769    6.35579    9.08306  0.000e+00
        823     29.134     42.256   3231.706   8894.187    11.0568   3.446350     1.0781     0.0061     0.1368     0.0085     1.0781     1.1633     28.890    30.4080    23.1925    1.02567    1.46579     44.768    6.35579    9.08306  0.000e+00
        824     28.955     41.996   3231.580   8894.187    11.0550   3.446350     1.0781     0.0073     0.1368     0.0085     1.0781     1.1633     28.712    30.4096    23.1940    1.02567    1.46579     44.768    6.35598    9.08333  0.000e+00
        825     28.866     41.866   3231.643   8894.188    11.0559   3.446351     1.0781     0.0073     0.1368     0.0085     1.0781     1.1633     28.624    30.4089    23.1933    1.02565    1.46575     44.767    6.35588    9.08319  0.000e+00
        826     28.821     41.802   3231.707   8894.002    11.0569   3.446189     1.0769     0.0073     0.1380     0.0085     1.0769     1.1839     28.579    30.4065    23.1913    1.02290    1.46182     44.647    6.35585    9.08314  0.000e+00
        827     28.687     41.607   3231.707   8894.188    11.0569   3.446351     1.0769     0.0073     0.1368     0.0085     1.0769     1.1633     28.446    30.4082    23.1926    1.02287    1.46178     44.646    6.35578    9.08305  0.000e+00
        828     28.642     41.542   3231.580   8894.189    11.0550   3.446352     1.0781     0.0073     0.1368     0.0085     1.0781     1.1633     28.402    30.4097    23.1941    1.02563    1.46573     44.766    6.35597    9.08332  0.000e+00
        829     28.553     41.412   3231.581   8894.189    11.0550   3.446352     1.0781     0.0073     0.1368     0.0085     1.0781     1.1633     28.313    30.4098    23.1941    1.02562    1.46571     44.766    6.35597    9.08332  0.000e+00
        830     28.418     41.217   3231.644   8894.003    11.0559   3.446190     1.0769     0.0061     0.1368     0.0085     1.0769     1.1633     28.180    30.4075    23.1922    1.02285    1.46176     44.645    6.35594    9.08327  0.000e+00
        831     28.329     41.087   3231.707   8894.004    11.0569   3.446190     1.0769     0.0061     0.1343     0.0085     1.0769     1.1220     28.091    30.4068    23.1915    1.02283    1.46172     44.644    6.35584    9.08313  0.000e+00
        832     28.284     41.023   3231.707   8894.004    11.0569   3.446191     1.0781     0.0073     0.1404     0.0085     1.0781     1.2253     28.047    30.4068    23.1915    1.02556    1.46563     44.763    6.35584    9.08313  0.000e+00
        833     28.195     40.893   3231.707   8894.004    11.0569   3.446191     1.0781     0.0061     0.1368     0.0085     1.0781     1.1633     27.958    30.4068    23.1915    1.02555    1.46561     44.763    6.35583    9.08312  0.000e+00
        834     28.105     40.763   3231.707   8893.818    11.0569   3.446029     1.0781     0.0073     0.1368     0.0085     1.0781     1.1633     27.869    30.4053    23.1903    1.02555    1.46561     44.763    6.35590    9.08321  0.000e+00
        835     28.015     40.633   3231.707   8894.005    11.0569   3.446192     1.0781     0.0073     0.1368     0.0085     1.0781     1.1633     27.780    30.4069    23.1916    1.02552    1.46558     44.762    6.35583    9.08312  0.000e+00
        836     27.971     40.568   3231.644   8893.819    11.0560   3.446030     1.0769     0.0061     0.1355     0.0085     1.0769     1.1426     27.736    30.4061    23.1911    1.02280    1.46168     44.643    6.35599    9.08335  0.000e+00
        837     27.881     40.438   3231.644   8893.819    11.0560   3.446030     1.0781     0.0073     0.1368     0.0085     1.0781     1.1633     27.647    30.4061    23.1911    1.02553    1.46558     44.762    6.35599    9.08334  0.000e+00
        838     27.792     40.308   3231.708   8893.820    11.0569   3.446030     1.0769     0.0073     0.1368     0.0085     1.0769     1.1633     27.558    30.4054    23.1904    1.02276    1.46163     44.641    6.35589    9.08320  0.000e+00
        839     27.702     40.179   3231.645   8894.007    11.0560   3.446193     1.0769     0.0073     0.1355     0.0085     1.0769     1.1426     27.470    30.4078    23.1924    1.02275    1.46161     44.641    6.35592    9.08325  0.000e+00
        840     27.613     40.049   3231.708   8893.821    11.0569   3.446031     1.0781     0.0073     0.1355     0.0085     1.0781     1.1426     27.381    30.4055    23.1905    1.02548    1.46551     44.760    6.35589    9.08320  0.000e+00
        841     27.523     39.919   3231.645   8893.634    11.0560   3.445869     1.0769     0.0073     0.1368     0.0085     1.0769     1.1633     27.292    30.4047    23.1900    1.02275    1.46161     44.641    6.35605    9.08342  0.000e+00
        842     27.434     39.789   3231.582   8893.821    11.0550   3.446032     1.0769     0.0073     0.1355     0.0085     1.0769     1.1426     27.203    30.4071    23.1920    1.02274    1.46159     44.640    6.35608    9.08347  0.000e+00
        843     27.344     39.659   3231.708   8893.635    11.0569   3.445870     1.0781     0.0073     0.1368     0.0085     1.0781     1.1633     27.115    30.4040    23.1893    1.02545    1.46547     44.759    6.35595    9.08328  0.000e+00
        844     27.255     39.529   3231.708   8893.636    11.0569   3.445870     1.0769     0.0061     0.1368     0.0085     1.0769     1.1633     27.026    30.4040    23.1894    1.02269    1.46153     44.638    6.35594    9.08328  0.000e+00
        845     27.165     39.400   3231.708   8893.636    11.0569   3.445870     1.0781     0.0073     0.1368     0.0098     1.0781     1.1633     26.937    30.4041    23.1894    1.02542    1.46543     44.757    6.35594    9.08328  0.000e+00
        846     27.120     39.335   3231.708   8893.636    11.0569   3.445870     1.0769     0.0061     0.1368     0.0073     1.0769     1.1633     26.893    30.4041    23.1894    1.02268    1.46151     44.638    6.35594    9.08328  0.000e+00
        847     27.031     39.205   3231.708   8893.636    11.0569   3.445870     1.0794     0.0073     0.1368     0.0085     1.0794     1.1633     26.804    30.4041    23.1894    1.02815    1.46932     44.876    6.35594    9.08327  0.000e+00
        848     26.897     39.010   3231.582   8893.823    11.0550   3.446032     1.0806     0.0073     0.1392     0.0085     1.0806     1.2046     26.671    30.4073    23.1922    1.03089    1.47324     44.996    6.35607    9.08346  0.000e+00
        849     26.807     38.880   3231.582   8893.636    11.0550   3.445870     1.0794     0.0073     0.1355     0.0085     1.0794     1.1426     26.582    30.4057    23.1910    1.02814    1.46932     44.876    6.35613    9.08354  0.000e+00
        850     26.762     38.815   3231.708   8893.636    11.0569   3.445870     1.0794     0.0073     0.1368     0.0098     1.0794     1.1633     26.538    30.4042    23.1895    1.02811    1.46927     44.875    6.35594    9.08327  0.000e+00
        851     26.718     38.751   3231.645   8893.823    11.0560   3.446032     1.0806     0.0073     0.1368     0.0085     1.0806     1.1633     26.493    30.4066    23.1915    1.03085    1.47318     44.994    6.35597    9.08331  0.000e+00
        852     26.583     38.556   3231.645   8893.636    11.0560   3.445870     1.0806     0.0073     0.1355     0.0085     1.0806     1.1426     26.360    30.4051    23.1903    1.03084    1.47317     44.994    6.35603    9.08340  0.000e+00
        853     26.539     38.491   3231.708   8893.636    11.0569   3.445870     1.0818     0.0073     0.1355     0.0085     1.0818     1.1426     26.316    30.4043    23.1896    1.03356    1.47706     45.113    6.35593    9.08326  0.000e+00
        854     26.449     38.361   3231.582   8893.636    11.0550   3.445870     1.0818     0.0073     0.1368     0.0085     1.0818     1.1633     26.227    30.4059    23.1911    1.03358    1.47708     45.113    6.35612    9.08354  0.000e+00
        855     26.360     38.231   3231.582   8893.450    11.0550   3.445708     1.0818     0.0061     0.1355     0.0085     1.0818     1.1426     26.138    30.4043    23.1899    1.03357    1.47708     45.113    6.35619    9.08363  0.000e+00
